Model	Replicate	log-likelihood	AIC	chi-squared	theta	optimized_params(nu1, nu2, m, T1, T2)
sec_contact_sym_mig	Round_1_Replicate_1	-4335.19	8680.38	7013.16	4022.89	0.183,0.1825,0.3248,3.0208,1.5524
sec_contact_sym_mig	Round_1_Replicate_2	-34997.2	70004.4	288596.75	2651.42	0.1684,2.2483,0.5898,0.2296,4.9311
sec_contact_sym_mig	Round_1_Replicate_3	-85388.31	170786.62	131995906.54	3242.03	0.7945,0.2607,3.1978,2.0047,1.3832
sec_contact_sym_mig	Round_1_Replicate_4	-73489.52	146989.04	23417459.51	2705.07	0.1947,2.1551,3.228,3.3364,1.0627
sec_contact_sym_mig	Round_1_Replicate_5	-38379.02	76768.04	716060.56	1912.26	0.4797,0.7133,0.9438,4.9703,0.7597
sec_contact_sym_mig	Round_1_Replicate_6	-45034.71	90079.42	1278368.0	2478.61	0.3559,1.7313,0.8261,1.4135,2.2213
sec_contact_sym_mig	Round_1_Replicate_7	-6599.16	13208.32	14238.31	4146.37	0.3603,0.3526,0.1822,0.251,1.21
sec_contact_sym_mig	Round_1_Replicate_8	-19555.81	39121.62	117741.64	1616.1	1.5653,0.1302,0.356,3.8238,0.4169
sec_contact_sym_mig	Round_1_Replicate_9	-60084.34	120178.68	7477058.49	4101.41	0.3076,0.7497,2.0523,0.2856,6.4558
sec_contact_sym_mig	Round_1_Replicate_10	-90389.06	180788.12	202665010.9	892.87	2.9883,2.3969,0.6595,1.1343,3.8157
sec_contact_sym_mig	Round_2_Replicate_1	-9648.32	19306.64	19543.15	7331.83	0.1109,0.2124,0.6883,1.9647,2.0834
sec_contact_sym_mig	Round_2_Replicate_2	-6650.32	13310.64	16852.34	3250.98	0.0987,0.3699,0.1336,2.1781,4.6159
sec_contact_sym_mig	Round_2_Replicate_3	-6861.35	13732.7	12485.09	1974.3	0.3985,0.2914,0.2939,5.4794,0.5489
sec_contact_sym_mig	Round_2_Replicate_4	-1891.13	3792.26	2870.02	11098.29	0.0775,0.0408,0.537,0.8831,3.4492
sec_contact_sym_mig	Round_2_Replicate_5	-3999.57	8009.14	7457.86	2822.1	0.1586,0.0784,0.4103,5.5753,0.6794
sec_contact_sym_mig	Round_2_Replicate_6	-1322.21	2654.42	2539.73	2308.11	0.4069,0.076,0.069,4.1238,1.1638
sec_contact_sym_mig	Round_2_Replicate_7	-2481.72	4973.44	3807.99	4101.54	0.204,0.1563,0.2085,1.9323,2.4579
sec_contact_sym_mig	Round_2_Replicate_8	-13796.22	27602.44	37177.46	4168.73	0.2259,0.5394,0.4065,0.8598,0.9713
sec_contact_sym_mig	Round_2_Replicate_9	-1867.38	3744.76	2654.66	1839.77	0.5591,0.1516,0.1025,5.6096,0.6785
sec_contact_sym_mig	Round_2_Replicate_10	-6224.8	12459.6	22763.46	2861.32	0.0758,0.0866,0.1744,12.2167,4.5463
sec_contact_sym_mig	Round_3_Replicate_1	-1767.88	3545.76	2584.88	3464.23	0.2623,0.0864,0.18,2.9137,2.4487
sec_contact_sym_mig	Round_3_Replicate_2	-684.67	1379.34	1236.67	2318.96	0.5329,0.1779,0.0316,3.0409,1.3035
sec_contact_sym_mig	Round_3_Replicate_3	-821.7	1653.4	1565.79	2102.93	0.597,0.1098,0.0389,1.7541,3.9875
sec_contact_sym_mig	Round_3_Replicate_4	-1394.43	2798.86	2231.35	3294.68	0.281,0.1893,0.0817,2.4011,0.5392
sec_contact_sym_mig	Round_3_Replicate_5	-1265.15	2540.3	2433.13	1944.47	1.0231,0.1564,0.0293,3.6438,0.3252
sec_contact_sym_mig	Round_4_Replicate_1	-941.2	1892.4	2410.13	2843.2	0.436,0.0625,0.0478,2.8025,0.648
sec_contact_sym_mig	Round_4_Replicate_2	-651.22	1312.44	1210.67	2191.59	0.6563,0.1901,0.0251,2.6899,1.6378
sec_contact_sym_mig	Round_4_Replicate_3	-697.49	1404.98	1816.79	1463.72	0.9573,0.1752,0.018,6.0691,0.9995
sec_contact_sym_mig	Round_4_Replicate_4	-881.45	1772.9	1356.62	1827.19	0.6737,0.1423,0.044,4.7319,1.2819
sec_contact_sym_mig	Round_4_Replicate_5	-637.35	1284.7	1299.04	1460.42	0.9604,0.2609,0.0164,4.5275,2.6219
Model	Replicate	log-likelihood	AIC	chi-squared	theta	optimized_params(nu1, nu2, m, T1, T2)
sec_contact_sym_mig	Round_1_Replicate_1	-17578.83	35167.66	43171.52	1565.72	0.1385,3.4064,0.1434,4.2754,0.3941
sec_contact_sym_mig	Round_1_Replicate_2	-64211.85	128433.7	16347849.88	2968.3	1.0064,0.2349,1.5724,0.7556,1.0695
sec_contact_sym_mig	Round_1_Replicate_3	-102724.17	205458.34	653220179.82	1863.99	3.4056,2.1579,0.5826,0.1876,0.2234
sec_contact_sym_mig	Round_1_Replicate_4	-25229.29	50468.58	232805.81	888.08	2.7021,1.4989,0.2333,6.1049,0.4872
sec_contact_sym_mig	Round_1_Replicate_5	-131070.56	262151.12	10514119521.43	1616.33	0.6106,4.0491,5.0511,6.2393,6.1545
sec_contact_sym_mig	Round_1_Replicate_6	-52063.29	104136.58	3002118.19	810.72	1.3567,4.6975,0.3618,6.8443,1.8915
sec_contact_sym_mig	Round_1_Replicate_7	-97113.83	194237.66	316129894.43	2246.17	0.4824,0.6003,4.6106,3.5646,0.2493
sec_contact_sym_mig	Round_1_Replicate_8	-22017.64	44045.28	155778.89	3215.55	0.6639,0.5462,0.3049,0.2382,0.7656
sec_contact_sym_mig	Round_1_Replicate_9	-5588.25	11186.5	8735.42	5434.52	0.1621,0.3596,0.1874,0.6399,0.2941
sec_contact_sym_mig	Round_1_Replicate_10	-173346.95	346703.9	673744317108.51	1007.37	5.7037,3.5167,4.0503,0.8311,0.4199
sec_contact_sym_mig	Round_2_Replicate_1	-2051.67	4113.34	3975.89	8192.15	0.0939,0.0959,0.1946,0.4899,0.0873
sec_contact_sym_mig	Round_2_Replicate_2	-15079.95	30169.9	57384.88	3345.17	0.5141,0.7884,0.2086,0.7487,0.1288
sec_contact_sym_mig	Round_2_Replicate_3	-12254.24	24518.48	37026.81	5434.14	0.2468,0.3067,0.4021,0.2887,0.1617
sec_contact_sym_mig	Round_2_Replicate_4	-5984.15	11978.3	17880.54	5387.74	0.0701,0.2283,0.0509,1.3569,0.1624
sec_contact_sym_mig	Round_2_Replicate_5	-3604.54	7219.08	7067.87	4161.92	0.1463,0.3099,0.0752,1.6498,0.4448
sec_contact_sym_mig	Round_2_Replicate_6	-12782.39	25574.78	50781.73	4116.45	0.5726,0.1601,0.5925,0.6419,0.0731
sec_contact_sym_mig	Round_2_Replicate_7	-3572.28	7154.56	5591.45	6626.75	0.1341,0.2382,0.0646,0.1573,0.5135
sec_contact_sym_mig	Round_2_Replicate_8	-1510.42	3030.84	2812.69	6790.2	0.1454,0.1298,0.0748,0.6117,0.1597
sec_contact_sym_mig	Round_2_Replicate_9	-5970.58	11951.16	12819.61	2765.72	0.6481,0.6491,0.0879,1.6348,0.17
sec_contact_sym_mig	Round_2_Replicate_10	-1382.38	2774.76	1953.4	4917.44	0.2074,0.0955,0.173,1.1025,0.8658
sec_contact_sym_mig	Round_3_Replicate_1	-1958.5	3927.0	2806.07	2904.16	0.3969,0.2462,0.1209,2.7554,0.3201
sec_contact_sym_mig	Round_3_Replicate_2	-1567.52	3145.04	2299.13	3840.78	0.3774,0.2324,0.0689,1.2815,0.4686
sec_contact_sym_mig	Round_3_Replicate_3	-1555.02	3120.04	2181.47	5706.27	0.1895,0.0851,0.2169,0.3299,1.8111
sec_contact_sym_mig	Round_3_Replicate_4	-1527.87	3065.74	2353.91	5569.95	0.1562,0.0556,0.2435,1.0565,2.916
sec_contact_sym_mig	Round_3_Replicate_5	-2351.63	4713.26	3511.12	4797.99	0.1965,0.1134,0.2554,1.7068,3.2382
sec_contact_sym_mig	Round_4_Replicate_1	-639.81	1289.62	1253.74	5417.95	0.2526,0.0725,0.0629,0.7405,0.4229
sec_contact_sym_mig	Round_4_Replicate_2	-1762.33	3534.66	3112.14	4018.5	0.2638,0.0287,0.173,1.9862,0.6238
sec_contact_sym_mig	Round_4_Replicate_3	-677.26	1364.52	1122.71	4484.29	0.3056,0.1051,0.0557,0.8522,0.7828
sec_contact_sym_mig	Round_4_Replicate_4	-1083.57	2177.14	1704.87	5891.08	0.1904,0.0363,0.1709,0.6545,0.8723
sec_contact_sym_mig	Round_4_Replicate_5	-1686.13	3382.26	2396.52	4098.36	0.2398,0.0725,0.2004,1.9331,1.2637
Model	Replicate	log-likelihood	AIC	chi-squared	theta	optimized_params(nu1, nu2, m, T1, T2)
sec_contact_sym_mig	Round_1_Replicate_1	-132307.3	264624.6	12234221977.69	615.56	2.0799,6.4228,1.7526,7.3416,6.5603
sec_contact_sym_mig	Round_1_Replicate_2	-135117.14	270244.28	16730331604.63	1139.73	2.5913,3.9857,1.6524,0.2955,1.4992
sec_contact_sym_mig	Round_1_Replicate_3	-64993.87	129997.74	10884280.04	1271.37	0.6974,3.7432,0.8153,4.178,2.0333
sec_contact_sym_mig	Round_1_Replicate_4	-94326.04	188662.08	269563134.35	2182.29	0.6925,1.323,3.0867,1.7673,0.2404
sec_contact_sym_mig	Round_1_Replicate_5	-43412.47	86834.94	1007098.3	4554.97	0.1705,1.0005,1.48,0.3309,1.4045
sec_contact_sym_mig	Round_1_Replicate_6	-127098.22	254206.44	7539462969.23	864.7	3.7624,2.9384,1.3632,0.3151,3.0196
sec_contact_sym_mig	Round_1_Replicate_7	-54741.35	109492.7	4299088.58	4352.5	0.293,0.6761,1.883,0.167,1.8376
sec_contact_sym_mig	Round_1_Replicate_8	-137354.34	274718.68	21289875826.83	1382.85	2.3071,1.1849,3.7876,0.2671,2.5805
sec_contact_sym_mig	Round_1_Replicate_9	-71216.69	142443.38	35149119.16	1298.97	2.6764,0.2055,1.1578,3.5648,0.516
sec_contact_sym_mig	Round_1_Replicate_10	-44245.97	88501.94	1050272.12	4186.37	0.1734,1.948,1.2896,0.1588,0.2654
sec_contact_sym_mig	Round_2_Replicate_1	-38643.68	77297.36	635801.08	6303.17	0.1366,0.5809,1.7756,0.5016,1.8898
sec_contact_sym_mig	Round_2_Replicate_2	-124728.82	249467.64	5879823814.78	2421.45	0.6297,2.3497,4.2808,0.3167,0.7317
sec_contact_sym_mig	Round_2_Replicate_3	-22343.84	44697.68	74207.68	6111.59	0.0783,0.566,0.8513,0.4346,1.2569
sec_contact_sym_mig	Round_2_Replicate_4	-31325.86	62661.72	222856.13	3818.44	0.1578,1.7622,0.6448,0.3491,0.5036
sec_contact_sym_mig	Round_2_Replicate_5	-46944.56	93899.12	1033999.84	10638.31	0.0324,1.5402,4.5399,0.3839,2.8307
sec_contact_sym_mig	Round_2_Replicate_6	-83387.23	166784.46	77925313.9	3199.1	0.3041,1.809,3.0445,0.6526,3.7908
sec_contact_sym_mig	Round_2_Replicate_7	-84021.12	168052.24	93477396.67	4363.74	0.3332,0.5744,3.9704,0.2176,0.6883
sec_contact_sym_mig	Round_2_Replicate_8	-40021.21	80052.42	764634.63	2297.33	0.4248,3.3885,0.6035,1.0366,0.4433
sec_contact_sym_mig	Round_2_Replicate_9	-35756.93	71523.86	303322.57	9648.68	0.0429,0.5892,2.3383,0.4169,1.8473
sec_contact_sym_mig	Round_2_Replicate_10	-42257.09	84524.18	773207.91	4735.69	0.1262,1.2085,1.4929,0.2931,1.8979
sec_contact_sym_mig	Round_3_Replicate_1	-20983.44	41976.88	78270.81	7913.5	0.083,0.2953,1.3743,1.686,1.198
sec_contact_sym_mig	Round_3_Replicate_2	-42663.69	85337.38	345765.72	7088.71	0.0165,1.9952,2.3857,0.081,1.0882
sec_contact_sym_mig	Round_3_Replicate_3	-39989.91	79989.82	338187.74	5928.03	0.0353,1.5503,1.7161,0.5533,1.908
sec_contact_sym_mig	Round_3_Replicate_4	-36365.17	72740.34	238324.17	5938.55	0.0397,1.0613,1.4466,0.2487,0.8446
sec_contact_sym_mig	Round_3_Replicate_5	-13434.76	26879.52	30582.66	19665.78	0.0357,0.1207,1.847,0.12,2.0542
sec_contact_sym_mig	Round_4_Replicate_1	-6955.94	13921.88	13967.79	19108.27	0.0582,0.0608,1.4358,0.1945,1.7882
sec_contact_sym_mig	Round_4_Replicate_2	-1787.6	3585.2	3078.41	25492.51	0.0294,0.0153,1.1225,0.099,2.4383
sec_contact_sym_mig	Round_4_Replicate_3	-3405.41	6820.82	5960.79	29465.39	0.0457,0.0136,1.7694,0.1339,4.2887
sec_contact_sym_mig	Round_4_Replicate_4	-4811.96	9633.92	9696.95	23705.14	0.0609,0.0216,1.5949,0.2145,2.7801
sec_contact_sym_mig	Round_4_Replicate_5	-2803.05	5616.1	4513.78	24389.5	0.0501,0.0176,1.3801,0.3669,2.9213
