Model	Replicate	log-likelihood	AIC	chi-squared	theta	optimized_params(nu1, nu2, m, T)
sym_mig	Round_1_Replicate_1	-18021.47	36050.94	71260.54	5543.5	0.2002,0.3904,0.6913,1.8258
sym_mig	Round_1_Replicate_2	-25738.71	51485.42	193397.93	4258.63	0.3252,0.6708,0.4414,0.5002
sym_mig	Round_1_Replicate_3	-66496.49	133000.98	14133684.26	3590.6	0.4507,4.3867,0.4143,0.2012
sym_mig	Round_1_Replicate_4	-70166.79	140341.58	29904722.3	3337.69	0.9616,0.2265,1.9775,1.3318
sym_mig	Round_1_Replicate_5	-43351.68	86711.36	917900.84	4433.35	0.1609,4.2388,0.7404,0.1854
sym_mig	Round_1_Replicate_6	-31366.56	62741.12	502390.48	2608.89	1.969,0.1457,0.2337,0.3767
sym_mig	Round_1_Replicate_7	-23760.36	47528.72	214457.35	2759.03	1.2635,0.3068,0.1673,0.6415
sym_mig	Round_1_Replicate_8	-72406.04	144820.08	37722622.09	2225.07	2.1521,0.3151,1.1984,0.7452
sym_mig	Round_1_Replicate_9	-31355.71	62719.42	478692.87	1519.45	1.891,1.1698,0.1699,2.358
sym_mig	Round_1_Replicate_10	-53465.9	106939.8	4807712.65	2246.03	6.0339,0.1786,0.3811,0.2103
sym_mig	Round_2_Replicate_1	-17170.17	34348.34	38541.86	3983.73	0.0845,1.1624,0.1632,1.3992
sym_mig	Round_2_Replicate_2	-25637.27	51282.54	115633.4	9861.31	0.0566,0.3905,1.556,4.1001
sym_mig	Round_2_Replicate_3	-11042.27	22092.54	22471.28	4667.37	0.1659,0.4999,0.3368,2.3147
sym_mig	Round_2_Replicate_4	-9901.06	19810.12	19397.91	11138.28	0.0697,0.1716,0.8838,5.7283
sym_mig	Round_2_Replicate_5	-11266.63	22541.26	22665.82	3381.59	0.218,0.725,0.2374,3.6783
sym_mig	Round_2_Replicate_6	-16236.11	32480.22	43557.7	4553.58	0.1733,0.7857,0.3032,0.9276
sym_mig	Round_2_Replicate_7	-14186.35	28380.7	52909.1	5563.89	0.2735,0.2241,0.6184,4.4239
sym_mig	Round_2_Replicate_8	-4303.17	8614.34	7362.56	9373.83	0.1143,0.0887,0.5936,0.5785
sym_mig	Round_2_Replicate_9	-24633.64	49275.28	89770.44	3342.99	0.1308,1.3131,0.4412,3.6383
sym_mig	Round_2_Replicate_10	-2614.64	5237.28	4309.11	6286.89	0.1182,0.1417,0.2153,1.9372
sym_mig	Round_3_Replicate_1	-1611.51	3231.02	2687.74	17896.3	0.0444,0.0167,0.7859,2.5759
sym_mig	Round_3_Replicate_2	-1550.2	3108.4	2473.17	1869.95	0.4556,0.2598,0.0666,11.3749
sym_mig	Round_3_Replicate_3	-9254.53	18517.06	19167.99	5755.67	0.1641,0.2918,0.456,3.7834
sym_mig	Round_3_Replicate_4	-645.21	1298.42	1341.63	4022.9	0.3484,0.1023,0.0414,2.0289
sym_mig	Round_3_Replicate_5	-2445.4	4898.8	4132.79	5224.77	0.2892,0.1421,0.1592,1.2644
sym_mig	Round_4_Replicate_1	-818.43	1644.86	1724.03	2820.86	0.5388,0.2087,0.0203,2.9621
sym_mig	Round_4_Replicate_2	-642.18	1292.36	1312.18	3068.16	0.4431,0.1326,0.0334,3.0801
sym_mig	Round_4_Replicate_3	-1847.69	3703.38	4245.42	3521.65	0.582,0.1503,0.0158,1.5696
sym_mig	Round_4_Replicate_4	-1068.05	2144.1	5634.08	5281.37	0.2919,0.0906,0.0122,1.0443
sym_mig	Round_4_Replicate_5	-1000.05	2008.1	2711.63	4139.78	0.4149,0.1173,0.0205,1.5036
Model	Replicate	log-likelihood	AIC	chi-squared	theta	optimized_params(nu1, nu2, m, T)
sym_mig	Round_1_Replicate_1	-75981.14	151970.28	41598598.79	2815.65	0.6461,2.2146,1.2067,0.5485
sym_mig	Round_1_Replicate_2	-79159.96	158327.92	61343361.31	2606.75	1.236,2.0129,0.4549,0.3439
sym_mig	Round_1_Replicate_3	-29197.96	58403.92	376127.2	1965.56	3.0009,0.1263,0.17,0.6958
sym_mig	Round_1_Replicate_4	-56355.13	112718.26	7181721.73	2752.3	1.2823,0.349,0.9173,0.6298
sym_mig	Round_1_Replicate_5	-32790.17	65588.34	285593.37	3511.53	0.1974,1.5498,0.6462,1.5512
sym_mig	Round_1_Replicate_6	-63735.71	127479.42	12948223.03	1327.83	4.8694,1.5658,0.1508,0.8734
sym_mig	Round_1_Replicate_7	-48490.05	96988.1	2856546.19	1367.35	1.7045,1.2756,0.3875,4.3673
sym_mig	Round_1_Replicate_8	-41488.61	82985.22	1227245.58	3901.74	0.5074,0.5805,0.2089,0.2263
sym_mig	Round_1_Replicate_9	-140075.84	280159.68	26401412603.89	2398.59	3.829,2.9735,0.5922,0.1649
sym_mig	Round_1_Replicate_10	-74603.05	149214.1	40226765.49	1779.32	3.4921,1.1141,0.3744,0.5297
sym_mig	Round_2_Replicate_1	-35399.3	70806.6	641756.97	1967.74	5.6306,0.0417,0.2077,0.3606
sym_mig	Round_2_Replicate_2	-19872.63	39753.26	122839.26	3554.42	1.0006,0.0336,0.2238,0.3915
sym_mig	Round_2_Replicate_3	-8003.28	16014.56	23581.86	2733.29	1.0075,0.2283,0.0686,1.4893
sym_mig	Round_2_Replicate_4	-16092.23	32192.46	75390.82	2238.87	1.9839,0.0929,0.0544,0.8839
sym_mig	Round_2_Replicate_5	-31151.77	62311.54	473349.3	3058.63	1.5382,0.0471,0.3916,0.3033
sym_mig	Round_2_Replicate_6	-47096.53	94201.06	2558991.8	3275.21	0.9685,0.3631,0.5422,0.2801
sym_mig	Round_2_Replicate_7	-22708.46	45424.92	188975.17	2678.14	1.2017,0.3672,0.1812,0.8324
sym_mig	Round_2_Replicate_8	-36238.29	72484.58	727376.23	1850.63	7.4647,0.157,0.0704,0.3288
sym_mig	Round_2_Replicate_9	-21691.03	43390.06	161155.56	2086.72	2.3554,0.2013,0.0763,0.7578
sym_mig	Round_2_Replicate_10	-12205.45	24418.9	47706.28	2652.64	1.0428,0.1759,0.1621,1.8973
sym_mig	Round_3_Replicate_1	-4703.61	9415.22	10048.36	1452.91	1.2751,0.7361,0.0433,5.7323
sym_mig	Round_3_Replicate_2	-7459.7	14927.4	20473.77	2546.84	1.2452,0.149,0.0143,1.3312
sym_mig	Round_3_Replicate_3	-661.95	1331.9	1495.47	1173.25	1.2163,0.2716,0.0131,9.6993
sym_mig	Round_3_Replicate_4	-1867.64	3743.28	2673.99	2185.13	0.5976,0.5062,0.0333,4.2747
sym_mig	Round_3_Replicate_5	-7987.64	15983.28	16487.72	3743.36	0.3705,0.7024,0.0114,1.0012
sym_mig	Round_4_Replicate_1	-850.88	1709.76	2836.85	1229.34	1.1826,0.1659,0.012,9.2061
sym_mig	Round_4_Replicate_2	-661.11	1330.22	1275.64	2089.07	0.6384,0.2189,0.0226,5.0167
sym_mig	Round_4_Replicate_3	-653.86	1315.72	1357.35	1088.19	1.2916,0.4072,0.0107,10.2302
sym_mig	Round_4_Replicate_4	-950.2	1908.4	2617.29	683.41	1.9529,0.2443,0.01,19.2694
sym_mig	Round_4_Replicate_5	-642.51	1293.02	1445.42	1235.63	1.1344,0.2998,0.0127,9.0712
Model	Replicate	log-likelihood	AIC	chi-squared	theta	optimized_params(nu1, nu2, m, T)
sym_mig	Round_1_Replicate_1	-120189.12	240386.24	3568039734.02	3264.89	0.3613,2.7972,6.0783,0.5446
sym_mig	Round_1_Replicate_2	-162986.32	325980.64	238971656976.21	1581.25	8.4128,3.7852,1.8415,0.3582
sym_mig	Round_1_Replicate_3	-28263.67	56535.34	285285.48	2402.1	0.6864,0.9055,0.3901,2.9913
sym_mig	Round_1_Replicate_4	-62626.28	125260.56	13976262.65	1722.36	3.3859,0.1478,0.9164,1.5945
sym_mig	Round_1_Replicate_5	-62943.42	125894.84	10140613.89	1402.39	0.9605,3.256,0.6147,4.2779
sym_mig	Round_1_Replicate_6	-33191.9	66391.8	434154.17	4593.47	0.2737,0.5373,1.0462,7.2648
sym_mig	Round_1_Replicate_7	-142257.89	284523.78	34561892112.17	1408.59	2.8111,0.9683,4.6061,2.657
sym_mig	Round_1_Replicate_8	-45707.66	91423.32	1936316.36	759.12	2.8174,5.8016,0.1197,5.1899
sym_mig	Round_1_Replicate_9	-51344.97	102697.94	2766607.13	4162.12	0.2999,1.7631,0.207,0.1622
sym_mig	Round_1_Replicate_10	-52847.0	105702.0	4454695.93	3951.89	0.5742,0.3223,1.134,0.2097
sym_mig	Round_2_Replicate_1	-15301.07	30610.14	70182.83	1045.15	2.1576,1.1752,0.0808,7.0113
sym_mig	Round_2_Replicate_2	-66215.25	132438.5	17050635.12	1438.7	1.4219,1.2796,0.7323,5.9135
sym_mig	Round_2_Replicate_3	-37990.89	75989.78	968258.21	4817.79	0.4508,0.2303,1.234,5.694
sym_mig	Round_2_Replicate_4	-28401.57	56811.14	251850.14	2408.21	0.6608,2.6074,0.1149,1.0437
sym_mig	Round_2_Replicate_5	-92806.03	185620.06	249045409.67	1011.2	2.1863,2.7431,0.7956,4.6088
sym_mig	Round_2_Replicate_6	-6430.28	12868.56	14921.11	3346.71	0.4908,0.2907,0.1846,2.7326
sym_mig	Round_2_Replicate_7	-41902.47	83812.94	1384364.89	1844.57	1.0737,0.8392,0.5124,6.0183
sym_mig	Round_2_Replicate_8	-15416.95	30841.9	41943.0	3955.64	0.2454,1.0089,0.1459,0.8411
sym_mig	Round_2_Replicate_9	-26194.87	52397.74	286075.3	1559.94	1.9026,0.4659,0.2078,3.6287
sym_mig	Round_2_Replicate_10	-9882.26	19772.52	20464.43	4185.79	0.2162,0.4632,0.3131,3.4331
sym_mig	Round_3_Replicate_1	-8016.58	16041.16	23017.65	2909.7	1.0941,0.1098,0.0112,0.9994
sym_mig	Round_3_Replicate_2	-767.79	1543.58	1162.95	6619.04	0.1863,0.08,0.0943,0.8943
sym_mig	Round_3_Replicate_3	-10315.68	20639.36	32704.57	1954.71	0.9714,0.472,0.1459,5.2613
sym_mig	Round_3_Replicate_4	-10382.23	20772.46	22035.76	3771.42	0.3,0.909,0.0125,0.9355
sym_mig	Round_3_Replicate_5	-828.14	1664.28	1348.08	5655.91	0.2612,0.0982,0.0601,0.9893
sym_mig	Round_4_Replicate_1	-650.15	1308.3	1226.53	5291.68	0.2485,0.0741,0.0655,1.3892
sym_mig	Round_4_Replicate_2	-678.25	1364.5	1262.61	7159.29	0.1792,0.0582,0.0822,0.7015
sym_mig	Round_4_Replicate_3	-691.34	1390.68	1662.49	6733.63	0.2001,0.0599,0.0567,0.7568
sym_mig	Round_4_Replicate_4	-665.6	1339.2	1364.5	6533.46	0.2001,0.0637,0.0685,0.8674
sym_mig	Round_4_Replicate_5	-664.53	1337.06	1422.21	5917.02	0.2381,0.0674,0.0576,1.0019
