Model	Replicate	log-likelihood	AIC	chi-squared	theta	optimized_params(nu1, nu2, T)
no_mig	Round_1_Replicate_1	-37039.81	74085.62	514765.18	3950.53	0.2627,3.9938,0.2434
no_mig	Round_1_Replicate_2	-9351.26	18708.52	28952.69	3517.41	0.8317,0.1526,0.6044
no_mig	Round_1_Replicate_3	-22345.97	44697.94	103428.09	1967.28	0.6501,5.6138,1.3854
no_mig	Round_1_Replicate_4	-20064.42	40134.84	86332.42	3619.77	0.3583,1.34,0.5463
no_mig	Round_1_Replicate_5	-7610.83	15227.66	20943.31	3305.32	0.7349,0.354,0.9048
no_mig	Round_1_Replicate_6	-62189.82	124385.64	9720744.55	2506.04	1.0291,7.24,0.4302
no_mig	Round_1_Replicate_7	-111361.55	222729.1	1443619378.56	1929.47	4.7337,3.0752,0.2988
no_mig	Round_1_Replicate_8	-6651.89	13309.78	26908160251.28	2121.59	0.3097,0.6708,4.7988
no_mig	Round_1_Replicate_9	-18268.79	36543.58	99248.87	2370.78	2.0975,0.1452,0.5395
no_mig	Round_1_Replicate_10	-2432.39	4870.78	13108.09	4512.36	0.3446,0.2448,1.1305
no_mig	Round_2_Replicate_1	-3137.24	6280.48	35379.49	3229.7	0.456,0.4306,1.9646
no_mig	Round_2_Replicate_2	-3399.98	6805.96	242052917170.23	3269.6	0.5012,0.0774,2.3221
no_mig	Round_2_Replicate_3	-5253.24	10512.48	6177442705366.5	2551.66	0.325,0.2278,4.1209
no_mig	Round_2_Replicate_4	-2970.27	5946.54	86009170612.74	2885.79	0.3822,0.1611,3.2749
no_mig	Round_2_Replicate_5	-2994.79	5995.58	7377.17	4356.56	0.4054,0.2647,0.9768
no_mig	Round_2_Replicate_6	-2010.58	4027.16	182539.04	5591.69	0.2625,0.115,0.9034
no_mig	Round_2_Replicate_7	-19513.69	39033.38	118986.66	2635.25	1.1791,0.5676,0.7096
no_mig	Round_2_Replicate_8	-2508.38	5022.76	844111.65	3808.87	0.3802,0.225,1.7635
no_mig	Round_2_Replicate_9	-3044.96	6095.92	36970.11	2763.37	0.6235,0.4394,2.2659
no_mig	Round_2_Replicate_10	-1952.88	3911.76	136993.16	6417.69	0.2455,0.0667,0.5852
no_mig	Round_3_Replicate_1	-7392.86	14791.72	66909220.09	5004.12	0.464,0.0203,0.4068
no_mig	Round_3_Replicate_2	-1844.55	3695.1	5471.23	7714.17	0.1442,0.1132,0.4229
no_mig	Round_3_Replicate_3	-2012.13	4030.26	25324.36	5150.31	0.3258,0.1385,0.8789
no_mig	Round_3_Replicate_4	-4384.21	8774.42	1686531871.23	9746.7	0.077,0.0207,0.4211
no_mig	Round_3_Replicate_5	-2516.5	5039.0	683025.61	3279.88	0.4819,0.2647,2.069
no_mig	Round_4_Replicate_1	-1558.12	3122.24	5828.61	7008.5	0.1929,0.101,0.4845
no_mig	Round_4_Replicate_2	-1452.64	2911.28	5157.2	7593.59	0.1662,0.0845,0.4055
no_mig	Round_4_Replicate_3	-1400.98	2807.96	4136.32	8200.16	0.1394,0.0755,0.3355
no_mig	Round_4_Replicate_4	-1610.69	3227.38	10041.4	6688.92	0.212,0.0994,0.552
no_mig	Round_4_Replicate_5	-1696.53	3399.06	10636.5	6350.66	0.2268,0.1154,0.6229
Model	Replicate	log-likelihood	AIC	chi-squared	theta	optimized_params(nu1, nu2, T)
no_mig	Round_1_Replicate_1	-16747.17	33500.34	76577.71	5342.67	0.2746,0.1684,0.1743
no_mig	Round_1_Replicate_2	-60195.4	120396.8	8894760.1	2354.33	1.8054,1.3747,0.3853
no_mig	Round_1_Replicate_3	-25048.22	50102.44	227238.26	1990.77	1.9861,0.7484,0.8652
no_mig	Round_1_Replicate_4	-44395.57	88797.14	1625035.2	902.86	6.9021,2.3298,1.6323
no_mig	Round_1_Replicate_5	-34791.29	69588.58	624466.39	1298.39	2.657,2.8013,1.6408
no_mig	Round_1_Replicate_6	-64941.95	129889.9	13256594.35	2668.22	1.0268,4.2255,0.3605
no_mig	Round_1_Replicate_7	-5401.96	10809.92	303390119.89	1599.02	1.7279,0.1905,3.5413
no_mig	Round_1_Replicate_8	-99878.32	199762.64	477552663.88	2794.46	1.5756,2.4213,0.1818
no_mig	Round_1_Replicate_9	-3672.41	7350.82	121356508695.01	3035.09	0.3474,0.1592,3.1086
no_mig	Round_1_Replicate_10	-2926.43	5858.86	7599.45	4613.27	0.3362,0.2864,0.9779
no_mig	Round_2_Replicate_1	-5576.11	11158.22	12863.49	7700.52	0.0973,0.1982,0.3478
no_mig	Round_2_Replicate_2	-2735.92	5477.84	60109.78	4244.89	0.3152,0.2765,1.4415
no_mig	Round_2_Replicate_3	-10057.53	20121.06	33103.04	3013.91	0.9837,0.2761,0.8057
no_mig	Round_2_Replicate_4	-2900.44	5806.88	246240.74	2911.38	0.7,0.2471,2.0004
no_mig	Round_2_Replicate_5	-6896.81	13799.62	73330.04	3546.77	0.7936,0.0936,0.8121
no_mig	Round_2_Replicate_6	-4137.58	8281.16	73496.84	3058.63	0.3896,0.5792,2.2447
no_mig	Round_2_Replicate_7	-3637.38	7280.76	592974383.12	3739.51	0.2907,0.1915,2.2059
no_mig	Round_2_Replicate_8	-4302.68	8611.36	37376.7	1729.47	0.9208,1.0198,3.9925
no_mig	Round_2_Replicate_9	-4748.56	9503.12	13931.34	3921.96	0.6139,0.1484,0.8383
no_mig	Round_2_Replicate_10	-2472.93	4951.86	5655.27	5523.11	0.2787,0.1965,0.6713
no_mig	Round_3_Replicate_1	-7432.04	14870.08	23727.07	6115.09	0.1134,0.3655,0.659
no_mig	Round_3_Replicate_2	-2333.45	4672.9	1262367.35	4276.27	0.356,0.1632,1.455
no_mig	Round_3_Replicate_3	-2334.83	4675.66	1515033.32	4067.04	0.3977,0.1624,1.5149
no_mig	Round_3_Replicate_4	-1712.56	3431.12	15998.7	6244.81	0.2378,0.1074,0.6433
no_mig	Round_3_Replicate_5	-2566.03	5138.06	10623881.45	3271.15	0.5203,0.1898,2.071
no_mig	Round_4_Replicate_1	-1999.19	4004.38	749587797.99	4838.49	0.3264,0.0595,1.2166
no_mig	Round_4_Replicate_2	-1731.98	3469.96	17214.18	6172.33	0.2406,0.1106,0.6648
no_mig	Round_4_Replicate_3	-2005.13	4016.26	81237.69	5177.36	0.3008,0.1368,0.9748
no_mig	Round_4_Replicate_4	-1753.41	3512.82	8934.91	6102.66	0.2468,0.1227,0.6419
no_mig	Round_4_Replicate_5	-1730.37	3466.74	17318.1	6270.23	0.2297,0.1124,0.6628
Model	Replicate	log-likelihood	AIC	chi-squared	theta	optimized_params(nu1, nu2, T)
no_mig	Round_1_Replicate_1	-25790.63	51587.26	233691.64	935.84	3.6326,2.9414,2.9552
no_mig	Round_1_Replicate_2	-5079.0	10164.0	7198743767348.66	2302.61	0.3317,0.2248,4.8139
no_mig	Round_1_Replicate_3	-17707.21	35420.42	161507885155.5	1293.4	0.2313,4.2035,5.2657
no_mig	Round_1_Replicate_4	-73687.81	147381.62	33570324.55	1880.24	2.0791,5.929,0.5856
no_mig	Round_1_Replicate_5	-5679.09	11364.18	48430723741842.11	1834.19	0.4244,0.3677,6.1358
no_mig	Round_1_Replicate_6	-2129.57	4265.14	114771.33	4719.62	0.3312,0.162,1.1573
no_mig	Round_1_Replicate_7	-32752.55	65511.1	468612.31	2684.74	0.8758,1.562,0.6054
no_mig	Round_1_Replicate_8	-14618.2	29242.4	42545.16	903.05	1.5373,6.1554,5.2761
no_mig	Round_1_Replicate_9	-37134.6	74275.2	635493.51	2314.13	0.7827,6.6513,0.7316
no_mig	Round_1_Replicate_10	-25840.92	51687.84	108542.49	3811.35	0.1616,5.5104,0.392
no_mig	Round_2_Replicate_1	-8017.25	16040.5	127302.66	3967.04	0.7,0.0608,0.5849
no_mig	Round_2_Replicate_2	-3310.64	6627.28	9451.18	4448.57	0.3164,0.344,1.1052
no_mig	Round_2_Replicate_3	-5295.66	10597.32	62086346373421.47	3004.63	0.2838,0.1563,3.3818
no_mig	Round_2_Replicate_4	-5009.12	10024.24	1040287674770.99	2848.39	0.2816,0.1864,3.6472
no_mig	Round_2_Replicate_5	-3285.81	6577.62	172450454314.28	3529.64	0.4548,0.0947,2.0703
no_mig	Round_2_Replicate_6	-3447.4	6900.8	80750666014.27	5145.24	0.298,0.0379,1.1828
no_mig	Round_2_Replicate_7	-4299.49	8604.98	8755.15	5327.86	0.2466,0.3138,0.6663
no_mig	Round_2_Replicate_8	-6443.42	12892.84	9196431688262.15	4205.4	0.1514,0.0549,2.3927
no_mig	Round_2_Replicate_9	-1433.97	2873.94	7078.07	7872.09	0.1575,0.0695,0.3802
no_mig	Round_2_Replicate_10	-3054.5	6115.0	13372.45	5389.79	0.36,0.0888,0.5756
no_mig	Round_3_Replicate_1	-1972.28	3950.56	56585.07	5380.66	0.309,0.114,0.8344
no_mig	Round_3_Replicate_2	-1364.39	2734.78	3557.17	8768.2	0.1191,0.0629,0.2725
no_mig	Round_3_Replicate_3	-4182.16	8370.32	47836976900.49	4666.2	0.3793,0.0146,1.2705
no_mig	Round_3_Replicate_4	-1675.45	3356.9	4246.77	6907.19	0.2048,0.0998,0.4372
no_mig	Round_3_Replicate_5	-1843.56	3693.12	187771.53	7087.46	0.1949,0.062,0.5443
no_mig	Round_4_Replicate_1	-1471.45	2948.9	5058.91	7490.9	0.1703,0.0884,0.4166
no_mig	Round_4_Replicate_2	-1393.52	2793.04	5407.0	8169.25	0.1446,0.0665,0.3412
no_mig	Round_4_Replicate_3	-1361.32	2728.64	3444.64	8775.29	0.1191,0.0616,0.2667
no_mig	Round_4_Replicate_4	-1365.09	2736.18	3317.09	9135.05	0.1073,0.0536,0.2339
no_mig	Round_4_Replicate_5	-1387.72	2781.44	4867.77	8180.15	0.1428,0.0695,0.3403
