Model	Replicate	log-likelihood	AIC	chi-squared	theta	optimized_params
no_mig	Round_4_Replicate_3	-1361.32	2728.64	3444.64	8775.29	0.1191,0.0616,0.2667	
no_mig	Round_3_Replicate_2	-1364.39	2734.78	3557.17	8768.2	0.1191,0.0629,0.2725	
no_mig	Round_4_Replicate_4	-1365.09	2736.18	3317.09	9135.05	0.1073,0.0536,0.2339	
no_mig	Round_4_Replicate_5	-1387.72	2781.44	4867.77	8180.15	0.1428,0.0695,0.3403	
no_mig	Round_4_Replicate_2	-1393.52	2793.04	5407.0	8169.25	0.1446,0.0665,0.3412	
sec_contact_sym_mig	Round_4_Replicate_5	-637.35	1284.7	1299.04	1460.42	0.9604,0.2609,0.0164,4.5275,2.6219	
sec_contact_sym_mig	Round_4_Replicate_1	-639.81	1289.62	1253.74	5417.95	0.2526,0.0725,0.0629,0.7405,0.4229	
sec_contact_sym_mig	Round_4_Replicate_2	-651.22	1312.44	1210.67	2191.59	0.6563,0.1901,0.0251,2.6899,1.6378	
sec_contact_sym_mig	Round_4_Replicate_3	-677.26	1364.52	1122.71	4484.29	0.3056,0.1051,0.0557,0.8522,0.7828	
sec_contact_sym_mig	Round_3_Replicate_2	-684.67	1379.34	1236.67	2318.96	0.5329,0.1779,0.0316,3.0409,1.3035	
sym_mig	Round_4_Replicate_2	-642.18	1292.36	1312.18	3068.16	0.4431,0.1326,0.0334,3.0801	
sym_mig	Round_4_Replicate_5	-642.51	1293.02	1445.42	1235.63	1.1344,0.2998,0.0127,9.0712	
sym_mig	Round_3_Replicate_4	-645.21	1298.42	1341.63	4022.9	0.3484,0.1023,0.0414,2.0289	
sym_mig	Round_4_Replicate_1	-650.15	1308.3	1226.53	5291.68	0.2485,0.0741,0.0655,1.3892	
sym_mig	Round_4_Replicate_3	-653.86	1315.72	1357.35	1088.19	1.2916,0.4072,0.0107,10.2302	
