Model	Replicate	log-likelihood	AIC	chi-squared	theta	optimized_params(nu1, nu2, m, T1, T2)
sec_contact_sym_mig	Round_1_Replicate_1	-192119.48	384248.96	971452850.2	2554.03	2.3122,0.8904,1.0142,0.4542,1.6441
sec_contact_sym_mig	Round_1_Replicate_2	-77648.64	155307.28	1838741.6	2266.33	1.2997,0.9509,0.3913,5.3326,1.2654
sec_contact_sym_mig	Round_1_Replicate_3	-53835.17	107680.34	707010.83	2388.76	0.6469,4.6822,0.2016,0.931,3.4013
sec_contact_sym_mig	Round_1_Replicate_4	-254328.71	508667.42	17602525157.29	2739.07	2.727,0.2331,3.6851,6.5988,1.7877
sec_contact_sym_mig	Round_1_Replicate_5	-281709.59	563429.18	142030162685.8	3674.25	0.4283,8.1766,6.0508,0.916,3.2563
sec_contact_sym_mig	Round_1_Replicate_6	-281309.29	562628.58	112922440244.79	3088.59	1.0762,1.127,4.0838,0.1901,4.9947
sec_contact_sym_mig	Round_1_Replicate_7	-248526.82	497063.64	19470009711.89	4597.94	0.9028,0.5961,4.0325,0.3724,1.3698
sec_contact_sym_mig	Round_1_Replicate_8	-234738.49	469486.98	10144282590.01	3849.81	0.6417,0.9937,3.725,2.7736,1.4552
sec_contact_sym_mig	Round_1_Replicate_9	-78853.97	157717.94	1645531.58	4664.69	0.4899,0.2627,1.0557,3.8905,0.7758
sec_contact_sym_mig	Round_1_Replicate_10	-82462.2	164934.4	3642205.18	2133.26	1.1277,5.1436,0.2576,1.9208,1.4566
sec_contact_sym_mig	Round_2_Replicate_1	-43487.58	86985.16	363145.41	2820.13	1.1755,2.2175,0.0957,0.3419,2.0861
sec_contact_sym_mig	Round_2_Replicate_2	-69619.7	139249.4	1681199.76	3984.26	0.3829,1.768,0.6013,0.4496,7.4412
sec_contact_sym_mig	Round_2_Replicate_3	-56481.67	112973.34	804698.16	2059.85	0.9569,3.8841,0.1909,2.8553,2.4308
sec_contact_sym_mig	Round_2_Replicate_4	-20139.93	40289.86	72845.06	2410.7	0.8553,3.055,0.048,0.9052,3.4074
sec_contact_sym_mig	Round_2_Replicate_5	-123642.75	247295.5	35018456.72	1273.01	1.1216,11.0729,0.4127,0.3217,13.492
sec_contact_sym_mig	Round_2_Replicate_6	-64160.81	128331.62	1228910.18	1967.25	0.3766,10.0679,0.2937,2.8866,2.9363
sec_contact_sym_mig	Round_2_Replicate_7	-67338.05	134686.1	1361241.86	2877.72	0.1389,10.89,0.6242,3.4924,8.9249
sec_contact_sym_mig	Round_2_Replicate_8	-51152.12	102314.24	572996.29	2218.39	0.6195,3.2341,0.2357,0.4153,10.4643
sec_contact_sym_mig	Round_2_Replicate_9	-176151.7	352313.4	515662471.88	1297.01	2.0059,4.1612,0.5915,1.6079,11.627
sec_contact_sym_mig	Round_2_Replicate_10	-58538.66	117087.32	854126.2	2444.49	1.8184,2.1108,0.0857,0.2772,1.9218
sec_contact_sym_mig	Round_3_Replicate_1	-7274.76	14559.52	15837.62	3396.2	0.3582,1.8856,0.04,0.3843,3.7034
sec_contact_sym_mig	Round_3_Replicate_2	-1053.91	2117.82	1296.79	1979.13	0.6237,1.5051,0.0122,1.1501,9.6717
sec_contact_sym_mig	Round_3_Replicate_3	-23157.58	46325.16	92287.16	2272.95	0.8846,3.0842,0.0641,0.2631,4.7588
sec_contact_sym_mig	Round_3_Replicate_4	-2199.29	4408.58	3017.76	1256.68	0.9902,2.4453,0.0178,3.0353,16.7081
sec_contact_sym_mig	Round_3_Replicate_5	-26007.16	52024.32	113446.98	3970.76	0.7678,1.6542,0.0274,0.4423,1.0433
sec_contact_sym_mig	Round_4_Replicate_1	-1039.1	2088.2	1272.42	2981.82	0.4053,0.9974,0.0186,1.0322,5.8466
sec_contact_sym_mig	Round_4_Replicate_2	-3045.87	6101.74	5497.09	2237.35	0.836,0.8697,0.0102,0.9475,7.9567
sec_contact_sym_mig	Round_4_Replicate_3	-1159.16	2328.32	1755.82	1668.25	0.5075,1.9722,0.0108,0.8649,13.0232
sec_contact_sym_mig	Round_4_Replicate_4	-1156.79	2323.58	1494.93	1858.5	0.4721,1.674,0.0164,2.0806,10.9122
sec_contact_sym_mig	Round_4_Replicate_5	-1100.21	2210.42	1343.73	1313.31	0.7283,2.5012,0.011,1.6586,16.3506
Model	Replicate	log-likelihood	AIC	chi-squared	theta	optimized_params(nu1, nu2, m, T1, T2)
sec_contact_sym_mig	Round_1_Replicate_1	-312762.28	625534.56	686387980520.0	2325.16	3.9668,7.7169,1.8408,0.4329,0.113
sec_contact_sym_mig	Round_1_Replicate_2	-27482.4	54974.8	115787.17	2772.08	0.6726,2.1836,0.2594,3.8411,0.3101
sec_contact_sym_mig	Round_1_Replicate_3	-112072.38	224154.76	18315583.1	1911.29	1.9319,5.3373,0.3057,1.9162,0.6143
sec_contact_sym_mig	Round_1_Replicate_4	-116533.82	233077.64	14080670.45	1950.65	1.3297,0.8339,0.6553,8.0965,1.1841
sec_contact_sym_mig	Round_1_Replicate_5	-16140.61	32291.22	32708.87	2501.49	0.7869,0.4873,0.1247,7.4438,2.4397
sec_contact_sym_mig	Round_1_Replicate_6	-351549.49	703108.98	4292844811331.48	1144.67	8.0219,3.5889,1.9847,1.0966,1.1746
sec_contact_sym_mig	Round_1_Replicate_7	-92424.7	184859.4	4325047.19	1122.8	4.9967,1.9243,0.1303,4.2208,2.1135
sec_contact_sym_mig	Round_1_Replicate_8	-14192.62	28395.24	35460.16	4766.1	0.4584,0.7339,0.1406,0.4021,2.8456
sec_contact_sym_mig	Round_1_Replicate_9	-25895.79	51801.58	102641.33	2762.52	0.2827,5.4878,0.1728,2.7811,0.43
sec_contact_sym_mig	Round_1_Replicate_10	-203104.27	406218.54	1895239101.44	8665.66	0.3719,0.3821,5.1521,0.4262,5.8406
sec_contact_sym_mig	Round_2_Replicate_1	-15440.65	30891.3	47004.8	4040.99	0.5823,1.5977,0.0361,0.7744,1.249
sec_contact_sym_mig	Round_2_Replicate_2	-20757.67	41525.34	72158.46	4653.97	0.2867,1.3898,0.1903,0.8456,2.0512
sec_contact_sym_mig	Round_2_Replicate_3	-8275.91	16561.82	15053.39	6026.21	0.4948,0.4167,0.0388,0.5099,1.0905
sec_contact_sym_mig	Round_2_Replicate_4	-30053.73	60117.46	119403.76	4056.87	0.6063,0.6613,0.25,0.6494,8.9435
sec_contact_sym_mig	Round_2_Replicate_5	-7097.55	14205.1	13806.76	9884.65	0.1641,0.3545,0.2214,0.1859,0.9513
sec_contact_sym_mig	Round_2_Replicate_6	-3494.28	6998.56	5754.18	3684.9	0.4974,0.9136,0.0366,0.8809,3.5607
sec_contact_sym_mig	Round_2_Replicate_7	-9625.29	19260.58	18425.56	3939.89	0.7886,0.3579,0.0299,0.9558,2.5919
sec_contact_sym_mig	Round_2_Replicate_8	-43359.94	86729.88	349214.6	3016.07	0.5088,1.9989,0.2698,0.1263,8.0366
sec_contact_sym_mig	Round_2_Replicate_9	-49429.12	98868.24	499711.7	5436.38	0.3449,1.0016,0.5204,0.1317,3.0282
sec_contact_sym_mig	Round_2_Replicate_10	-46529.24	93068.48	297882.89	6502.39	0.4999,0.2844,0.5143,0.5882,7.0542
sec_contact_sym_mig	Round_3_Replicate_1	-19482.87	38975.74	48377.67	3579.93	1.1102,0.5868,0.051,0.3285,2.3122
sec_contact_sym_mig	Round_3_Replicate_2	-5406.02	10822.04	10291.82	1531.61	1.3777,2.5364,0.0139,0.8346,9.6792
sec_contact_sym_mig	Round_3_Replicate_3	-1696.04	3402.08	2401.89	1975.14	0.3909,1.7808,0.0237,0.7239,12.0037
sec_contact_sym_mig	Round_3_Replicate_4	-5284.41	10578.82	11460.49	3666.85	0.4754,1.5212,0.0119,0.4608,2.8101
sec_contact_sym_mig	Round_3_Replicate_5	-13866.09	27742.18	29248.1	3693.6	1.0462,0.6689,0.0116,0.3969,1.9756
sec_contact_sym_mig	Round_4_Replicate_1	-2329.46	4668.92	5224.67	1730.76	0.3158,2.2177,0.0107,0.8053,12.6343
sec_contact_sym_mig	Round_4_Replicate_2	-1644.35	3298.7	3264.35	2042.75	0.344,1.5535,0.0107,0.4224,10.9893
sec_contact_sym_mig	Round_4_Replicate_3	-998.34	2006.68	1337.66	2516.82	0.4022,1.2316,0.0151,0.6233,7.9915
sec_contact_sym_mig	Round_4_Replicate_4	-2642.82	5295.64	5917.58	1354.16	0.3531,2.2736,0.0112,0.6593,19.3515
sec_contact_sym_mig	Round_4_Replicate_5	-1001.32	2012.64	1445.87	2091.29	0.5041,1.6676,0.0106,0.7197,9.1967
Model	Replicate	log-likelihood	AIC	chi-squared	theta	optimized_params(nu1, nu2, m, T1, T2)
sec_contact_sym_mig	Round_1_Replicate_1	-271532.07	543074.14	85755596795.04	1091.84	2.8475,7.8691,0.9798,0.269,6.3024
sec_contact_sym_mig	Round_1_Replicate_2	-77878.31	155766.62	2834096.66	4730.32	0.5477,3.8305,0.2932,0.2385,0.3907
sec_contact_sym_mig	Round_1_Replicate_3	-156722.73	313455.46	69491044.2	1724.94	5.9953,0.1582,0.5999,1.107,1.4881
sec_contact_sym_mig	Round_1_Replicate_4	-83387.52	166785.04	1900198.98	2750.02	3.9513,0.3566,0.1292,0.4184,0.2107
sec_contact_sym_mig	Round_1_Replicate_5	-54678.33	109366.66	618507.25	2131.26	0.1782,6.4314,0.322,5.2331,4.2608
sec_contact_sym_mig	Round_1_Replicate_6	-17835.68	35681.36	46473.13	3357.07	0.1739,1.7196,0.2922,4.5687,0.6183
sec_contact_sym_mig	Round_1_Replicate_7	-124197.03	248404.06	32677543.07	2784.12	1.238,1.9355,0.5392,0.1433,2.5015
sec_contact_sym_mig	Round_1_Replicate_8	-66492.77	132995.54	806639.21	1135.35	4.4164,1.2566,0.1728,7.7931,0.5274
sec_contact_sym_mig	Round_1_Replicate_9	-27135.9	54281.8	112110.89	5609.48	0.1351,2.6744,0.1939,0.5262,0.5937
sec_contact_sym_mig	Round_1_Replicate_10	-266188.51	532387.02	36409505642.35	2252.65	7.7255,0.4469,2.4007,0.3818,0.3236
sec_contact_sym_mig	Round_2_Replicate_1	-12434.26	24878.52	26148.06	1499.41	0.2438,4.3074,0.2235,11.7003,0.2618
sec_contact_sym_mig	Round_2_Replicate_2	-49538.26	99086.52	364312.45	1608.01	0.5123,2.1498,0.4952,12.531,0.648
sec_contact_sym_mig	Round_2_Replicate_3	-42280.13	84570.26	255013.44	2840.66	0.0945,2.6305,0.5748,6.0156,0.8114
sec_contact_sym_mig	Round_2_Replicate_4	-10502.43	21014.86	23325.2	2273.42	0.1463,4.2926,0.072,5.7376,0.1824
sec_contact_sym_mig	Round_2_Replicate_5	-56791.69	113593.38	693432.13	2538.79	0.2075,3.3727,0.8659,5.4016,0.4001
sec_contact_sym_mig	Round_2_Replicate_6	-15320.07	30650.14	35724.36	1718.34	0.5207,3.1893,0.2268,9.6318,0.2608
sec_contact_sym_mig	Round_2_Replicate_7	-32051.05	64112.1	126862.37	3068.53	0.0722,3.2438,0.2265,3.4747,2.097
sec_contact_sym_mig	Round_2_Replicate_8	-14026.33	28062.66	32784.52	1957.62	0.0775,1.6561,0.2864,12.4935,0.5452
sec_contact_sym_mig	Round_2_Replicate_9	-13011.04	26032.08	32170.34	4390.83	0.5076,0.9397,0.1279,2.0696,0.5338
sec_contact_sym_mig	Round_2_Replicate_10	-43380.49	86770.98	269890.06	2613.53	0.0915,3.3935,0.3656,6.0407,1.8589
sec_contact_sym_mig	Round_3_Replicate_1	-2830.16	5670.32	7426.76	991.24	0.4134,3.5932,0.0287,22.9035,0.1047
sec_contact_sym_mig	Round_3_Replicate_2	-11667.62	23345.24	26239.52	3460.75	0.1317,2.8068,0.075,3.003,0.4808
sec_contact_sym_mig	Round_3_Replicate_3	-2862.13	5734.26	5309.28	2515.23	0.2328,2.1677,0.0286,6.5321,0.4487
sec_contact_sym_mig	Round_3_Replicate_4	-9454.58	18919.16	46232.41	1387.83	0.0572,4.3298,0.1767,14.1331,0.062
sec_contact_sym_mig	Round_3_Replicate_5	-2443.76	4897.52	4693.3	2817.03	0.4148,1.9486,0.043,5.2181,0.0854
sec_contact_sym_mig	Round_4_Replicate_1	-935.56	1881.12	1361.9	1647.51	0.6452,2.16,0.0358,11.7797,0.1404
sec_contact_sym_mig	Round_4_Replicate_2	-985.76	1981.52	1867.13	2795.02	0.3175,1.4549,0.0615,6.4826,0.0654
sec_contact_sym_mig	Round_4_Replicate_3	-857.09	1724.18	4685.95	2466.23	0.3923,1.4739,0.0274,7.6624,0.0681
sec_contact_sym_mig	Round_4_Replicate_4	-785.69	1581.38	5189.49	2537.22	0.4305,1.3329,0.038,7.402,0.0637
sec_contact_sym_mig	Round_4_Replicate_5	-850.19	1710.38	61409.04	1515.33	0.6774,2.3483,0.0346,13.0883,0.0543
