Model	Replicate	log-likelihood	AIC	chi-squared	theta	optimized_params(nu1, nu2, T)
no_mig	Round_1_Replicate_1	-32455.71	64917.42	104251.23	1406.24	4.6051,0.9121,4.3465
no_mig	Round_1_Replicate_2	-14627.73	29261.46	1363128.34	3533.44	0.2061,3.431,2.6376
no_mig	Round_1_Replicate_3	-96228.8	192463.6	2952311.67	3228.32	7.3845,0.1665,0.2148
no_mig	Round_1_Replicate_4	-30934.03	61874.06	201392.15	1930.62	3.1355,0.3988,3.6126
no_mig	Round_1_Replicate_5	-207984.3	415974.6	2259191517.03	3125.58	5.9648,1.3844,0.2357
no_mig	Round_1_Replicate_6	-36456.84	72919.68	237327.89	3916.3	0.5849,4.6214,1.0741
no_mig	Round_1_Replicate_7	-4501.86	9009.72	2205234.58	2311.48	0.6124,2.2094,6.5478
no_mig	Round_1_Replicate_8	-44688.34	89382.68	392697.15	3080.16	1.2383,2.7781,1.4274
no_mig	Round_1_Replicate_9	-42571.13	85148.26	213873.77	5179.45	1.0841,0.2891,0.4935
no_mig	Round_1_Replicate_10	-50759.46	101524.92	412397.74	3913.84	1.5706,0.6063,0.7112
no_mig	Round_2_Replicate_1	-11339.6	22685.2	429920.09	2065.09	1.7075,0.8013,6.3357
no_mig	Round_2_Replicate_2	-22246.21	44498.42	87318.2	2801.78	0.7712,4.2237,2.4043
no_mig	Round_2_Replicate_3	-13097.31	26200.62	1.8536425120772963e+17	1060.88	2.2431,0.594,18.1938
no_mig	Round_2_Replicate_4	-15251.01	30508.02	64416.74	3306.77	0.3395,3.7656,2.5408
no_mig	Round_2_Replicate_5	-34431.24	68868.48	200089.53	2787.41	1.3579,2.4787,1.9294
no_mig	Round_2_Replicate_6	-7891.18	15788.36	9672484.1	2533.99	1.041,0.6796,6.2592
no_mig	Round_2_Replicate_7	-4074.47	8154.94	7278242505.6	745.57	1.673,4.8815,26.441
no_mig	Round_2_Replicate_8	-23159.33	46324.66	76703.96	2718.3	1.5964,1.3254,2.4622
no_mig	Round_2_Replicate_9	-10319.14	20644.28	37097.65	4523.58	0.3216,1.8056,1.9537
no_mig	Round_2_Replicate_10	-6315.73	12637.46	311109962.71	3915.24	0.2077,1.6121,3.5544
no_mig	Round_3_Replicate_1	-4521.79	9049.58	2979911.99	1551.53	1.3177,2.0107,10.784
no_mig	Round_3_Replicate_2	-4989.95	9985.9	5037235075140.34	1471.66	0.5377,3.0746,13.0187
no_mig	Round_3_Replicate_3	-4504.37	9014.74	1493895978054.21	997.17	0.9295,3.9785,20.1849
no_mig	Round_3_Replicate_4	-4682.49	9370.98	7672555585.5	1802.51	0.5192,2.7746,9.7651
no_mig	Round_3_Replicate_5	-4868.75	9743.5	969346718745.29	1054.29	1.078,2.6314,20.1996
no_mig	Round_4_Replicate_1	-4424.84	8855.68	127873409374.78	1109.41	0.8559,3.9553,17.3344
no_mig	Round_4_Replicate_2	-3885.2	7776.4	130233567.92	1256.02	1.1361,3.1484,14.3235
no_mig	Round_4_Replicate_3	-3938.25	7882.5	217114715.38	825.59	1.7846,4.6588,22.3169
no_mig	Round_4_Replicate_4	-3960.93	7927.86	479989836.17	715.98	1.9676,5.433,26.1297
no_mig	Round_4_Replicate_5	-3992.15	7990.3	176243079.16	619.63	2.5133,6.0608,29.7939
Model	Replicate	log-likelihood	AIC	chi-squared	theta	optimized_params(nu1, nu2, T)
no_mig	Round_1_Replicate_1	-18823.29	37652.58	66585.4	4364.09	0.571,1.7394,1.4282
no_mig	Round_1_Replicate_2	-10683.74	21373.48	169816.23	2479.94	0.4757,3.7217,4.4633
no_mig	Round_1_Replicate_3	-13687.27	27380.54	38077.66	9076.37	0.2354,0.4444,0.4445
no_mig	Round_1_Replicate_4	-41148.27	82302.54	257587.25	5437.23	0.8174,0.5607,0.5495
no_mig	Round_1_Replicate_5	-30840.82	61687.64	87788.42	4463.73	1.2622,0.2101,1.0279
no_mig	Round_1_Replicate_6	-262767.82	525541.64	46923596952.9	2950.89	4.5953,6.0496,0.3141
no_mig	Round_1_Replicate_7	-5276.94	10559.88	1063491.39	3220.97	0.696,0.7639,4.7886
no_mig	Round_1_Replicate_8	-8755.54	17517.08	42527.61	1521.26	2.0577,2.0143,8.3777
no_mig	Round_1_Replicate_9	-10041.55	20089.1	357360766642263.2	4696.04	0.2658,0.2247,4.2917
no_mig	Round_1_Replicate_10	-221415.26	442836.52	4649010595.53	2548.62	8.6715,2.0887,0.3159
no_mig	Round_2_Replicate_1	-9120.45	18246.9	2068720384991.08	3492.16	0.4296,0.3638,5.7413
no_mig	Round_2_Replicate_2	-4967.88	9941.76	35367302.13	3923.0	0.4451,0.5901,4.3025
no_mig	Round_2_Replicate_3	-4655.21	9316.42	77248219852.29	4575.01	0.1806,0.814,3.7833
no_mig	Round_2_Replicate_4	-3975.17	7956.34	1214026.2	3699.54	0.4937,0.8364,4.1765
no_mig	Round_2_Replicate_5	-8321.54	16649.08	743181167298052.0	4088.43	0.2205,0.4138,5.1422
no_mig	Round_2_Replicate_6	-5282.45	10570.9	102082.51	2032.78	1.1054,1.9195,6.9746
no_mig	Round_2_Replicate_7	-14492.56	28991.12	43683.65	2206.48	1.2895,2.7063,4.1346
no_mig	Round_2_Replicate_8	-14520.59	29047.18	1.991601847060292e+17	1169.43	2.1986,0.463,15.8883
no_mig	Round_2_Replicate_9	-4375.04	8756.08	106843.01	4357.82	0.4869,0.7152,3.1209
no_mig	Round_2_Replicate_10	-7528.94	15063.88	64782350895642.29	4042.66	0.2345,0.4586,5.0986
no_mig	Round_3_Replicate_1	-5855.25	11716.5	112387521349507.86	2788.61	0.2224,1.6834,6.5027
no_mig	Round_3_Replicate_2	-3627.1	7260.2	7787947.01	3426.06	0.4345,1.0526,4.714
no_mig	Round_3_Replicate_3	-3337.42	6680.84	945110.75	7231.36	0.1737,0.5099,1.7941
no_mig	Round_3_Replicate_4	-6723.29	13452.58	2247780.54	2543.44	1.0,0.8115,6.1438
no_mig	Round_3_Replicate_5	-3765.58	7537.16	9199055.8	2654.47	0.5372,1.5758,6.1055
no_mig	Round_4_Replicate_1	-3386.5	6779.0	562903.45	5726.52	0.248,0.6796,2.3667
no_mig	Round_4_Replicate_2	-3301.54	6609.08	288861.67	6439.54	0.2262,0.5797,2.0093
no_mig	Round_4_Replicate_3	-2889.26	5784.52	22472.14	10269.03	0.1463,0.323,0.8977
no_mig	Round_4_Replicate_4	-3139.64	6285.28	135773.09	8239.61	0.165,0.4422,1.4002
no_mig	Round_4_Replicate_5	-2935.54	5877.08	33020.74	9883.81	0.1453,0.3432,0.9943
Model	Replicate	log-likelihood	AIC	chi-squared	theta	optimized_params(nu1, nu2, T)
no_mig	Round_1_Replicate_1	-4618.92	9243.84	206055154670.14	2186.72	0.3935,1.9962,8.4665
no_mig	Round_1_Replicate_2	-11788.01	23582.02	35857.17	1776.45	1.4264,3.4405,5.8716
no_mig	Round_1_Replicate_3	-86478.34	172962.68	2817633.27	1961.33	5.8254,1.0816,0.9347
no_mig	Round_1_Replicate_4	-26529.16	53064.32	15392414.72	1257.47	4.2331,0.5663,7.5966
no_mig	Round_1_Replicate_5	-162943.25	325892.5	243172441.49	1706.26	6.6506,4.5534,0.9725
no_mig	Round_1_Replicate_6	-17111.61	34229.22	41308.1	2629.35	1.6866,0.7539,3.3385
no_mig	Round_1_Replicate_7	-19541.59	39089.18	1142643.26	2375.47	1.906,0.414,4.3557
no_mig	Round_1_Replicate_8	-13058.95	26123.9	389387527.74	2406.78	0.2646,4.5014,4.7936
no_mig	Round_1_Replicate_9	-29494.03	58994.06	143311.59	8787.84	0.1717,0.7946,0.2643
no_mig	Round_1_Replicate_10	-6370.93	12747.86	5275986853.75	5136.64	0.262,0.367,3.4932
no_mig	Round_2_Replicate_1	-8295.18	16596.36	23097.39	3572.51	0.7399,1.2484,2.851
no_mig	Round_2_Replicate_2	-5681.44	11368.88	276513244980945.6	898.63	0.7506,5.3722,21.8774
no_mig	Round_2_Replicate_3	-3421.97	6849.94	741243.86	5258.71	0.2788,0.7224,2.6675
no_mig	Round_2_Replicate_4	-7085.09	14176.18	1.115426747216112e+18	832.56	0.5474,5.6494,24.8689
no_mig	Round_2_Replicate_5	-6103.44	12212.88	4.122919752288937e+16	2585.21	0.2223,1.6671,7.41
no_mig	Round_2_Replicate_6	-4719.06	9444.12	1642564368.5	3253.89	0.4107,0.8009,5.7232
no_mig	Round_2_Replicate_7	-15586.6	31179.2	50515.09	2221.84	1.0749,3.5514,3.9648
no_mig	Round_2_Replicate_8	-6147.66	12301.32	5.0570518283761235e+17	1785.93	0.3214,2.4171,11.1764
no_mig	Round_2_Replicate_9	-12286.95	24579.9	1940678.04	3155.32	0.2594,3.3056,3.3309
no_mig	Round_2_Replicate_10	-6493.47	12992.94	477460.3	2061.5	0.6751,3.1531,6.5783
no_mig	Round_3_Replicate_1	-3678.09	7362.18	5258411.27	4065.52	0.3205,1.0503,3.7114
no_mig	Round_3_Replicate_2	-3855.04	7716.08	476163.24	3295.85	0.5206,1.2127,4.4769
no_mig	Round_3_Replicate_3	-4927.52	9861.04	1924241.88	2985.99	0.709,0.8618,5.3402
no_mig	Round_3_Replicate_4	-3427.08	6860.16	31697.12	7178.77	0.2331,0.54,1.5299
no_mig	Round_3_Replicate_5	-4581.75	9169.5	11977.94	18375.71	0.0349,0.0753,0.1013
no_mig	Round_4_Replicate_1	-3638.17	7282.34	4709956.64	3278.85	0.4474,1.2038,4.821
no_mig	Round_4_Replicate_2	-2898.46	5802.92	17314.65	10592.69	0.1428,0.3247,0.7929
no_mig	Round_4_Replicate_3	-3349.05	6704.1	301570.3	6034.75	0.245,0.6314,2.178
no_mig	Round_4_Replicate_4	-3207.57	6421.14	127668.64	7406.78	0.2013,0.4814,1.6301
no_mig	Round_4_Replicate_5	-3546.56	7099.12	1975062.63	4089.76	0.3602,0.9502,3.682
