Model	Replicate	log-likelihood	AIC	chi-squared	theta	optimized_params(nu1, nu2, m, T)
sym_mig	Round_1_Replicate_1	-87977.35	175962.7	2613200.2	4537.37	1.688,0.2277,0.272,0.3368
sym_mig	Round_1_Replicate_2	-36356.88	72721.76	228211.76	4259.08	0.3527,1.622,0.2872,3.3895
sym_mig	Round_1_Replicate_3	-116304.27	232616.54	20318178.23	6438.93	0.5919,0.6889,0.2911,0.1753
sym_mig	Round_1_Replicate_4	-114651.96	229311.92	20354239.49	1566.94	3.3479,3.9201,0.144,2.8457
sym_mig	Round_1_Replicate_5	-35507.22	71022.44	215376.96	4084.46	0.3847,1.6287,0.2666,3.5676
sym_mig	Round_1_Replicate_6	-117485.31	234978.62	22515244.02	5090.61	0.9569,1.1706,0.1833,0.3016
sym_mig	Round_1_Replicate_7	-324007.54	648023.08	885063709331.78	1941.33	6.0124,1.0481,3.3132,1.4663
sym_mig	Round_1_Replicate_8	-320354.86	640717.72	676969217723.4	1407.75	7.6086,0.9852,2.9146,5.9486
sym_mig	Round_1_Replicate_9	-102054.54	204117.08	2926564.41	1585.27	5.2392,0.1291,0.1737,3.6217
sym_mig	Round_1_Replicate_10	-105858.15	211724.3	11079974.92	10532.83	0.2495,0.3848,2.2841,4.5283
sym_mig	Round_2_Replicate_1	-20908.91	41825.82	67087.76	8321.69	0.218,0.4629,0.4107,2.1458
sym_mig	Round_2_Replicate_2	-55295.09	110598.18	731010.7	5771.64	0.1411,2.8202,0.6398,1.3453
sym_mig	Round_2_Replicate_3	-40073.45	80154.9	282821.39	4649.36	0.2137,1.7136,0.4026,4.5855
sym_mig	Round_2_Replicate_4	-33964.11	67936.22	155365.09	3447.57	0.0981,2.7523,0.2619,9.0306
sym_mig	Round_2_Replicate_5	-22089.89	44187.78	75482.86	9883.37	0.0967,0.5736,0.5747,2.696
sym_mig	Round_2_Replicate_6	-99254.22	198516.44	6420955.25	2856.01	1.3477,0.7882,0.4753,6.5097
sym_mig	Round_2_Replicate_7	-11617.48	23242.96	30034.16	6933.27	0.1834,1.0696,0.0713,1.082
sym_mig	Round_2_Replicate_8	-43679.66	87367.32	306211.62	4468.87	0.6914,0.7212,0.2958,2.702
sym_mig	Round_2_Replicate_9	-17869.8	35747.6	43163.83	3271.5	1.096,0.68,0.0586,3.5005
sym_mig	Round_2_Replicate_10	-49253.21	98514.42	542372.41	3017.07	0.9398,3.2132,0.1087,1.9411
sym_mig	Round_3_Replicate_1	-3360.5	6729.0	6028.07	4497.2	0.4816,0.761,0.0102,2.8826
sym_mig	Round_3_Replicate_2	-1236.96	2481.92	2406.85	7017.76	0.1819,0.516,0.0199,1.9573
sym_mig	Round_3_Replicate_3	-11171.98	22351.96	31914.17	9140.31	0.0764,0.8268,0.0175,0.6404
sym_mig	Round_3_Replicate_4	-1438.97	2885.94	3782.18	11635.97	0.0993,0.2633,0.0218,0.8621
sym_mig	Round_3_Replicate_5	-5973.44	11954.88	11243.54	6029.87	0.1098,0.9439,0.0973,2.668
sym_mig	Round_4_Replicate_1	-1563.0	3134.0	3095.51	8011.05	0.172,0.4805,0.0214,1.4555
sym_mig	Round_4_Replicate_2	-988.95	1985.9	1333.05	9670.31	0.1123,0.334,0.0528,1.3498
sym_mig	Round_4_Replicate_3	-995.7	1999.4	1369.77	10453.08	0.1023,0.302,0.0563,1.1832
sym_mig	Round_4_Replicate_4	-2294.11	4596.22	4140.64	8719.03	0.1335,0.5174,0.0421,1.2134
sym_mig	Round_4_Replicate_5	-1653.75	3315.5	2749.74	6556.67	0.1594,0.3337,0.0462,3.0523
Model	Replicate	log-likelihood	AIC	chi-squared	theta	optimized_params(nu1, nu2, m, T)
sym_mig	Round_1_Replicate_1	-174414.37	348836.74	520980865.09	6742.53	0.232,3.8994,3.6681,0.314
sym_mig	Round_1_Replicate_2	-179369.42	358746.84	550160323.38	9812.9	0.2201,0.3762,6.0286,0.3992
sym_mig	Round_1_Replicate_3	-46858.09	93724.18	438814.26	4917.94	0.5,1.1944,0.3243,1.6338
sym_mig	Round_1_Replicate_4	-231460.49	462928.98	4931410288.66	3201.24	4.2603,0.1653,3.022,2.2323
sym_mig	Round_1_Replicate_5	-194813.41	389634.82	1453422549.23	5329.77	0.9059,2.4706,0.519,0.1786
sym_mig	Round_1_Replicate_6	-141694.41	283396.82	66336298.45	8008.17	0.4543,0.3034,2.3818,1.3913
sym_mig	Round_1_Replicate_7	-340522.65	681053.3	2548179833251.35	2250.51	6.8731,2.6501,1.9919,0.4652
sym_mig	Round_1_Replicate_8	-314847.4	629702.8	485820659737.37	2402.24	5.3148,0.4766,5.0181,3.7707
sym_mig	Round_1_Replicate_9	-63061.54	126131.08	1188740.87	5742.27	0.5082,1.5496,0.148,0.462
sym_mig	Round_1_Replicate_10	-133205.63	266419.26	46838021.1	8313.28	0.3463,0.4258,2.4518,1.2921
sym_mig	Round_2_Replicate_1	-25817.01	51642.02	105868.74	2756.4	0.9097,1.7675,0.0983,4.4121
sym_mig	Round_2_Replicate_2	-50529.04	101066.08	552513.96	4800.14	0.2621,1.5833,0.5126,4.3404
sym_mig	Round_2_Replicate_3	-35248.52	70505.04	190903.64	4772.52	0.1268,1.8652,0.3787,5.1312
sym_mig	Round_2_Replicate_4	-102343.5	204695.0	10068145.36	2257.74	1.7084,2.4383,0.2813,2.9147
sym_mig	Round_2_Replicate_5	-32277.79	64563.58	182332.34	3786.66	0.7291,2.107,0.0641,1.5792
sym_mig	Round_2_Replicate_6	-40862.2	81732.4	219522.53	4473.11	0.7624,0.4642,0.28,3.5138
sym_mig	Round_2_Replicate_7	-42667.03	85342.06	336510.72	4431.09	0.1979,3.2177,0.3194,2.0551
sym_mig	Round_2_Replicate_8	-16630.89	33269.78	43025.07	8281.79	0.3548,0.337,0.0748,0.5703
sym_mig	Round_2_Replicate_9	-66107.8	132223.6	1069811.88	4542.15	1.2299,0.5555,0.1316,0.5701
sym_mig	Round_2_Replicate_10	-63614.44	127236.88	1162420.47	4316.62	0.8757,1.2785,0.212,0.9765
sym_mig	Round_3_Replicate_1	-11853.64	23715.28	28820.13	7332.05	0.3429,0.5214,0.0896,0.9811
sym_mig	Round_3_Replicate_2	-32171.05	64350.1	111826.06	5321.23	0.9367,0.2972,0.0378,0.7402
sym_mig	Round_3_Replicate_3	-33394.16	66796.32	155715.15	5514.4	0.701,0.5313,0.1423,0.9597
sym_mig	Round_3_Replicate_4	-19228.25	38464.5	58309.05	8147.04	0.33,0.4168,0.1545,0.6411
sym_mig	Round_3_Replicate_5	-1543.56	3095.12	2040.99	11990.58	0.0728,0.2804,0.1364,1.0431
sym_mig	Round_4_Replicate_1	-1317.25	2642.5	2703.02	11333.27	0.0797,0.3055,0.0415,0.9668
sym_mig	Round_4_Replicate_2	-1029.3	2066.6	1370.07	12157.46	0.0918,0.2375,0.0693,0.8867
sym_mig	Round_4_Replicate_3	-2031.81	4071.62	3772.63	9592.88	0.0904,0.459,0.0489,1.1725
sym_mig	Round_4_Replicate_4	-1249.97	2507.94	1550.19	9706.98	0.1034,0.2745,0.1002,1.7211
sym_mig	Round_4_Replicate_5	-1271.52	2551.04	1566.27	12552.87	0.0831,0.2103,0.1301,1.0184
Model	Replicate	log-likelihood	AIC	chi-squared	theta	optimized_params(nu1, nu2, m, T)
sym_mig	Round_1_Replicate_1	-49073.29	98154.58	491767.39	8291.92	0.2594,0.604,0.2475,0.2532
sym_mig	Round_1_Replicate_2	-55066.53	110141.06	733332.8	3321.26	0.6179,2.1019,0.294,3.4513
sym_mig	Round_1_Replicate_3	-287409.91	574827.82	179124002137.2	1519.37	1.9371,4.1173,1.9029,6.244
sym_mig	Round_1_Replicate_4	-108415.16	216838.32	7680053.53	3201.67	4.5763,0.3196,0.118,0.3066
sym_mig	Round_1_Replicate_5	-148674.76	297357.52	89170164.21	4829.57	1.1952,0.3778,1.19,0.5404
sym_mig	Round_1_Replicate_6	-186419.33	372846.66	965017232.13	5932.0	0.4988,5.7032,1.417,0.1882
sym_mig	Round_1_Replicate_7	-273039.0	546086.0	68174134974.24	2986.28	1.8804,0.8454,3.0673,1.8524
sym_mig	Round_1_Replicate_8	-113678.82	227365.64	13789060.92	4243.03	1.9637,0.5056,0.1395,0.2754
sym_mig	Round_1_Replicate_9	-33831.18	67670.36	122195.91	9183.68	0.3527,0.1335,0.168,0.2518
sym_mig	Round_1_Replicate_10	-248926.99	497861.98	26034813936.81	3604.77	0.4289,6.4834,4.3842,8.1379
sym_mig	Round_2_Replicate_1	-19808.5	39625.0	47969.11	11611.28	0.1927,0.1233,0.0981,0.2045
sym_mig	Round_2_Replicate_2	-15392.43	30792.86	37966.33	9304.07	0.2704,0.3035,0.2445,0.7917
sym_mig	Round_2_Replicate_3	-105437.41	210882.82	8971800.68	5690.88	0.9365,0.3533,0.5302,0.2512
sym_mig	Round_2_Replicate_4	-4214.26	8436.52	7632.81	16110.27	0.1015,0.0919,0.0575,0.2716
sym_mig	Round_2_Replicate_5	-68965.41	137938.82	1327934.77	5879.6	0.7659,0.4746,0.1804,0.3523
sym_mig	Round_2_Replicate_6	-16849.21	33706.42	41653.72	13669.11	0.0952,0.1234,0.2475,0.1351
sym_mig	Round_2_Replicate_7	-1640.64	3289.28	2537.75	15286.53	0.0908,0.1466,0.0697,0.3849
sym_mig	Round_2_Replicate_8	-42479.21	84966.42	250290.26	10008.7	0.2431,0.1676,0.4372,0.1844
sym_mig	Round_2_Replicate_9	-16617.8	33243.6	40241.54	13414.02	0.149,0.1719,0.5665,0.4469
sym_mig	Round_2_Replicate_10	-41569.37	83146.74	156347.54	7638.6	0.5822,0.0843,0.116,0.3114
sym_mig	Round_3_Replicate_1	-2150.92	4309.84	4204.68	10061.04	0.1051,0.4311,0.0383,0.95
sym_mig	Round_3_Replicate_2	-5334.59	10677.18	9756.31	10368.98	0.2106,0.28,0.0346,0.5885
sym_mig	Round_3_Replicate_3	-6496.77	13001.54	30557.41	13389.15	0.0225,0.3128,0.0196,0.6393
sym_mig	Round_3_Replicate_4	-1991.13	3990.26	2847.79	11391.81	0.0897,0.323,0.1283,0.9735
sym_mig	Round_3_Replicate_5	-3536.03	7080.06	11650.77	17675.55	0.0295,0.1447,0.0371,0.3254
sym_mig	Round_4_Replicate_1	-1083.55	2175.1	1586.69	13617.58	0.0776,0.216,0.0706,0.6433
sym_mig	Round_4_Replicate_2	-1434.76	2877.52	2405.5	17462.9	0.0598,0.1174,0.087,0.3046
sym_mig	Round_4_Replicate_3	-1349.01	2706.02	2707.61	15456.05	0.0669,0.1662,0.0501,0.4456
sym_mig	Round_4_Replicate_4	-1212.63	2433.26	1570.71	14812.56	0.0745,0.1854,0.1053,0.5004
sym_mig	Round_4_Replicate_5	-1371.61	2751.22	2286.14	16781.12	0.0654,0.13,0.0754,0.3296
