Model	Replicate	log-likelihood	AIC	chi-squared	theta	optimized_params
no_mig	Round_4_Replicate_3	-2889.26	5784.52	22472.14	10269.03	0.1463,0.323,0.8977	
no_mig	Round_4_Replicate_2	-2898.46	5802.92	17314.65	10592.69	0.1428,0.3247,0.7929	
no_mig	Round_4_Replicate_5	-2935.54	5877.08	33020.74	9883.81	0.1453,0.3432,0.9943	
no_mig	Round_4_Replicate_4	-3139.64	6285.28	135773.09	8239.61	0.165,0.4422,1.4002	
no_mig	Round_4_Replicate_4	-3207.57	6421.14	127668.64	7406.78	0.2013,0.4814,1.6301	
sec_contact_sym_mig	Round_4_Replicate_4	-785.69	1581.38	5189.49	2537.22	0.4305,1.3329,0.038,7.402,0.0637	
sec_contact_sym_mig	Round_4_Replicate_5	-850.19	1710.38	61409.04	1515.33	0.6774,2.3483,0.0346,13.0883,0.0543	
sec_contact_sym_mig	Round_4_Replicate_3	-857.09	1724.18	4685.95	2466.23	0.3923,1.4739,0.0274,7.6624,0.0681	
sec_contact_sym_mig	Round_4_Replicate_1	-935.56	1881.12	1361.9	1647.51	0.6452,2.16,0.0358,11.7797,0.1404	
sec_contact_sym_mig	Round_4_Replicate_2	-985.76	1981.52	1867.13	2795.02	0.3175,1.4549,0.0615,6.4826,0.0654	
sym_mig	Round_4_Replicate_2	-988.95	1985.9	1333.05	9670.31	0.1123,0.334,0.0528,1.3498	
sym_mig	Round_4_Replicate_3	-995.7	1999.4	1369.77	10453.08	0.1023,0.302,0.0563,1.1832	
sym_mig	Round_4_Replicate_2	-1029.3	2066.6	1370.07	12157.46	0.0918,0.2375,0.0693,0.8867	
sym_mig	Round_4_Replicate_1	-1083.55	2175.1	1586.69	13617.58	0.0776,0.216,0.0706,0.6433	
sym_mig	Round_4_Replicate_4	-1212.63	2433.26	1570.71	14812.56	0.0745,0.1854,0.1053,0.5004	
