Model	Replicate	log-likelihood	AIC	chi-squared	theta	optimized_params(nu1, nu2, m, T)
sym_mig	Round_1_Replicate_1	-1778.32	3564.64	11135.66	141.1	3.1998,0.4994,0.2389,4.2263
sym_mig	Round_1_Replicate_2	-5668.81	11345.62	1867362.26	141.36	1.1247,2.7486,0.4544,1.1496
sym_mig	Round_1_Replicate_3	-5041.94	10091.88	354700.76	288.56	0.122,1.5654,1.1014,0.2136
sym_mig	Round_1_Replicate_4	-871.72	1751.44	2013.85	137.43	2.4171,0.5917,0.1181,5.0082
sym_mig	Round_1_Replicate_5	-5504.4	11016.8	1395772.41	185.99	0.8267,2.6108,0.361,0.4636
sym_mig	Round_1_Replicate_6	-2581.78	5171.56	15864.67	186.12	0.2268,1.7333,0.2216,2.082
sym_mig	Round_1_Replicate_7	-4573.75	9155.5	579510.99	80.3	5.7504,2.5347,0.1823,3.2786
sym_mig	Round_1_Replicate_8	-977.04	1962.08	2464.63	435.13	0.778,0.144,0.4294,0.6446
sym_mig	Round_1_Replicate_9	-10296.0	20600.0	746512640.88	268.4	0.5587,1.056,3.4535,0.469
sym_mig	Round_1_Replicate_10	-4196.52	8401.04	340227.4	378.95	3.8604,0.1518,1.7828,0.1639
sym_mig	Round_2_Replicate_1	-1151.13	2310.26	3437.41	103.8	5.9236,0.9238,0.0309,3.3814
sym_mig	Round_2_Replicate_2	-2082.54	4173.08	15691.58	152.26	3.5091,0.2235,0.384,6.9137
sym_mig	Round_2_Replicate_3	-4441.2	8890.4	496114.1	79.59	4.7036,1.9695,0.2629,5.2224
sym_mig	Round_2_Replicate_4	-1039.07	2086.14	2532.37	103.7	6.1668,0.2357,0.0317,4.8852
sym_mig	Round_2_Replicate_5	-1183.16	2374.32	3839.3	210.57	1.2201,0.9069,0.0479,1.2805
sym_mig	Round_2_Replicate_6	-4461.75	8931.5	466987.13	124.94	2.041,1.6592,0.3844,2.8188
sym_mig	Round_2_Replicate_7	-2859.8	5727.6	39105.0	147.79	0.9089,1.2047,0.3878,10.1608
sym_mig	Round_2_Replicate_8	-1344.78	2697.56	4754.85	147.45	1.4353,1.6173,0.0349,2.011
sym_mig	Round_2_Replicate_9	-3114.98	6237.96	82393.62	87.38	5.1892,0.7063,0.3333,17.5773
sym_mig	Round_2_Replicate_10	-1369.87	2747.74	5395.01	147.38	2.9717,0.4194,0.1951,4.2744
sym_mig	Round_3_Replicate_1	-348.64	705.28	506.43	103.01	2.0076,0.675,0.0224,9.5033
sym_mig	Round_3_Replicate_2	-724.43	1456.86	1324.53	314.52	1.3763,0.1256,0.1187,1.2856
sym_mig	Round_3_Replicate_3	-345.99	699.98	464.13	160.85	1.4308,0.4496,0.0368,5.2286
sym_mig	Round_3_Replicate_4	-737.86	1483.72	1376.08	186.46	1.2232,0.5381,0.1652,4.6689
sym_mig	Round_3_Replicate_5	-622.49	1252.98	1275.02	62.52	1.1287,1.4213,0.0226,28.0614
sym_mig	Round_4_Replicate_1	-321.18	650.36	291.22	157.79	1.1774,0.3159,0.084,10.1182
sym_mig	Round_4_Replicate_2	-340.8	689.6	340.42	165.98	0.8781,0.497,0.0767,7.9538
sym_mig	Round_4_Replicate_3	-311.43	630.86	272.8	86.98	2.0959,0.6511,0.0425,17.2448
sym_mig	Round_4_Replicate_4	-339.18	686.36	393.68	134.18	1.7426,0.418,0.0432,7.4278
sym_mig	Round_4_Replicate_5	-316.01	640.02	328.57	171.69	1.1787,0.3554,0.061,6.221
Model	Replicate	log-likelihood	AIC	chi-squared	theta	optimized_params(nu1, nu2, m, T)
sym_mig	Round_1_Replicate_1	-11338.78	22685.56	3240776027.66	340.76	0.8326,0.4734,5.8218,0.1813
sym_mig	Round_1_Replicate_2	-5713.0	11434.0	2727185.43	242.47	5.0465,0.2206,2.2534,3.8223
sym_mig	Round_1_Replicate_3	-5358.31	10724.62	1365629.0	233.76	0.8002,1.1195,0.8642,0.7121
sym_mig	Round_1_Replicate_4	-922.66	1853.32	2201.53	474.23	0.5967,0.1491,0.2191,0.3045
sym_mig	Round_1_Replicate_5	-11871.89	23751.78	6627136455.8	304.42	1.7905,0.5671,4.4176,0.1777
sym_mig	Round_1_Replicate_6	-11078.8	22165.6	1236705546.87	261.27	0.1708,2.6298,5.9339,0.4215
sym_mig	Round_1_Replicate_7	-9501.64	19011.28	239328979.53	171.89	0.8994,5.2066,0.9136,0.3122
sym_mig	Round_1_Replicate_8	-5066.13	10140.26	461040.67	254.35	0.2017,1.5954,0.9701,0.489
sym_mig	Round_1_Replicate_9	-7830.11	15668.22	42062966.39	335.03	4.6367,0.1838,4.8114,1.5048
sym_mig	Round_1_Replicate_10	-3247.98	6503.96	38894.11	198.93	0.2539,1.5976,0.3901,2.0189
sym_mig	Round_2_Replicate_1	-4956.1	9920.2	933108.66	338.18	1.0475,0.4705,0.649,0.192
sym_mig	Round_2_Replicate_2	-2429.99	4867.98	25776.29	426.81	1.7408,0.1034,0.7328,0.1307
sym_mig	Round_2_Replicate_3	-395.11	798.22	704.98	624.04	0.2871,0.1142,0.0717,0.4117
sym_mig	Round_2_Replicate_4	-1213.99	2435.98	3489.48	411.07	1.3655,0.0942,0.2387,0.3295
sym_mig	Round_2_Replicate_5	-374.69	757.38	603.53	682.17	0.2244,0.1056,0.0981,0.3561
sym_mig	Round_2_Replicate_6	-609.42	1226.84	1300.66	476.25	0.2555,0.3127,0.0691,0.6891
sym_mig	Round_2_Replicate_7	-1075.78	2159.56	2868.6	457.93	0.9558,0.0846,0.0689,0.2374
sym_mig	Round_2_Replicate_8	-537.14	1082.28	717.84	774.09	0.2192,0.0437,0.634,0.2354
sym_mig	Round_2_Replicate_9	-1428.32	2864.64	6014.11	418.19	0.8743,0.1515,0.6463,0.7043
sym_mig	Round_2_Replicate_10	-397.97	803.94	495.91	570.66	0.3699,0.1226,0.1563,0.4679
sym_mig	Round_3_Replicate_1	-550.71	1109.42	753.53	664.53	0.1731,0.1386,0.3205,0.2575
sym_mig	Round_3_Replicate_2	-454.14	916.28	848.41	677.76	0.207,0.0978,0.0177,0.2285
sym_mig	Round_3_Replicate_3	-744.44	1496.88	1529.44	486.33	0.7232,0.0524,0.202,0.6738
sym_mig	Round_3_Replicate_4	-323.21	654.42	328.46	767.7	0.193,0.0795,0.3012,0.3859
sym_mig	Round_3_Replicate_5	-320.58	649.16	333.77	520.29	0.3922,0.1156,0.1859,1.141
sym_mig	Round_4_Replicate_1	-317.65	643.3	282.39	441.4	0.4585,0.1402,0.1981,1.7771
sym_mig	Round_4_Replicate_2	-308.74	625.48	280.13	470.39	0.371,0.1375,0.2059,1.8509
sym_mig	Round_4_Replicate_3	-312.51	633.02	300.99	461.82	0.4137,0.1506,0.1746,1.4964
sym_mig	Round_4_Replicate_4	-309.4	626.8	272.6	447.19	0.3737,0.1385,0.2136,2.3686
sym_mig	Round_4_Replicate_5	-310.79	629.58	291.3	620.94	0.2865,0.1031,0.2562,0.8789
Model	Replicate	log-likelihood	AIC	chi-squared	theta	optimized_params(nu1, nu2, m, T)
sym_mig	Round_1_Replicate_1	-13214.15	26436.3	24082649230.23	148.66	0.6702,3.571,3.647,1.3635
sym_mig	Round_1_Replicate_2	-16393.27	32794.54	1768146077608.15	116.53	2.8638,2.3144,3.5738,1.548
sym_mig	Round_1_Replicate_3	-8850.44	17708.88	71158278.35	154.22	0.3024,3.4709,1.9301,2.774
sym_mig	Round_1_Replicate_4	-14015.09	28038.18	84902313313.05	182.66	3.0561,3.7875,1.094,0.2543
sym_mig	Round_1_Replicate_5	-7595.08	15198.16	27806226.68	388.46	0.6125,0.351,3.8194,6.3075
sym_mig	Round_1_Replicate_6	-7847.72	15703.44	44009484.97	353.19	2.8616,0.193,4.7962,0.4582
sym_mig	Round_1_Replicate_7	-5488.57	10985.14	1929716.29	239.03	3.2712,0.7843,0.4591,0.3938
sym_mig	Round_1_Replicate_8	-8060.73	16129.46	54805749.74	112.52	2.6486,1.4067,0.9984,4.4856
sym_mig	Round_1_Replicate_9	-8793.27	17594.54	137102944.4	209.99	1.257,0.8923,1.9964,1.3455
sym_mig	Round_1_Replicate_10	-4081.29	8170.58	298688.26	493.77	0.6109,0.202,2.3213,2.4114
sym_mig	Round_2_Replicate_1	-3286.57	6581.14	82297.58	859.43	0.2073,0.1736,2.8255,4.7635
sym_mig	Round_2_Replicate_2	-3273.66	6555.32	95228.2	975.24	0.7786,0.0383,4.6142,4.781
sym_mig	Round_2_Replicate_3	-2632.43	5272.86	40135.2	434.24	1.0478,0.119,1.4341,2.4871
sym_mig	Round_2_Replicate_4	-2337.74	4683.48	25544.07	635.9	0.4574,0.1071,1.9707,0.8016
sym_mig	Round_2_Replicate_5	-5571.79	11151.58	1971854.05	689.46	0.3287,0.1957,4.3686,2.733
sym_mig	Round_2_Replicate_6	-1622.62	3253.24	8134.52	546.6	0.4478,0.1669,1.0725,2.5791
sym_mig	Round_2_Replicate_7	-3775.93	7559.86	169291.17	675.29	0.2936,0.2093,2.6257,6.9854
sym_mig	Round_2_Replicate_8	-2051.35	4110.7	14238.7	1097.09	0.1639,0.1199,2.396,2.0497
sym_mig	Round_2_Replicate_9	-4844.91	9697.82	834247.56	471.46	0.6552,0.1915,2.9759,0.6774
sym_mig	Round_2_Replicate_10	-2979.63	5967.26	65120.42	262.35	1.2096,0.5418,0.5997,1.0442
sym_mig	Round_3_Replicate_1	-337.76	683.52	348.94	1693.2	0.0896,0.0243,1.0475,1.9254
sym_mig	Round_3_Replicate_2	-1933.97	3875.94	9648.52	483.61	1.1154,0.0307,1.1108,3.7338
sym_mig	Round_3_Replicate_3	-2093.82	4195.64	11502.5	537.7	1.1161,0.0222,1.3484,3.5417
sym_mig	Round_3_Replicate_4	-405.95	819.9	513.9	1512.85	0.1284,0.0207,1.067,1.8702
sym_mig	Round_3_Replicate_5	-328.1	664.2	280.35	381.1	0.4361,0.1252,0.2499,8.9834
sym_mig	Round_4_Replicate_1	-321.32	650.64	269.78	428.78	0.3515,0.1205,0.2735,13.4392
sym_mig	Round_4_Replicate_2	-317.36	642.72	265.94	375.54	0.4006,0.1503,0.2224,5.5951
sym_mig	Round_4_Replicate_3	-412.42	832.84	443.42	283.84	0.806,0.2853,0.1545,2.7217
sym_mig	Round_4_Replicate_4	-317.22	642.44	293.59	494.64	0.3064,0.1087,0.262,3.039
sym_mig	Round_4_Replicate_5	-317.57	643.14	300.22	435.15	0.3893,0.1144,0.2236,3.1177
