Model	Replicate	log-likelihood	AIC	chi-squared	theta	optimized_params(nu1, nu2, T)
no_mig	Round_1_Replicate_1	-1309.23	2624.46	25481.51	128.66	5.7523,0.4349,2.6851
no_mig	Round_1_Replicate_2	-2452.15	4910.3	27705.73	334.88	2.4745,0.2826,0.242
no_mig	Round_1_Replicate_3	-2688.68	5383.36	340686.95	88.22	0.2952,5.3045,2.8121
no_mig	Round_1_Replicate_4	-1879.91	3765.82	2337889.46	110.47	0.4189,2.5879,4.3992
no_mig	Round_1_Replicate_5	-1786.13	3578.26	9398.57	357.1	3.2505,0.1599,0.2285
no_mig	Round_1_Replicate_6	-2342.3	4690.6	6863276.38	102.81	0.3015,3.4152,3.6754
no_mig	Round_1_Replicate_7	-2057.77	4121.54	191939.02	142.54	0.2824,2.3223,2.5106
no_mig	Round_1_Replicate_8	-984.2	1974.4	2988.47	375.32	1.3277,0.1514,0.44
no_mig	Round_1_Replicate_9	-1838.08	3682.16	8347.72	68.79	1.7865,5.6658,3.6321
no_mig	Round_1_Replicate_10	-2004.26	4014.52	8679.83	147.12	0.563,2.9307,1.1624
no_mig	Round_2_Replicate_1	-1155.76	2317.52	13829.58	216.86	3.0389,0.2386,1.361
no_mig	Round_2_Replicate_2	-946.65	1899.3	2970.86	416.23	1.0636,0.1187,0.3781
no_mig	Round_2_Replicate_3	-738.73	1483.46	1953.51	468.66	0.6615,0.1315,0.3581
no_mig	Round_2_Replicate_4	-1478.36	2962.72	5915.06	351.74	4.0232,0.086,0.294
no_mig	Round_2_Replicate_5	-938.78	1883.56	4901.3	215.58	2.3094,0.3769,1.4755
no_mig	Round_2_Replicate_6	-678.69	1363.38	12391.12	490.13	0.4724,0.1382,0.7578
no_mig	Round_2_Replicate_7	-2124.36	4254.72	17051.82	328.11	2.4172,0.2804,0.2815
no_mig	Round_2_Replicate_8	-1334.82	2675.64	4910.67	291.39	3.7573,0.1539,0.5207
no_mig	Round_2_Replicate_9	-777.62	1561.24	2102.17	300.02	0.788,0.5154,0.9
no_mig	Round_2_Replicate_10	-1800.87	3607.74	9518.73	366.15	0.4628,0.4955,0.2917
no_mig	Round_3_Replicate_1	-976.43	1958.86	8320986.77	224.39	1.3487,0.2292,2.795
no_mig	Round_3_Replicate_2	-495.52	997.04	1516.54	565.92	0.316,0.1549,0.4218
no_mig	Round_3_Replicate_3	-1210.11	2426.22	14647032618.29	218.11	1.5152,0.1318,2.9619
no_mig	Round_3_Replicate_4	-765.71	1537.42	2752.03	327.08	1.1794,0.2479,0.819
no_mig	Round_3_Replicate_5	-698.14	1402.28	3517.25	415.46	0.7855,0.157,0.6408
no_mig	Round_4_Replicate_1	-540.78	1087.56	1960.79	460.95	0.4569,0.2204,0.63
no_mig	Round_4_Replicate_2	-538.7	1083.4	2048.46	472.28	0.4324,0.2139,0.623
no_mig	Round_4_Replicate_3	-551.88	1109.76	2029.99	438.72	0.4958,0.2383,0.6805
no_mig	Round_4_Replicate_4	-502.98	1011.96	1631.7	550.2	0.3397,0.1598,0.4511
no_mig	Round_4_Replicate_5	-466.82	939.64	1141.78	665.06	0.2128,0.1145,0.2798
Model	Replicate	log-likelihood	AIC	chi-squared	theta	optimized_params(nu1, nu2, T)
no_mig	Round_1_Replicate_1	-7360.59	14727.18	20885460.7	276.32	5.8517,0.7879,0.1817
no_mig	Round_1_Replicate_2	-1965.66	3937.32	13634.64	171.82	2.8298,1.0961,1.0968
no_mig	Round_1_Replicate_3	-877.4	1760.8	19033.46	499.54	0.2785,0.2089,0.9512
no_mig	Round_1_Replicate_4	-1437.54	2881.08	13231.64	75.93	1.2686,3.9426,5.3619
no_mig	Round_1_Replicate_5	-1374.73	2755.46	3002873559828434.5	135.57	2.5026,0.1618,5.4677
no_mig	Round_1_Replicate_6	-2640.89	5287.78	32944.38	68.05	5.1259,4.4763,3.1361
no_mig	Round_1_Replicate_7	-10653.0	21312.0	1158280871.8	148.16	5.3119,4.7817,0.39
no_mig	Round_1_Replicate_8	-1219.65	2445.3	40616.29	137.12	0.7027,1.6114,3.9858
no_mig	Round_1_Replicate_9	-1677.18	3360.36	5010215927725.04	184.75	0.4896,0.3185,5.8126
no_mig	Round_1_Replicate_10	-1481.66	2969.32	6557.37	238.99	1.4263,0.7383,0.7896
no_mig	Round_2_Replicate_1	-1870.02	3746.04	531125197185.0	260.02	0.2118,0.3486,3.6947
no_mig	Round_2_Replicate_2	-601.64	1209.28	1509.64	466.45	0.5461,0.1783,0.4445
no_mig	Round_2_Replicate_3	-489.12	984.24	1304.67	581.49	0.3099,0.1384,0.3615
no_mig	Round_2_Replicate_4	-1227.92	2461.84	20174901.2	370.96	0.3503,0.2027,2.0109
no_mig	Round_2_Replicate_5	-2157.19	4320.38	6.42544303720204e+25	291.02	0.3053,0.0651,3.7549
no_mig	Round_2_Replicate_6	-899.47	1804.94	410109.35	293.38	0.6876,0.2702,2.2316
no_mig	Round_2_Replicate_7	-1490.15	2986.3	773243557.82	379.64	0.2748,0.1678,2.1931
no_mig	Round_2_Replicate_8	-1005.57	2017.14	2988.28	289.8	1.1093,0.4804,0.7383
no_mig	Round_2_Replicate_9	-543.36	1092.72	2046.8	474.42	0.4802,0.187,0.5836
no_mig	Round_2_Replicate_10	-521.56	1049.12	1620.66	644.61	0.2071,0.1446,0.3614
no_mig	Round_3_Replicate_1	-757.93	1521.86	7058.17	278.47	1.3115,0.2861,1.3279
no_mig	Round_3_Replicate_2	-785.31	1576.62	36895.15	543.76	0.4117,0.0974,0.6973
no_mig	Round_3_Replicate_3	-639.41	1284.82	5438.33	340.69	0.7874,0.279,1.1453
no_mig	Round_3_Replicate_4	-671.12	1348.24	1736.5	527.11	0.489,0.108,0.3
no_mig	Round_3_Replicate_5	-619.32	1244.64	1392.18	451.95	0.3986,0.2792,0.482
no_mig	Round_4_Replicate_1	-526.78	1059.56	1597.51	485.96	0.4027,0.2131,0.5437
no_mig	Round_4_Replicate_2	-498.87	1003.74	1454.1	549.48	0.3417,0.1593,0.4262
no_mig	Round_4_Replicate_3	-492.57	991.14	1426.02	567.37	0.3171,0.1521,0.4049
no_mig	Round_4_Replicate_4	-502.24	1010.48	1467.21	540.49	0.3366,0.1739,0.4492
no_mig	Round_4_Replicate_5	-501.39	1008.78	1552.92	553.21	0.3202,0.1678,0.4477
Model	Replicate	log-likelihood	AIC	chi-squared	theta	optimized_params(nu1, nu2, T)
no_mig	Round_1_Replicate_1	-1047.98	2101.96	25566.71	104.52	1.2208,1.9642,5.4379
no_mig	Round_1_Replicate_2	-1291.51	2589.02	4855.53	111.26	1.9077,2.2622,2.7973
no_mig	Round_1_Replicate_3	-13826.65	27659.3	57151618001.09	175.43	6.4224,5.2066,0.2398
no_mig	Round_1_Replicate_4	-2463.85	4933.7	293395.29	82.36	0.3865,5.151,3.5397
no_mig	Round_1_Replicate_5	-922.74	1851.48	2741333.38	197.58	1.1434,0.3729,3.6717
no_mig	Round_1_Replicate_6	-967.61	1941.22	455446.58	275.43	1.3274,0.1702,1.7392
no_mig	Round_1_Replicate_7	-14808.95	29623.9	181895674229.72	167.79	6.8638,6.9957,0.2385
no_mig	Round_1_Replicate_8	-2771.48	5548.96	17369.06	211.17	0.1543,2.7535,0.3863
no_mig	Round_1_Replicate_9	-1665.59	3337.18	17965.47	246.77	0.2242,1.1274,1.3179
no_mig	Round_1_Replicate_10	-2111.3	4228.6	12217.94	62.8	2.6134,6.2866,3.5502
no_mig	Round_2_Replicate_1	-890.59	1787.18	103035.42	269.77	0.6276,0.397,2.4074
no_mig	Round_2_Replicate_2	-783.82	1573.64	9196.01	203.01	1.7889,0.4563,2.1055
no_mig	Round_2_Replicate_3	-1627.53	3261.06	8925833568526.82	238.2	0.4322,0.203,4.3217
no_mig	Round_2_Replicate_4	-1002.07	2010.14	1885131.98	91.28	4.3513,0.6412,6.6734
no_mig	Round_2_Replicate_5	-1595.13	3196.26	364749151079.76	313.4	0.3293,0.1602,3.0225
no_mig	Round_2_Replicate_6	-785.65	1577.3	19307.89	95.08	2.5632,1.4545,6.0952
no_mig	Round_2_Replicate_7	-1750.84	3507.68	1.1311923469336535e+20	228.71	0.5572,0.117,4.5834
no_mig	Round_2_Replicate_8	-811.78	1629.56	42538.31	81.88	3.8371,1.2742,7.2218
no_mig	Round_2_Replicate_9	-1205.07	2416.14	678517552.16	200.96	1.9598,0.1539,2.855
no_mig	Round_2_Replicate_10	-1272.07	2550.14	1985792205.53	135.06	3.1862,0.2205,4.4669
no_mig	Round_3_Replicate_1	-1297.49	2600.98	4765.39	286.09	3.5075,0.1642,0.5663
no_mig	Round_3_Replicate_2	-663.78	1333.56	6220.19	337.16	0.6076,0.3564,1.2979
no_mig	Round_3_Replicate_3	-1193.41	2392.82	28586456092.77	90.23	3.9782,0.3625,8.048
no_mig	Round_3_Replicate_4	-720.88	1447.76	7197.91	217.32	1.4228,0.4917,2.0216
no_mig	Round_3_Replicate_5	-580.35	1166.7	2716.71	397.31	0.5851,0.2651,0.8445
no_mig	Round_4_Replicate_1	-589.46	1184.92	2726.26	379.64	0.6311,0.2823,0.8924
no_mig	Round_4_Replicate_2	-575.78	1157.56	2366.1	398.76	0.5742,0.2728,0.8104
no_mig	Round_4_Replicate_3	-655.16	1316.32	4567.14	305.44	0.9395,0.3281,1.2556
no_mig	Round_4_Replicate_4	-546.91	1099.82	1881.2	446.26	0.4919,0.2291,0.6411
no_mig	Round_4_Replicate_5	-535.19	1076.38	1900.68	473.76	0.4279,0.2155,0.6045
