Model	Replicate	log-likelihood	AIC	chi-squared	theta	optimized_params(nu1, nu2, T)
no_mig	Round_1_Replicate_1	-61976.15	123958.3	148611.33	18077.37	0.6967,0.137,0.3373
no_mig	Round_1_Replicate_2	-6970.31	13946.62	38432594.15	18471.42	0.1166,0.1754,1.3903
no_mig	Round_1_Replicate_3	-84972.52	169951.04	449618.17	18889.53	0.3322,0.2433,0.1725
no_mig	Round_1_Replicate_4	-290545.79	581097.58	144763643.42	12670.22	6.5567,1.5475,0.1857
no_mig	Round_1_Replicate_5	-24966.93	49939.86	2191602224.96	4481.59	0.1923,5.2013,4.1116
no_mig	Round_1_Replicate_6	-7753.39	15512.78	85496858835.27	8109.44	0.2332,0.3663,4.5518
no_mig	Round_1_Replicate_7	-82661.63	165329.26	494699.25	3250.28	3.9429,4.6141,4.3375
no_mig	Round_1_Replicate_8	-195020.07	390046.14	11630277.9	9245.53	2.869,2.1616,0.5718
no_mig	Round_1_Replicate_9	-20597.75	41201.5	37974.83	7771.08	0.8841,1.0709,2.6361
no_mig	Round_1_Replicate_10	-175084.45	350174.9	6858208.77	9713.57	1.9428,2.0918,0.5557
no_mig	Round_2_Replicate_1	-11106.31	22218.62	936212.88	20369.82	0.0367,0.4787,0.5299
no_mig	Round_2_Replicate_2	-5370.84	10747.68	6893916.61	17391.09	0.0352,0.5613,0.9429
no_mig	Round_2_Replicate_3	-9525.57	19057.14	117213654348.55	13820.78	0.0648,0.1753,2.4369
no_mig	Round_2_Replicate_4	-809.32	1624.64	6764640.29	24128.35	0.0308,0.2354,0.7057
no_mig	Round_2_Replicate_5	-4996.1	9998.2	7933.86	25916.68	0.0987,0.2038,0.4029
no_mig	Round_2_Replicate_6	-1400.06	2806.12	132862.48	27360.2	0.0387,0.1964,0.4507
no_mig	Round_2_Replicate_7	-22991.12	45988.24	220800405541.22	7045.08	0.1973,0.1367,5.9821
no_mig	Round_2_Replicate_8	-17389.31	34784.62	122936486440.98	8535.22	0.384,0.1888,4.2894
no_mig	Round_2_Replicate_9	-1770.44	3546.88	174979930.4	15174.38	0.0949,0.4136,1.6333
no_mig	Round_2_Replicate_10	-760.94	1527.88	8416147.16	13315.96	0.0406,0.5141,2.0276
no_mig	Round_3_Replicate_1	-1568.76	3143.52	5960354.61	19312.59	0.0413,0.3909,0.9574
no_mig	Round_3_Replicate_2	-739.12	1484.24	7034635.46	18411.61	0.038,0.348,1.2033
no_mig	Round_3_Replicate_3	-902.66	1811.32	17954726068.53	10424.52	0.0587,0.6848,2.8203
no_mig	Round_3_Replicate_4	-1175.28	2356.56	14159553.48	11673.69	0.0238,0.6277,2.4151
no_mig	Round_3_Replicate_5	-883.17	1772.34	19494599105.72	12563.55	0.0546,0.5162,2.248
no_mig	Round_4_Replicate_1	-1287.31	2580.62	17129300.16	17271.95	0.0131,0.374,1.3848
no_mig	Round_4_Replicate_2	-795.36	1596.72	9270800.34	12786.61	0.0373,0.5334,2.1645
no_mig	Round_4_Replicate_3	-745.47	1496.94	7469254.1	21586.2	0.0296,0.2842,0.8878
no_mig	Round_4_Replicate_4	-739.52	1485.04	7699337.0	16415.12	0.0377,0.3953,1.4791
no_mig	Round_4_Replicate_5	-743.8	1493.6	8064822.89	15008.3	0.0384,0.4445,1.6985
Model	Replicate	log-likelihood	AIC	chi-squared	theta	optimized_params(nu1, nu2, T)
no_mig	Round_1_Replicate_1	-81387.74	162781.48	319115.46	17586.87	0.7047,0.1809,0.2389
no_mig	Round_1_Replicate_2	-212652.59	425311.18	19382899.22	13113.82	0.8214,2.4621,0.2084
no_mig	Round_1_Replicate_3	-104370.22	208746.44	891624.35	17903.04	0.2967,0.3641,0.1553
no_mig	Round_1_Replicate_4	-21638.78	43283.56	53336.36	12033.52	0.1913,1.2394,1.131
no_mig	Round_1_Replicate_5	-59989.27	119984.54	192437.39	14565.21	0.757,0.4125,0.5449
no_mig	Round_1_Replicate_6	-114206.26	228418.52	1136104.69	9550.58	2.1595,1.0554,0.7764
no_mig	Round_1_Replicate_7	-71176.72	142359.44	306090.58	8809.12	1.6343,1.0213,1.2294
no_mig	Round_1_Replicate_8	-37007.83	74021.66	118629.05	13834.93	0.1099,1.5169,0.5775
no_mig	Round_1_Replicate_9	-20206.53	40419.06	6398775.02	5387.07	0.1231,3.7194,3.6076
no_mig	Round_1_Replicate_10	-106795.96	213597.92	1172275.51	14995.24	0.1402,7.109,0.1571
no_mig	Round_2_Replicate_1	-912.18	1830.36	17977330689.74	5338.4	0.093,1.2666,6.6185
no_mig	Round_2_Replicate_2	-35770.01	71546.02	273989472.98	8608.76	0.0628,3.8326,1.3326
no_mig	Round_2_Replicate_3	-17729.86	35465.72	67126.92	12567.61	0.1074,1.183,1.1391
no_mig	Round_2_Replicate_4	-25911.03	51828.06	10403741.36	4802.76	0.079,5.2263,3.6813
no_mig	Round_2_Replicate_5	-7496.64	14999.28	43664197.81	2239.48	0.0354,5.4743,13.6733
no_mig	Round_2_Replicate_6	-1695.48	3396.96	18546400442.29	1770.47	0.0939,3.8867,22.0937
no_mig	Round_2_Replicate_7	-4677.82	9361.64	22314741.52	3142.62	0.0513,3.4449,10.0425
no_mig	Round_2_Replicate_8	-35342.67	70691.34	107702.03	10591.95	0.2784,1.8229,1.0737
no_mig	Round_2_Replicate_9	-21311.46	42628.92	8933464.77	4843.17	0.0919,4.3808,4.0239
no_mig	Round_2_Replicate_10	-41378.46	82762.92	26566739.08	8193.83	0.0181,5.7212,1.2396
no_mig	Round_3_Replicate_1	-1088.5	2183.0	17187724010.94	8073.46	0.127,0.7794,4.0523
no_mig	Round_3_Replicate_2	-1184.88	2375.76	15361674811.92	4652.99	0.2545,1.412,7.6283
no_mig	Round_3_Replicate_3	-919.48	1844.96	9795767.33	12616.29	0.0345,0.5804,2.1417
no_mig	Round_3_Replicate_4	-1379.03	2764.06	17434039402.98	1351.44	0.1766,5.3335,28.7887
no_mig	Round_3_Replicate_5	-801.95	1609.9	9298094.43	14146.23	0.034,0.4629,1.8906
no_mig	Round_4_Replicate_1	-736.9	1479.8	7424809.22	19866.54	0.0324,0.3198,1.0418
no_mig	Round_4_Replicate_2	-748.77	1503.54	7933011.54	13753.27	0.0426,0.4979,1.9256
no_mig	Round_4_Replicate_3	-764.33	1534.66	8527944.4	13058.67	0.0407,0.5241,2.0893
no_mig	Round_4_Replicate_4	-866.62	1739.24	18412042399.31	8659.05	0.0713,0.7841,3.6711
no_mig	Round_4_Replicate_5	-793.71	1593.42	9304140.88	14654.11	0.0325,0.4567,1.7713
Model	Replicate	log-likelihood	AIC	chi-squared	theta	optimized_params(nu1, nu2, T)
no_mig	Round_1_Replicate_1	-97469.76	194945.52	637024.93	13209.5	1.2399,0.501,0.4481
no_mig	Round_1_Replicate_2	-19993.32	39992.64	1848240.24	4561.1	0.3304,4.0005,4.5205
no_mig	Round_1_Replicate_3	-84236.7	168479.4	584919.1	9344.5	0.4824,4.799,0.7407
no_mig	Round_1_Replicate_4	-292273.61	584553.22	158134980.26	10668.67	4.0067,4.034,0.3095
no_mig	Round_1_Replicate_5	-40689.45	81384.9	137362.36	11984.71	0.114,2.3082,0.6982
no_mig	Round_1_Replicate_6	-116772.81	233551.62	825950.53	14561.08	3.825,0.1975,0.2426
no_mig	Round_1_Replicate_7	-9590.83	19187.66	44145075.9	8323.24	0.4502,0.3878,4.0085
no_mig	Round_1_Replicate_8	-4629.03	9264.06	13374.96	15192.95	0.1745,0.5002,1.3307
no_mig	Round_1_Replicate_9	-14614.77	29235.54	6283973.83	4209.32	0.16,3.9844,5.4896
no_mig	Round_1_Replicate_10	-325935.14	651876.28	378887692.61	12069.92	8.2125,2.9987,0.1988
no_mig	Round_2_Replicate_1	-6597.05	13200.1	81815340405.93	7351.92	0.2303,0.4408,5.1041
no_mig	Round_2_Replicate_2	-2327.57	4661.14	24961056084.95	12808.21	0.0239,0.3877,2.4281
no_mig	Round_2_Replicate_3	-864.06	1734.12	5846555.1	17045.99	0.0527,0.3987,1.3274
no_mig	Round_2_Replicate_4	-937.21	1880.42	19049924981.64	12181.2	0.0712,0.5355,2.3267
no_mig	Round_2_Replicate_5	-2512.3	5030.6	22521274258.84	12125.69	0.06,0.3763,2.6348
no_mig	Round_2_Replicate_6	-1094.29	2194.58	18772161515.75	8891.02	0.0383,0.7776,3.5638
no_mig	Round_2_Replicate_7	-2806.16	5618.32	5297.43	24349.2	0.0835,0.2409,0.5469
no_mig	Round_2_Replicate_8	-4096.2	8198.4	26901601524.49	14374.19	0.0396,0.2654,2.1679
no_mig	Round_2_Replicate_9	-3263.31	6532.62	5843.6	22633.15	0.1033,0.2682,0.6504
no_mig	Round_2_Replicate_10	-1208.93	2423.86	16028005028.06	7527.85	0.1532,0.9449,4.2149
no_mig	Round_3_Replicate_1	-24110.85	48227.7	24956453.05	14432.13	0.0109,1.1986,0.7504
no_mig	Round_3_Replicate_2	-2240.08	4486.16	10517220.32	9154.21	0.0417,1.001,3.0149
no_mig	Round_3_Replicate_3	-2018.19	4042.38	30679851.1	9508.9	0.0123,0.7898,3.1878
no_mig	Round_3_Replicate_4	-857.94	1721.88	10410464.63	15741.66	0.026,0.4279,1.5758
no_mig	Round_3_Replicate_5	-7150.59	14307.18	24191958.42	14743.74	0.0103,0.7471,1.2439
no_mig	Round_4_Replicate_1	-743.36	1492.72	7133084.12	20936.28	0.0324,0.2986,0.937
no_mig	Round_4_Replicate_2	-938.24	1882.48	17740183460.87	10410.94	0.073,0.6893,2.8014
no_mig	Round_4_Replicate_3	-11595.0	23196.0	20805466.88	15845.24	0.0114,0.7742,0.9227
no_mig	Round_4_Replicate_4	-950.78	1907.56	8492192.3	10290.63	0.0504,0.7394,2.8027
no_mig	Round_4_Replicate_5	-737.59	1481.18	7415837.14	17997.98	0.0357,0.3656,1.2414
