Model	Replicate	log-likelihood	AIC	chi-squared	theta	optimized_params(nu1, nu2, m, T)
sym_mig	Round_1_Replicate_1	-316835.33	633678.66	302565138.89	7581.11	8.3504,2.4462,1.0546,0.7519
sym_mig	Round_1_Replicate_2	-90986.6	181981.2	775145.06	6640.12	0.2029,2.8851,0.3895,5.6875
sym_mig	Round_1_Replicate_3	-177399.03	354806.06	6306098.43	11758.65	0.8017,0.5299,1.5939,2.7578
sym_mig	Round_1_Replicate_4	-247551.18	495110.36	41144594.67	9863.9	1.5698,0.511,2.7604,2.5779
sym_mig	Round_1_Replicate_5	-86407.5	172823.0	588311.71	31157.98	0.1166,0.3243,1.7601,5.8801
sym_mig	Round_1_Replicate_6	-277260.67	554529.34	108893673.56	5441.84	2.5283,6.7581,0.6479,1.534
sym_mig	Round_1_Replicate_7	-106079.81	212167.62	1224912.42	7102.73	0.1352,5.0577,0.5006,3.0399
sym_mig	Round_1_Replicate_8	-136196.15	272400.3	2064826.59	7390.97	3.1135,1.1922,0.1962,1.3507
sym_mig	Round_1_Replicate_9	-296329.82	592667.64	148239734.06	10648.52	1.0049,0.5383,7.5467,2.2117
sym_mig	Round_1_Replicate_10	-138567.22	277142.44	2640540.45	14394.79	0.3569,0.9272,1.1441,0.5703
sym_mig	Round_2_Replicate_1	-46834.39	93676.78	165299.33	63402.17	0.0308,0.1594,2.1808,13.8521
sym_mig	Round_2_Replicate_2	-49403.83	98815.66	191779.11	34168.24	0.025,0.366,1.239,5.4945
sym_mig	Round_2_Replicate_3	-5130.58	10269.16	8347.05	49547.63	0.0223,0.0892,0.7319,7.4725
sym_mig	Round_2_Replicate_4	-11371.89	22751.78	19289.33	28678.82	0.0683,0.1771,0.4942,3.1778
sym_mig	Round_2_Replicate_5	-97890.99	195789.98	887650.95	11339.75	0.2364,1.1427,0.7492,11.6572
sym_mig	Round_2_Replicate_6	-156847.23	313702.46	3460451.65	34032.57	0.2731,0.163,3.8822,3.6028
sym_mig	Round_2_Replicate_7	-112638.41	225284.82	1434096.76	44564.79	0.0432,0.3915,3.6085,11.3559
sym_mig	Round_2_Replicate_8	-97918.66	195845.32	940360.59	13391.26	0.1216,1.2452,0.9148,15.4558
sym_mig	Round_2_Replicate_9	-191338.32	382684.64	10680727.95	22182.61	0.2369,0.4709,3.8626,5.3944
sym_mig	Round_2_Replicate_10	-54166.48	108340.96	185562.7	58024.53	0.0746,0.1232,2.0953,16.6425
sym_mig	Round_3_Replicate_1	-2221.42	4450.84	4136.94	33563.9	0.0102,0.1136,0.4031,1.7331
sym_mig	Round_3_Replicate_2	-4634.37	9276.74	7738.85	40796.8	0.0174,0.1221,0.6118,4.1816
sym_mig	Round_3_Replicate_3	-5234.39	10476.78	9005.5	136613.32	0.01,0.0236,1.8473,8.1059
sym_mig	Round_3_Replicate_4	-23478.55	46965.1	57402.35	48156.98	0.0112,0.1959,1.1455,4.0633
sym_mig	Round_3_Replicate_5	-18768.35	37544.7	42171.55	54285.73	0.0135,0.1546,1.1819,3.2456
sym_mig	Round_4_Replicate_1	-2407.1	4822.2	4509.78	41472.6	0.01,0.0877,0.5335,3.1373
sym_mig	Round_4_Replicate_2	-4425.62	8859.24	7747.84	56079.01	0.02,0.0593,0.7775,1.8302
sym_mig	Round_4_Replicate_3	-2352.85	4713.7	4349.63	38052.27	0.0104,0.098,0.4833,1.8766
sym_mig	Round_4_Replicate_4	-2909.64	5827.28	5186.19	45772.66	0.0146,0.0809,0.614,2.2747
sym_mig	Round_4_Replicate_5	-1685.15	3378.3	3143.32	21671.52	0.0123,0.2116,0.187,1.9082
Model	Replicate	log-likelihood	AIC	chi-squared	theta	optimized_params(nu1, nu2, m, T)
sym_mig	Round_1_Replicate_1	-72379.11	144766.22	402300.62	9560.94	0.5075,2.1163,0.126,1.0981
sym_mig	Round_1_Replicate_2	-21303.74	42615.48	42095.31	20961.38	0.1971,0.3086,0.1806,0.5747
sym_mig	Round_1_Replicate_3	-76832.36	153672.72	226179.45	8340.68	1.4654,0.2298,0.2791,5.641
sym_mig	Round_1_Replicate_4	-35391.48	70790.96	102280.63	11703.49	0.1953,0.873,0.2696,2.8129
sym_mig	Round_1_Replicate_5	-161117.35	322242.7	3826491.44	12645.86	1.363,0.4726,0.9608,0.6268
sym_mig	Round_1_Replicate_6	-151286.95	302581.9	3834627.92	11074.98	0.592,2.1395,0.57,0.6005
sym_mig	Round_1_Replicate_7	-285922.17	571852.34	120526406.93	11092.38	3.3728,0.4167,5.2946,1.3179
sym_mig	Round_1_Replicate_8	-79486.38	158980.76	509124.32	9304.94	0.2779,1.3759,0.4604,4.4148
sym_mig	Round_1_Replicate_9	-112307.76	224623.52	611246.17	7239.92	3.717,0.2483,0.288,2.6772
sym_mig	Round_1_Replicate_10	-329984.11	659976.22	432512715.0	10259.4	1.9049,5.7423,2.0465,0.3698
sym_mig	Round_2_Replicate_1	-16828.89	33665.78	36073.37	26251.8	0.0644,0.2284,0.2585,0.2703
sym_mig	Round_2_Replicate_2	-5639.12	11286.24	8273.83	28363.12	0.1021,0.1435,0.0556,0.4021
sym_mig	Round_2_Replicate_3	-70629.92	141267.84	238143.95	18333.38	0.5421,0.1971,0.1999,0.3069
sym_mig	Round_2_Replicate_4	-116531.68	233071.36	1300089.02	14622.99	0.5855,0.6938,0.1767,0.3174
sym_mig	Round_2_Replicate_5	-58279.43	116566.86	242605.92	16467.31	0.2428,0.6958,0.0559,0.3499
sym_mig	Round_2_Replicate_6	-13016.44	26040.88	19845.15	17463.69	0.2452,0.1773,0.1341,1.8109
sym_mig	Round_2_Replicate_7	-7582.49	15172.98	14843.69	22544.07	0.07,0.3404,0.0415,0.5087
sym_mig	Round_2_Replicate_8	-10854.77	21717.54	15333.87	14754.43	0.3226,0.2975,0.0563,1.7268
sym_mig	Round_2_Replicate_9	-5298.16	10604.32	8195.59	30388.56	0.0869,0.119,0.068,0.3563
sym_mig	Round_2_Replicate_10	-13393.14	26794.28	24637.02	24998.23	0.1145,0.2163,0.0515,0.3147
sym_mig	Round_3_Replicate_1	-3901.32	7810.64	6231.71	24978.4	0.0977,0.1685,0.0468,0.7105
sym_mig	Round_3_Replicate_2	-467.42	942.84	799.93	19341.65	0.0363,0.2865,0.0476,1.3155
sym_mig	Round_3_Replicate_3	-836.2	1680.4	1329.27	20291.88	0.0492,0.2945,0.058,1.1312
sym_mig	Round_3_Replicate_4	-1380.84	2769.68	2344.95	26859.69	0.0558,0.1875,0.0179,0.521
sym_mig	Round_3_Replicate_5	-3571.86	7151.72	5204.91	16028.98	0.163,0.3918,0.0195,1.4116
sym_mig	Round_4_Replicate_1	-443.12	894.24	842.3	23737.42	0.0256,0.2376,0.0396,0.8137
sym_mig	Round_4_Replicate_2	-365.89	739.78	752.42	13944.58	0.0443,0.4391,0.019,2.0844
sym_mig	Round_4_Replicate_3	-389.18	786.36	813.85	18820.57	0.0328,0.319,0.0245,1.2717
sym_mig	Round_4_Replicate_4	-490.61	989.22	1218.04	23616.64	0.029,0.2426,0.0178,0.774
sym_mig	Round_4_Replicate_5	-448.99	905.98	944.17	23337.64	0.0285,0.2459,0.0265,0.8128
Model	Replicate	log-likelihood	AIC	chi-squared	theta	optimized_params(nu1, nu2, m, T)
sym_mig	Round_1_Replicate_1	-225504.84	451017.68	23206082.15	11981.56	0.8537,0.4797,2.8438,4.7433
sym_mig	Round_1_Replicate_2	-110076.44	220160.88	1153607.19	33315.87	0.1291,0.2946,2.49,2.1387
sym_mig	Round_1_Replicate_3	-214186.19	428380.38	19717257.21	7965.06	0.6913,1.3762,1.7101,5.7075
sym_mig	Round_1_Replicate_4	-112979.65	225967.3	653977.79	9975.96	4.7813,0.2185,0.2905,0.9637
sym_mig	Round_1_Replicate_5	-141162.75	282333.5	1728366.66	11630.73	2.8944,0.265,0.6898,0.7767
sym_mig	Round_1_Replicate_6	-353005.8	706019.6	784490483.18	12790.98	2.7442,8.0134,1.7766,0.1518
sym_mig	Round_1_Replicate_7	-40467.84	80943.68	78159.69	24035.01	0.281,0.1231,0.5858,3.3356
sym_mig	Round_1_Replicate_8	-144931.32	289870.64	3103661.7	15263.21	0.357,1.065,0.1731,0.1828
sym_mig	Round_1_Replicate_9	-221550.52	443109.04	25079203.03	10816.78	0.9108,6.4659,0.5037,0.3741
sym_mig	Round_1_Replicate_10	-286902.87	573813.74	129883777.07	4518.12	2.996,1.7262,1.5866,4.6933
sym_mig	Round_2_Replicate_1	-12020.34	24048.68	21211.4	15895.46	0.1691,0.1418,0.2205,12.0298
sym_mig	Round_2_Replicate_2	-31294.42	62596.84	76538.71	27266.49	0.1042,0.2597,0.7129,3.0686
sym_mig	Round_2_Replicate_3	-13055.62	26119.24	32366.56	16596.69	0.1301,0.0901,0.1981,7.8401
sym_mig	Round_2_Replicate_4	-54431.07	108870.14	117503.18	56164.89	0.1555,0.0374,1.5577,2.8689
sym_mig	Round_2_Replicate_5	-67780.27	135568.54	179750.67	15706.54	0.6451,0.1379,0.5229,4.9805
sym_mig	Round_2_Replicate_6	-42881.58	85771.16	110886.45	12172.45	0.5702,0.0628,0.2007,7.0425
sym_mig	Round_2_Replicate_7	-16577.37	33162.74	26005.06	34721.63	0.1049,0.0753,0.553,2.833
sym_mig	Round_2_Replicate_8	-25530.8	51069.6	41222.73	43032.47	0.1147,0.0602,0.8308,1.801
sym_mig	Round_2_Replicate_9	-16783.24	33574.48	36248.62	24852.87	0.1478,0.0653,0.226,1.4219
sym_mig	Round_2_Replicate_10	-66868.55	133745.1	175043.06	20394.55	0.4875,0.1064,0.6784,11.8803
sym_mig	Round_3_Replicate_1	-19683.45	39374.9	44515.51	7211.36	0.4917,0.1858,0.0928,15.8047
sym_mig	Round_3_Replicate_2	-2477.92	4963.84	4347.45	13463.62	0.0309,0.2934,0.1774,16.993
sym_mig	Round_3_Replicate_3	-4522.99	9053.98	7978.05	51132.65	0.0208,0.0633,0.7565,1.0132
sym_mig	Round_3_Replicate_4	-3475.65	6959.3	5806.49	24594.98	0.0317,0.1678,0.3419,18.2757
sym_mig	Round_3_Replicate_5	-6710.43	13428.86	10627.75	4737.08	0.3796,0.7504,0.0637,22.7767
sym_mig	Round_4_Replicate_1	-2378.99	4765.98	4416.26	16268.95	0.0213,0.2284,0.2093,22.9295
sym_mig	Round_4_Replicate_2	-1280.42	2568.84	2346.99	27965.0	0.0129,0.1662,0.2017,0.9138
sym_mig	Round_4_Replicate_3	-2310.63	4629.26	4180.38	15908.25	0.0201,0.247,0.1981,7.351
sym_mig	Round_4_Replicate_4	-1615.27	3238.54	3190.07	20996.16	0.0154,0.1961,0.173,2.0684
sym_mig	Round_4_Replicate_5	-2378.13	4764.26	4475.78	15930.03	0.0209,0.2303,0.2038,19.6278
