Model	Replicate	log-likelihood	AIC	chi-squared	theta	optimized_params(nu1, nu2, m, T1, T2)
sec_contact_sym_mig	Round_1_Replicate_1	-233331.51	466673.02	34032364.82	4035.01	1.3354,3.9151,0.9429,0.1812,6.5871
sec_contact_sym_mig	Round_1_Replicate_2	-150230.68	300471.36	3512814.18	6790.63	2.3287,2.7963,0.145,0.8289,0.4382
sec_contact_sym_mig	Round_1_Replicate_3	-68136.38	136282.76	266932.09	25233.12	0.2476,0.227,1.0522,0.1278,4.2964
sec_contact_sym_mig	Round_1_Replicate_4	-284790.77	569591.54	113013200.87	3365.29	5.4062,1.484,1.6734,5.3802,0.6886
sec_contact_sym_mig	Round_1_Replicate_5	-126160.79	252331.58	2150230.78	11019.47	0.1482,3.851,0.9334,0.3015,0.6122
sec_contact_sym_mig	Round_1_Replicate_6	-42386.65	84783.3	101364.83	30570.27	0.1401,0.1387,1.1562,0.2195,0.4501
sec_contact_sym_mig	Round_1_Replicate_7	-137553.01	275116.02	1382479.03	10391.17	1.1699,0.1807,1.1262,5.5846,2.3114
sec_contact_sym_mig	Round_1_Replicate_8	-199775.76	399561.52	12052565.87	9270.26	2.4974,0.9617,0.8613,0.4299,0.4397
sec_contact_sym_mig	Round_1_Replicate_9	-73942.09	147894.18	203178.89	8326.28	1.7624,0.1595,0.6908,2.4625,0.1974
sec_contact_sym_mig	Round_1_Replicate_10	-91568.07	183146.14	364822.89	5502.68	2.2415,0.3781,0.2709,3.9306,2.4491
sec_contact_sym_mig	Round_2_Replicate_1	-49912.4	99834.8	143927.84	53184.77	0.0603,0.0795,2.9684,0.0612,0.3361
sec_contact_sym_mig	Round_2_Replicate_2	-74830.71	149671.42	452131.46	26655.66	0.0456,0.4068,1.7831,0.5195,0.6359
sec_contact_sym_mig	Round_2_Replicate_3	-29884.45	59778.9	58242.11	26385.42	0.066,0.1137,1.7784,0.7368,0.1409
sec_contact_sym_mig	Round_2_Replicate_4	-79477.5	158965.0	300600.19	23586.0	0.3179,0.1242,1.2718,0.097,0.2792
sec_contact_sym_mig	Round_2_Replicate_5	-25262.4	50534.8	45986.65	90034.66	0.0431,0.0476,2.0833,0.0845,0.9789
sec_contact_sym_mig	Round_2_Replicate_6	-70245.72	140501.44	322263.08	15300.13	0.3921,0.564,0.5954,0.4443,0.2655
sec_contact_sym_mig	Round_2_Replicate_7	-22574.11	45158.22	51563.33	27967.99	0.0578,0.2713,0.6562,0.0826,1.1557
sec_contact_sym_mig	Round_2_Replicate_8	-17474.28	34958.56	29626.44	31062.17	0.0631,0.0587,1.1477,0.5836,0.1814
sec_contact_sym_mig	Round_2_Replicate_9	-58408.11	116826.22	165457.8	52707.09	0.0815,0.056,3.2666,0.1369,0.2927
sec_contact_sym_mig	Round_2_Replicate_10	-41064.12	82138.24	79373.61	32344.49	0.1178,0.0618,1.3067,0.0582,0.1425
sec_contact_sym_mig	Round_3_Replicate_1	-7829.85	15669.7	15028.06	15576.78	0.0476,0.1493,0.5089,2.0773,0.1906
sec_contact_sym_mig	Round_3_Replicate_2	-13708.25	27426.5	25303.12	14675.78	0.078,0.1673,0.9546,2.162,0.0517
sec_contact_sym_mig	Round_3_Replicate_3	-8227.94	16465.88	13841.39	65081.85	0.016,0.0398,1.8146,0.4052,0.3934
sec_contact_sym_mig	Round_3_Replicate_4	-9220.84	18451.68	15910.17	34333.29	0.0102,0.0611,1.9478,0.6242,0.1116
sec_contact_sym_mig	Round_3_Replicate_5	-1557.08	3124.16	2825.73	25303.18	0.0172,0.1813,0.2605,0.6678,0.1212
sec_contact_sym_mig	Round_4_Replicate_1	-1892.87	3795.74	3513.65	28203.72	0.014,0.1519,0.3432,0.5267,0.0931
sec_contact_sym_mig	Round_4_Replicate_2	-722.8	1455.6	1249.18	17881.32	0.0183,0.3261,0.1407,1.297,0.0994
sec_contact_sym_mig	Round_4_Replicate_3	-1020.74	2051.48	1651.65	22454.73	0.0245,0.2398,0.2571,0.8528,0.0538
sec_contact_sym_mig	Round_4_Replicate_4	-621.28	1252.56	1036.79	25793.9	0.0199,0.2088,0.1307,0.5514,0.0884
sec_contact_sym_mig	Round_4_Replicate_5	-460.18	930.36	818.04	17424.62	0.0186,0.3559,0.12,1.3498,0.0561
Model	Replicate	log-likelihood	AIC	chi-squared	theta	optimized_params(nu1, nu2, m, T1, T2)
sec_contact_sym_mig	Round_1_Replicate_1	-141858.76	283727.52	3008483.63	10741.55	0.5189,6.0875,0.2697,0.2245,0.2327
sec_contact_sym_mig	Round_1_Replicate_2	-74260.66	148531.32	258326.87	20661.27	0.3522,0.1468,1.0929,0.9505,0.8291
sec_contact_sym_mig	Round_1_Replicate_3	-131577.14	263164.28	1815806.99	3381.1	3.3543,2.2406,0.201,0.3981,6.6981
sec_contact_sym_mig	Round_1_Replicate_4	-128263.14	256536.28	1091641.95	7914.2	1.8315,0.2151,1.9183,2.7063,0.1722
sec_contact_sym_mig	Round_1_Replicate_5	-114751.83	229513.66	1442762.9	3940.28	0.9215,5.7916,0.3136,3.5453,0.9319
sec_contact_sym_mig	Round_1_Replicate_6	-96845.2	193700.4	329983.98	7209.37	3.9569,0.132,0.1646,0.722,1.748
sec_contact_sym_mig	Round_1_Replicate_7	-225923.28	451856.56	26717575.08	19216.26	0.2874,0.5421,4.8427,0.1962,7.0605
sec_contact_sym_mig	Round_1_Replicate_8	-72209.23	144428.46	282764.27	4892.28	2.6245,1.2448,0.4422,3.869,0.2056
sec_contact_sym_mig	Round_1_Replicate_9	-27967.33	55944.66	45842.3	16664.47	0.3297,0.1561,0.315,0.2661,5.1997
sec_contact_sym_mig	Round_1_Replicate_10	-198527.01	397064.02	9095717.19	14761.8	1.6585,0.1909,2.6459,0.3461,1.8299
sec_contact_sym_mig	Round_2_Replicate_1	-65173.14	130356.28	167403.65	27355.79	0.3551,0.0815,0.8959,0.4265,4.7674
sec_contact_sym_mig	Round_2_Replicate_2	-18611.2	37232.4	53518.25	17550.99	0.1769,0.0666,0.1306,0.7417,1.5858
sec_contact_sym_mig	Round_2_Replicate_3	-23732.33	47474.66	41780.98	14513.69	0.2876,0.3005,0.2871,0.5258,4.4288
sec_contact_sym_mig	Round_2_Replicate_4	-50957.18	101924.36	113703.25	11076.44	1.0204,0.3135,0.1712,0.2218,1.7388
sec_contact_sym_mig	Round_2_Replicate_5	-43805.19	87620.38	104088.09	8985.27	0.6674,0.5145,0.2462,0.9761,6.5076
sec_contact_sym_mig	Round_2_Replicate_6	-71831.52	143673.04	181481.35	15043.68	0.7393,0.0661,0.4442,0.8198,3.817
sec_contact_sym_mig	Round_2_Replicate_7	-37563.08	75136.16	76232.13	6979.49	1.0229,0.1746,0.1098,0.1909,9.3787
sec_contact_sym_mig	Round_2_Replicate_8	-70399.48	140808.96	218860.64	22196.93	0.4209,0.136,0.8341,0.094,12.2649
sec_contact_sym_mig	Round_2_Replicate_9	-97157.99	194325.98	567726.45	14267.12	0.6598,0.2961,0.8035,0.7137,1.3719
sec_contact_sym_mig	Round_2_Replicate_10	-43290.94	86591.88	117004.13	23035.38	0.1935,0.2665,0.6968,1.0046,6.7024
sec_contact_sym_mig	Round_3_Replicate_1	-1589.31	3188.62	2980.15	20056.76	0.0445,0.2131,0.1229,0.6136,0.8655
sec_contact_sym_mig	Round_3_Replicate_2	-11325.78	22661.56	26397.23	19855.67	0.136,0.0976,0.1094,0.9803,0.3994
sec_contact_sym_mig	Round_3_Replicate_3	-7640.73	15291.46	21363.9	13385.18	0.0353,0.1581,0.0447,1.8535,1.0161
sec_contact_sym_mig	Round_3_Replicate_4	-3461.2	6932.4	5746.68	16992.06	0.035,0.2509,0.2538,2.8229,5.0727
sec_contact_sym_mig	Round_3_Replicate_5	-23439.91	46889.82	38940.37	22323.85	0.3013,0.1067,0.0729,0.1762,0.4919
sec_contact_sym_mig	Round_4_Replicate_1	-1124.63	2259.26	1985.36	18365.69	0.0256,0.2627,0.1247,0.4247,1.4851
sec_contact_sym_mig	Round_4_Replicate_2	-660.46	1330.92	1209.21	15182.21	0.025,0.3898,0.055,0.589,1.4237
sec_contact_sym_mig	Round_4_Replicate_3	-478.72	967.44	834.04	16131.5	0.0342,0.3436,0.0494,0.6785,1.1205
sec_contact_sym_mig	Round_4_Replicate_4	-1519.18	3048.36	2808.95	18124.41	0.0212,0.2393,0.1543,0.7809,1.3705
sec_contact_sym_mig	Round_4_Replicate_5	-719.72	1449.44	1295.02	20473.73	0.0228,0.2527,0.0945,0.7488,0.4603
Model	Replicate	log-likelihood	AIC	chi-squared	theta	optimized_params(nu1, nu2, m, T1, T2)
sec_contact_sym_mig	Round_1_Replicate_1	-305659.74	611329.48	227958092.55	10644.02	1.2622,2.506,3.2968,0.2819,0.1693
sec_contact_sym_mig	Round_1_Replicate_2	-21660.41	43330.82	49473.62	3728.62	0.2005,3.2015,0.3624,7.6663,0.1558
sec_contact_sym_mig	Round_1_Replicate_3	-187984.92	375979.84	6867928.58	19343.51	0.6397,0.152,3.9319,0.2978,0.2497
sec_contact_sym_mig	Round_1_Replicate_4	-60708.26	121426.52	135887.4	6404.77	2.7893,0.1849,0.1569,2.9993,0.3161
sec_contact_sym_mig	Round_1_Replicate_5	-104024.32	208058.64	1039743.71	7181.32	0.7715,4.5813,0.1442,0.3416,1.0028
sec_contact_sym_mig	Round_1_Replicate_6	-195988.0	391986.0	12188136.4	2213.42	5.3159,6.3185,0.1846,1.1151,6.5261
sec_contact_sym_mig	Round_1_Replicate_7	-50509.9	101029.8	197941.5	3943.16	0.3101,3.0993,0.146,5.6336,4.5025
sec_contact_sym_mig	Round_1_Replicate_8	-86240.51	172491.02	329868.37	9918.78	2.0037,0.2891,0.2349,0.2596,1.271
sec_contact_sym_mig	Round_1_Replicate_9	-133854.1	267718.2	1180021.15	10866.97	4.9631,0.1774,0.5807,0.2345,0.6118
sec_contact_sym_mig	Round_1_Replicate_10	-203670.66	407351.32	17445557.64	9013.43	0.1501,5.3384,3.7635,1.1533,0.1814
sec_contact_sym_mig	Round_2_Replicate_1	-5749.44	11508.88	9539.94	1516.58	0.0961,5.0622,0.0907,25.4531,0.4188
sec_contact_sym_mig	Round_2_Replicate_2	-3437.16	6884.32	5333.67	2713.33	0.1278,2.7766,0.2291,13.6176,0.0744
sec_contact_sym_mig	Round_2_Replicate_3	-81779.79	163569.58	408639.97	2610.23	0.434,1.9031,0.7606,15.4588,0.4412
sec_contact_sym_mig	Round_2_Replicate_4	-31191.63	62393.26	74225.26	8433.11	0.1294,1.0861,1.0883,3.2174,0.0906
sec_contact_sym_mig	Round_2_Replicate_5	-33361.65	66733.3	98241.44	5819.59	0.3084,3.6609,0.3847,2.8948,0.0501
sec_contact_sym_mig	Round_2_Replicate_6	-20628.64	41267.28	43397.39	3980.78	0.3278,2.5935,0.5392,7.479,0.0904
sec_contact_sym_mig	Round_2_Replicate_7	-8251.96	16513.92	14716.36	1520.8	0.2994,6.331,0.2361,22.8327,0.0975
sec_contact_sym_mig	Round_2_Replicate_8	-6379.57	12769.14	10708.9	2699.97	0.095,1.4009,0.5269,16.0933,0.0377
sec_contact_sym_mig	Round_2_Replicate_9	-44706.72	89423.44	156740.52	6290.76	0.2056,4.9013,0.8148,2.1533,0.0314
sec_contact_sym_mig	Round_2_Replicate_10	-52800.01	105610.02	207494.66	6100.54	0.6072,3.2198,0.3701,2.4527,0.1275
sec_contact_sym_mig	Round_3_Replicate_1	-1138.82	2287.64	1957.22	4800.34	0.0553,1.1239,0.1239,7.9982,0.0824
sec_contact_sym_mig	Round_3_Replicate_2	-618.26	1246.52	1321.02	4352.85	0.0694,1.4921,0.1751,8.538,0.0168
sec_contact_sym_mig	Round_3_Replicate_3	-1011.88	2033.76	2039.91	1635.82	0.0888,4.1765,0.0523,24.135,0.1646
sec_contact_sym_mig	Round_3_Replicate_4	-4138.46	8286.92	5905.26	1609.42	0.3742,3.0895,0.2237,26.0844,0.0678
sec_contact_sym_mig	Round_3_Replicate_5	-2315.84	4641.68	6519.02	3751.31	0.0371,2.3718,0.0379,9.0851,0.0201
sec_contact_sym_mig	Round_4_Replicate_1	-638.62	1287.24	1381.66	7781.65	0.0311,0.8372,0.2429,4.3367,0.0141
sec_contact_sym_mig	Round_4_Replicate_2	-900.92	1811.84	1696.83	5152.77	0.0476,1.4036,0.2432,6.8303,0.0213
sec_contact_sym_mig	Round_4_Replicate_3	-759.21	1528.42	1370.49	4472.49	0.0649,1.5032,0.2337,8.1995,0.0198
sec_contact_sym_mig	Round_4_Replicate_4	-615.01	1240.02	2609.98	2686.66	0.1331,2.456,0.1452,14.3717,0.0118
sec_contact_sym_mig	Round_4_Replicate_5	-582.4	1174.8	1300.35	4171.75	0.092,1.5732,0.2127,8.8984,0.0134
