Model	Replicate	log-likelihood	AIC	chi-squared	theta	optimized_params
no_mig	Round_4_Replicate_1	-736.9	1479.8	7424809.22	19866.54	0.0324,0.3198,1.0418	
no_mig	Round_4_Replicate_5	-737.59	1481.18	7415837.14	17997.98	0.0357,0.3656,1.2414	
no_mig	Round_3_Replicate_2	-739.12	1484.24	7034635.46	18411.61	0.038,0.348,1.2033	
no_mig	Round_4_Replicate_4	-739.52	1485.04	7699337.0	16415.12	0.0377,0.3953,1.4791	
no_mig	Round_4_Replicate_1	-743.36	1492.72	7133084.12	20936.28	0.0324,0.2986,0.937	
sec_contact_sym_mig	Round_4_Replicate_5	-460.18	930.36	818.04	17424.62	0.0186,0.3559,0.12,1.3498,0.0561	
sec_contact_sym_mig	Round_4_Replicate_3	-478.72	967.44	834.04	16131.5	0.0342,0.3436,0.0494,0.6785,1.1205	
sec_contact_sym_mig	Round_4_Replicate_5	-582.4	1174.8	1300.35	4171.75	0.092,1.5732,0.2127,8.8984,0.0134	
sec_contact_sym_mig	Round_4_Replicate_4	-615.01	1240.02	2609.98	2686.66	0.1331,2.456,0.1452,14.3717,0.0118	
sec_contact_sym_mig	Round_3_Replicate_2	-618.26	1246.52	1321.02	4352.85	0.0694,1.4921,0.1751,8.538,0.0168	
sym_mig	Round_4_Replicate_2	-365.89	739.78	752.42	13944.58	0.0443,0.4391,0.019,2.0844	
sym_mig	Round_4_Replicate_3	-389.18	786.36	813.85	18820.57	0.0328,0.319,0.0245,1.2717	
sym_mig	Round_4_Replicate_1	-443.12	894.24	842.3	23737.42	0.0256,0.2376,0.0396,0.8137	
sym_mig	Round_4_Replicate_5	-448.99	905.98	944.17	23337.64	0.0285,0.2459,0.0265,0.8128	
sym_mig	Round_3_Replicate_2	-467.42	942.84	799.93	19341.65	0.0363,0.2865,0.0476,1.3155	
