Model	Replicate	log-likelihood	AIC	chi-squared	theta	optimized_params(nu1, nu2, m, T)
sym_mig	Round_1_Replicate_1	-9664.24	19336.48	298688066930.78	56.82	1.4937,3.5143,0.949,2.2654
sym_mig	Round_1_Replicate_2	-4316.36	8640.72	6957821.58	88.57	5.259,0.2909,0.79,0.834
sym_mig	Round_1_Replicate_3	-27294.24	54596.48	3.186007442450292e+26	75.45	1.6114,6.6586,5.802,0.394
sym_mig	Round_1_Replicate_4	-16471.77	32951.54	1.906417374238814e+17	46.4	1.3038,4.1455,2.4329,8.0821
sym_mig	Round_1_Replicate_5	-5117.3	10242.6	12318798.59	96.97	0.2908,2.1673,0.9708,4.6995
sym_mig	Round_1_Replicate_6	-5258.66	10525.32	59128341.32	96.18	2.9087,0.3418,1.1963,2.2398
sym_mig	Round_1_Replicate_7	-3900.33	7808.66	2705986.74	330.65	0.3732,0.1406,3.2411,0.4851
sym_mig	Round_1_Replicate_8	-4898.6	9805.2	16892797.78	99.73	0.908,1.1466,0.8661,3.2216
sym_mig	Round_1_Replicate_9	-9386.65	18781.3	103654425747.73	225.78	0.1388,1.1725,5.763,2.9415
sym_mig	Round_1_Replicate_10	-27271.84	54551.68	9.376425571984544e+26	30.34	5.0529,3.5913,3.7541,6.8982
sym_mig	Round_2_Replicate_1	-2737.76	5483.52	174385.48	626.27	0.2869,0.023,4.7418,0.5032
sym_mig	Round_2_Replicate_2	-2169.59	4347.18	35467.83	225.37	1.0474,0.0406,1.0233,0.3088
sym_mig	Round_2_Replicate_3	-1521.45	3050.9	9079.59	274.59	0.644,0.0594,0.8412,0.6477
sym_mig	Round_2_Replicate_4	-2525.09	5058.18	111734.65	787.45	0.111,0.0393,6.8829,0.257
sym_mig	Round_2_Replicate_5	-6231.25	12470.5	385638062.31	271.39	0.4739,0.133,5.5094,0.1601
sym_mig	Round_2_Replicate_6	-2740.2	5488.4	162561.69	462.33	0.5271,0.0271,3.1141,1.3894
sym_mig	Round_2_Replicate_7	-474.59	957.18	318.97	723.81	0.0903,0.0467,0.9275,0.5592
sym_mig	Round_2_Replicate_8	-4877.96	9763.92	24082868.83	198.0	0.9027,0.2493,2.0669,0.3432
sym_mig	Round_2_Replicate_9	-4548.04	9104.08	7209610.68	438.05	0.1429,0.138,6.1704,0.2565
sym_mig	Round_2_Replicate_10	-2551.02	5110.04	85459.74	306.07	0.7605,0.0276,1.951,0.896
sym_mig	Round_3_Replicate_1	-469.66	947.32	339.02	685.84	0.0961,0.0513,0.7657,0.762
sym_mig	Round_3_Replicate_2	-468.97	945.94	360.87	1681.39	0.0462,0.0194,1.7431,1.9033
sym_mig	Round_3_Replicate_3	-488.17	984.34	334.7	891.17	0.089,0.0422,1.1151,1.3168
sym_mig	Round_3_Replicate_4	-473.04	954.08	404.48	382.23	0.2225,0.0845,0.3514,1.8324
sym_mig	Round_3_Replicate_5	-495.99	999.98	372.55	1582.98	0.0338,0.0158,2.5468,0.3518
sym_mig	Round_4_Replicate_1	-467.14	942.28	343.08	2172.57	0.0339,0.0159,2.3104,1.0866
sym_mig	Round_4_Replicate_2	-467.27	942.54	354.57	882.87	0.0789,0.0421,0.8811,4.087
sym_mig	Round_4_Replicate_3	-467.18	942.36	356.72	1638.54	0.0427,0.0215,1.6668,1.4195
sym_mig	Round_4_Replicate_4	-468.4	944.8	343.51	1071.29	0.0639,0.0315,1.1821,1.09
sym_mig	Round_4_Replicate_5	-467.28	942.56	341.44	1006.97	0.0699,0.0347,1.0821,1.3721
Model	Replicate	log-likelihood	AIC	chi-squared	theta	optimized_params(nu1, nu2, m, T)
sym_mig	Round_1_Replicate_1	-6555.57	13119.14	453365350.72	179.89	0.3757,0.9191,1.7414,0.1605
sym_mig	Round_1_Replicate_2	-854.87	1717.74	1732.84	242.73	0.2801,0.4201,0.1759,0.6509
sym_mig	Round_1_Replicate_3	-4060.0	8128.0	1216507.29	92.49	0.3201,3.3855,0.4881,0.7516
sym_mig	Round_1_Replicate_4	-27320.92	54649.84	5.921822673655269e+26	39.77	8.5771,2.5953,3.7492,2.1696
sym_mig	Round_1_Replicate_5	-11902.1	23812.2	18071047888099.16	55.96	0.6429,5.9482,1.9279,3.5417
sym_mig	Round_1_Replicate_6	-11794.0	23596.0	31507655888940.84	170.22	1.3614,0.2987,5.891,0.6928
sym_mig	Round_1_Replicate_7	-714.3	1436.6	1233.09	206.79	0.6817,0.2351,0.1354,0.8948
sym_mig	Round_1_Replicate_8	-725.88	1459.76	970.74	384.59	0.1518,0.1914,0.479,0.399
sym_mig	Round_1_Replicate_9	-3666.35	7340.7	1213918.43	226.3	0.3843,0.428,1.5859,1.0406
sym_mig	Round_1_Replicate_10	-1761.95	3531.9	21427.44	150.56	0.9044,0.3148,0.5549,6.1812
sym_mig	Round_2_Replicate_1	-507.38	1022.76	654.26	294.84	0.3424,0.1062,0.1829,1.4953
sym_mig	Round_2_Replicate_2	-822.16	1652.32	1541.49	193.09	0.4263,0.5074,0.1737,1.1311
sym_mig	Round_2_Replicate_3	-1832.46	3672.92	18123.76	182.49	0.4048,0.701,0.3716,0.5666
sym_mig	Round_2_Replicate_4	-475.99	959.98	445.53	321.71	0.2257,0.0988,0.2798,3.807
sym_mig	Round_2_Replicate_5	-750.46	1508.92	1656.06	200.28	0.3071,0.5206,0.0773,1.361
sym_mig	Round_2_Replicate_6	-674.42	1356.84	1171.54	171.8	0.8876,0.1345,0.1151,2.0602
sym_mig	Round_2_Replicate_7	-1486.49	2980.98	6751.76	171.27	0.2815,0.9163,0.2148,0.748
sym_mig	Round_2_Replicate_8	-538.03	1084.06	458.1	297.99	0.2677,0.1925,0.3273,1.7562
sym_mig	Round_2_Replicate_9	-956.09	1920.18	2925.49	150.62	1.0306,0.4363,0.0605,0.9456
sym_mig	Round_2_Replicate_10	-761.07	1530.14	2564.72	288.7	0.2772,0.2614,0.0571,0.462
sym_mig	Round_3_Replicate_1	-467.52	943.04	371.82	853.0	0.0853,0.0393,0.8436,3.5297
sym_mig	Round_3_Replicate_2	-575.48	1158.96	879.41	318.35	0.1772,0.0723,0.2419,22.4167
sym_mig	Round_3_Replicate_3	-468.0	944.0	365.33	147.95	0.4828,0.2713,0.1376,9.052
sym_mig	Round_3_Replicate_4	-498.14	1004.28	643.49	270.05	0.3365,0.1278,0.1587,1.9299
sym_mig	Round_3_Replicate_5	-466.46	940.92	345.97	457.65	0.1626,0.078,0.4707,6.5843
sym_mig	Round_4_Replicate_1	-468.92	945.84	340.12	443.74	0.1751,0.08,0.4722,6.6129
sym_mig	Round_4_Replicate_2	-468.89	945.78	331.7	754.72	0.0992,0.05,0.8085,3.0511
sym_mig	Round_4_Replicate_3	-465.89	939.78	361.33	268.53	0.2835,0.1388,0.2546,4.278
sym_mig	Round_4_Replicate_4	-466.36	940.72	344.6	378.52	0.1952,0.0966,0.3866,5.1596
sym_mig	Round_4_Replicate_5	-466.69	941.38	342.87	504.12	0.1481,0.0714,0.5224,12.2548
Model	Replicate	log-likelihood	AIC	chi-squared	theta	optimized_params(nu1, nu2, m, T)
sym_mig	Round_1_Replicate_1	-17028.49	34064.98	5.808503743460141e+17	68.28	4.3132,5.4107,0.7361,0.3464
sym_mig	Round_1_Replicate_2	-8488.76	16985.52	39993761747.09	164.01	1.1386,0.435,2.8633,0.3556
sym_mig	Round_1_Replicate_3	-1831.16	3670.32	25702.27	83.93	1.8392,0.6906,0.2613,3.8612
sym_mig	Round_1_Replicate_4	-7310.28	14628.56	4004897733.47	92.05	6.8187,0.202,2.5873,3.9035
sym_mig	Round_1_Replicate_5	-5280.83	10569.66	32661924.1	45.25	3.4949,5.0455,0.1173,1.3595
sym_mig	Round_1_Replicate_6	-8604.54	17217.08	18194786700.91	68.06	0.3997,5.7057,1.4495,1.4475
sym_mig	Round_1_Replicate_7	-684.62	1377.24	1149.79	340.76	0.1858,0.2255,0.1919,0.4138
sym_mig	Round_1_Replicate_8	-889.7	1787.4	1984.18	101.21	1.4541,0.5013,0.138,3.3187
sym_mig	Round_1_Replicate_9	-2782.9	5573.8	82421.38	139.92	0.2154,1.48,0.4907,0.8808
sym_mig	Round_1_Replicate_10	-8665.87	17339.74	26393345261.39	196.48	0.1983,1.0783,4.1361,7.9792
sym_mig	Round_2_Replicate_1	-1010.16	2028.32	2616.31	261.59	0.596,0.097,0.2381,0.3167
sym_mig	Round_2_Replicate_2	-1925.48	3858.96	13414.09	224.56	0.1311,0.6668,0.5923,1.1519
sym_mig	Round_2_Replicate_3	-3177.24	6362.48	391730.31	193.55	0.5594,0.5171,0.3462,0.2004
sym_mig	Round_2_Replicate_4	-1779.66	3567.32	11874.36	250.84	0.1704,0.5173,0.6775,0.653
sym_mig	Round_2_Replicate_5	-931.04	1870.08	2034.65	313.2	0.4474,0.0838,0.629,1.1385
sym_mig	Round_2_Replicate_6	-673.25	1354.5	1810.54	306.26	0.2557,0.2365,0.0786,0.54
sym_mig	Round_2_Replicate_7	-2248.58	4505.16	35339.63	217.31	0.2129,0.6285,0.0943,0.1605
sym_mig	Round_2_Replicate_8	-551.61	1111.22	772.27	243.66	0.3897,0.2639,0.122,1.1313
sym_mig	Round_2_Replicate_9	-1985.08	3978.16	18829.06	190.54	0.2217,0.8795,0.2587,0.3107
sym_mig	Round_2_Replicate_10	-509.81	1027.62	675.18	461.19	0.1645,0.0869,0.2609,0.3806
sym_mig	Round_3_Replicate_1	-486.72	981.44	485.83	546.64	0.118,0.0704,0.4249,0.4092
sym_mig	Round_3_Replicate_2	-467.68	943.36	337.3	651.88	0.1078,0.0535,0.7146,0.9332
sym_mig	Round_3_Replicate_3	-662.09	1332.18	1773.33	320.19	0.371,0.0613,0.1308,0.977
sym_mig	Round_3_Replicate_4	-496.7	1001.4	453.85	288.26	0.3157,0.1796,0.2226,1.2812
sym_mig	Round_3_Replicate_5	-494.39	996.78	335.09	639.71	0.1204,0.0589,0.8521,0.8424
sym_mig	Round_4_Replicate_1	-467.55	943.1	338.03	745.08	0.0979,0.0465,0.8099,1.4187
sym_mig	Round_4_Replicate_2	-472.93	953.86	343.66	886.6	0.0724,0.0353,1.0752,0.682
sym_mig	Round_4_Replicate_3	-468.63	945.26	338.48	714.48	0.0947,0.0485,0.7942,0.9033
sym_mig	Round_4_Replicate_4	-467.05	942.1	351.85	563.48	0.1268,0.0633,0.5753,0.6487
sym_mig	Round_4_Replicate_5	-488.34	984.68	319.88	797.68	0.0864,0.0501,1.0523,0.8434
