Model	Replicate	log-likelihood	AIC	chi-squared	theta	optimized_params(nu1, nu2, m, T1, T2)
sec_contact_sym_mig	Round_1_Replicate_1	-3438.28	6886.56	768248.51	133.41	1.318,0.7888,0.3117,0.1801,0.2193
sec_contact_sym_mig	Round_1_Replicate_2	-2296.27	4602.54	70514.42	85.96	1.2791,0.3491,0.6123,6.4394,1.4482
sec_contact_sym_mig	Round_1_Replicate_3	-9050.89	18111.78	100356545238.21	166.71	0.639,0.5383,3.5056,0.3946,8.4292
sec_contact_sym_mig	Round_1_Replicate_4	-5124.36	10258.72	43577246.69	67.08	4.8526,0.4794,0.7739,0.3805,2.0984
sec_contact_sym_mig	Round_1_Replicate_5	-2880.19	5770.38	295049.25	249.76	0.5728,0.208,1.4841,1.0738,4.1874
sec_contact_sym_mig	Round_1_Replicate_6	-2082.54	4175.08	34025.76	351.11	0.1998,0.2082,1.7775,2.3214,1.1782
sec_contact_sym_mig	Round_1_Replicate_7	-2734.98	5479.96	164130.2	146.35	0.642,0.6681,0.7262,0.8951,0.8076
sec_contact_sym_mig	Round_1_Replicate_8	-8192.59	16395.18	20590644578.85	44.77	3.6233,1.999,0.674,0.6898,4.3098
sec_contact_sym_mig	Round_1_Replicate_9	-5588.26	11186.52	55196739.98	59.41	1.0769,2.0575,0.717,4.8699,1.183
sec_contact_sym_mig	Round_1_Replicate_10	-16581.64	33173.28	3.284484815470835e+17	55.04	3.7514,0.9123,3.578,5.2238,2.335
sec_contact_sym_mig	Round_2_Replicate_1	-2543.54	5097.08	25527.47	113.16	0.0894,0.4327,1.3868,8.545,0.511
sec_contact_sym_mig	Round_2_Replicate_2	-1714.39	3438.78	7674.69	234.45	0.0979,0.4935,0.6834,3.9027,2.3212
sec_contact_sym_mig	Round_2_Replicate_3	-2236.04	4482.08	40211.51	142.49	0.399,0.675,0.6749,6.2698,3.383
sec_contact_sym_mig	Round_2_Replicate_4	-3554.85	7119.7	1078015.99	253.68	0.3887,0.2896,1.943,1.218,1.3584
sec_contact_sym_mig	Round_2_Replicate_5	-664.95	1339.9	593.48	137.84	0.4239,0.2397,0.4313,4.3227,0.4548
sec_contact_sym_mig	Round_2_Replicate_6	-4479.34	8968.68	10599728.63	362.77	0.7399,0.0635,4.3603,1.1023,1.8908
sec_contact_sym_mig	Round_2_Replicate_7	-2665.41	5340.82	178533.37	238.51	0.7078,0.1146,1.5192,0.6823,0.8812
sec_contact_sym_mig	Round_2_Replicate_8	-3976.18	7962.36	1883817.2	382.85	0.1674,0.3139,2.8794,0.8882,2.069
sec_contact_sym_mig	Round_2_Replicate_9	-2529.81	5069.62	73072.39	225.72	0.2447,0.536,1.0185,1.7113,4.1734
sec_contact_sym_mig	Round_2_Replicate_10	-1219.36	2448.72	4463.26	208.16	0.3799,0.3647,0.5507,1.8161,3.0991
sec_contact_sym_mig	Round_3_Replicate_1	-1616.35	3242.7	8938.45	277.67	0.1748,0.3397,0.9606,1.981,1.4848
sec_contact_sym_mig	Round_3_Replicate_2	-491.04	992.08	297.45	89.59	0.7403,0.5863,0.1369,5.9478,0.4301
sec_contact_sym_mig	Round_3_Replicate_3	-669.51	1349.02	649.75	253.7	0.155,0.0599,1.0941,3.8837,0.4409
sec_contact_sym_mig	Round_3_Replicate_4	-1101.04	2212.08	2436.18	177.58	0.2613,0.6395,0.7135,1.6339,0.0752
sec_contact_sym_mig	Round_3_Replicate_5	-452.99	915.98	299.87	176.31	0.4875,0.2157,0.1863,2.3083,0.4239
sec_contact_sym_mig	Round_4_Replicate_1	-442.8	895.6	266.46	149.37	0.5675,0.2634,0.1766,3.0641,0.2803
sec_contact_sym_mig	Round_4_Replicate_2	-481.94	973.88	360.55	146.08	0.4001,0.21,0.2006,4.0178,0.3393
sec_contact_sym_mig	Round_4_Replicate_3	-454.61	919.22	318.85	126.15	0.6953,0.3104,0.123,3.4928,0.6491
sec_contact_sym_mig	Round_4_Replicate_4	-443.37	896.74	274.23	146.05	0.6274,0.2918,0.1609,2.9053,0.2771
sec_contact_sym_mig	Round_4_Replicate_5	-446.45	902.9	283.19	122.82	0.6878,0.3297,0.1324,3.8358,0.4316
Model	Replicate	log-likelihood	AIC	chi-squared	theta	optimized_params(nu1, nu2, m, T1, T2)
sec_contact_sym_mig	Round_1_Replicate_1	-2663.36	5336.72	183044.51	48.51	5.2799,0.6536,0.2348,2.347,2.0552
sec_contact_sym_mig	Round_1_Replicate_2	-4315.55	8641.1	4499079.59	176.99	0.45,0.7607,1.2616,0.1788,0.1938
sec_contact_sym_mig	Round_1_Replicate_3	-2799.29	5608.58	272581.55	112.19	2.5174,0.1487,1.1697,1.0723,0.1383
sec_contact_sym_mig	Round_1_Replicate_4	-13187.7	26385.4	342982778295947.7	27.73	3.8211,5.7827,0.9043,5.2776,0.7714
sec_contact_sym_mig	Round_1_Replicate_5	-5918.24	11846.48	239023247.7	138.7	2.192,0.1902,2.3439,2.685,5.6225
sec_contact_sym_mig	Round_1_Replicate_6	-846.28	1702.56	1249.42	87.43	0.4342,1.2806,0.1726,4.7503,0.2539
sec_contact_sym_mig	Round_1_Replicate_7	-12535.67	25081.34	144082210171786.3	93.51	7.1692,0.3201,4.7382,0.3407,3.9824
sec_contact_sym_mig	Round_1_Replicate_8	-2372.93	4755.86	73162.75	67.47	5.0003,0.3165,0.2567,0.4156,1.6185
sec_contact_sym_mig	Round_1_Replicate_9	-15962.1	31934.2	8.793538104256947e+16	109.42	1.1682,1.7258,3.486,0.1842,0.2449
sec_contact_sym_mig	Round_1_Replicate_10	-5355.24	10720.48	49167204.25	56.74	1.8345,1.6848,0.5802,0.5635,8.0312
sec_contact_sym_mig	Round_2_Replicate_1	-578.62	1167.24	774.74	150.71	0.4729,0.5708,0.0894,2.0541,0.3097
sec_contact_sym_mig	Round_2_Replicate_2	-950.54	1911.08	2340.79	79.22	0.232,0.5546,0.0578,9.3488,0.8404
sec_contact_sym_mig	Round_2_Replicate_3	-1627.95	3265.9	13389.12	103.09	0.8754,0.9459,0.5436,2.6477,0.1888
sec_contact_sym_mig	Round_2_Replicate_4	-484.83	979.66	1322.34	71.06	0.9391,0.8302,0.1107,7.7884,0.1169
sec_contact_sym_mig	Round_2_Replicate_5	-1211.04	2432.08	3021.62	41.28	0.8905,3.4867,0.1505,8.7182,0.2788
sec_contact_sym_mig	Round_2_Replicate_6	-474.55	959.1	874.07	108.92	0.675,0.579,0.146,4.3429,0.0958
sec_contact_sym_mig	Round_2_Replicate_7	-1012.01	2034.02	3250.93	160.8	0.1495,0.6322,0.0641,2.6396,0.1732
sec_contact_sym_mig	Round_2_Replicate_8	-1826.22	3662.44	20170.69	92.49	0.9024,0.6951,0.547,4.5336,0.4852
sec_contact_sym_mig	Round_2_Replicate_9	-1102.2	2214.4	2817.01	93.94	0.2213,1.4157,0.0858,3.9036,0.5077
sec_contact_sym_mig	Round_2_Replicate_10	-1186.26	2382.52	5225.54	109.16	1.3123,0.4888,0.6474,2.4998,0.0934
sec_contact_sym_mig	Round_3_Replicate_1	-555.45	1120.9	828.63	182.6	0.7335,0.2616,0.146,1.2704,0.0714
sec_contact_sym_mig	Round_3_Replicate_2	-862.46	1734.92	1500.51	116.57	0.291,1.0287,0.3623,3.2861,0.0588
sec_contact_sym_mig	Round_3_Replicate_3	-1041.75	2093.5	2747.55	153.31	0.552,0.5374,0.4659,1.8452,0.239
sec_contact_sym_mig	Round_3_Replicate_4	-452.77	915.54	475.14	145.34	0.5296,0.3707,0.2295,3.1592,0.0846
sec_contact_sym_mig	Round_3_Replicate_5	-669.7	1349.4	900592.79	33.08	2.0452,1.7714,0.2902,18.0171,0.0598
sec_contact_sym_mig	Round_4_Replicate_1	-486.97	983.94	2262.26	90.23	0.7924,0.6656,0.1272,5.6936,0.0841
sec_contact_sym_mig	Round_4_Replicate_2	-460.53	931.06	1019.75	144.8	0.6267,0.2892,0.3641,3.2015,0.0507
sec_contact_sym_mig	Round_4_Replicate_3	-470.36	950.72	428.61	125.3	0.9727,0.3188,0.175,2.994,0.1064
sec_contact_sym_mig	Round_4_Replicate_4	-453.37	916.74	1267.96	105.62	0.9027,0.4523,0.2139,4.382,0.0745
sec_contact_sym_mig	Round_4_Replicate_5	-442.21	894.42	502.24	175.09	0.4881,0.2716,0.2738,2.427,0.0653
Model	Replicate	log-likelihood	AIC	chi-squared	theta	optimized_params(nu1, nu2, m, T1, T2)
sec_contact_sym_mig	Round_1_Replicate_1	-874.83	1759.66	1785.26	274.89	0.4886,0.1274,0.4945,0.2089,0.6466
sec_contact_sym_mig	Round_1_Replicate_2	-4371.0	8752.0	7437366.09	53.53	3.0939,2.5671,0.5709,1.7645,0.1583
sec_contact_sym_mig	Round_1_Replicate_3	-11955.99	23921.98	15909786896724.4	87.94	0.2321,4.625,4.4927,0.9861,0.4261
sec_contact_sym_mig	Round_1_Replicate_4	-9553.07	19116.14	163423026417.65	93.44	0.4176,3.1906,2.345,0.6012,0.1602
sec_contact_sym_mig	Round_1_Replicate_5	-15185.55	30381.1	2.1423268163175588e+16	22.7	8.3569,4.775,0.7195,0.5666,6.41
sec_contact_sym_mig	Round_1_Replicate_6	-8868.17	17746.34	37448438541.41	79.9	0.4426,3.5373,1.6751,0.5574,1.249
sec_contact_sym_mig	Round_1_Replicate_7	-2312.05	4634.1	77146.64	68.27	1.7601,0.7312,0.3986,5.2523,1.3371
sec_contact_sym_mig	Round_1_Replicate_8	-8525.46	17060.92	21842207280.47	77.11	0.6167,1.8276,1.7018,5.5036,2.6077
sec_contact_sym_mig	Round_1_Replicate_9	-2958.63	5927.26	98910.1	170.49	0.1296,1.2045,0.7633,0.3046,0.2346
sec_contact_sym_mig	Round_1_Replicate_10	-2129.15	4268.3	38087.58	160.26	0.5038,0.6978,0.5477,0.2171,1.2801
sec_contact_sym_mig	Round_2_Replicate_1	-639.7	1289.4	758.71	232.99	0.2453,0.352,0.2193,0.101,2.0823
sec_contact_sym_mig	Round_2_Replicate_2	-1917.04	3844.08	26914.05	380.7	0.4661,0.0526,1.6156,0.2098,1.3281
sec_contact_sym_mig	Round_2_Replicate_3	-692.37	1394.74	977.84	172.7	0.8096,0.2267,0.1913,0.0891,1.9033
sec_contact_sym_mig	Round_2_Replicate_4	-963.28	1936.56	2415.78	142.49	1.088,0.2687,0.2392,0.1283,2.2885
sec_contact_sym_mig	Round_2_Replicate_5	-4587.96	9185.92	10335705.5	196.57	0.5884,0.445,1.6461,0.1244,0.222
sec_contact_sym_mig	Round_2_Replicate_6	-1541.94	3093.88	9256.05	258.21	0.2725,0.3718,0.7495,0.1924,1.1245
sec_contact_sym_mig	Round_2_Replicate_7	-1091.9	2193.8	3192.9	151.31	1.5084,0.1399,0.1143,0.0479,0.8936
sec_contact_sym_mig	Round_2_Replicate_8	-2402.24	4814.48	58931.13	203.55	1.1477,0.0405,1.1409,0.4897,1.3024
sec_contact_sym_mig	Round_2_Replicate_9	-1901.84	3813.68	21595.42	342.47	0.5516,0.0368,1.4203,0.2637,1.2205
sec_contact_sym_mig	Round_2_Replicate_10	-1978.08	3966.16	26826.69	196.62	1.0742,0.0518,0.999,0.619,0.2694
sec_contact_sym_mig	Round_3_Replicate_1	-469.03	948.06	351.69	260.43	0.2626,0.1512,0.2598,0.0245,9.0729
sec_contact_sym_mig	Round_3_Replicate_2	-482.77	975.54	485.08	182.67	0.3875,0.1724,0.151,0.2618,7.184
sec_contact_sym_mig	Round_3_Replicate_3	-1044.74	2099.48	3143.75	130.68	0.2872,1.0825,0.0555,0.2218,2.048
sec_contact_sym_mig	Round_3_Replicate_4	-466.87	943.74	374.69	248.44	0.3213,0.1567,0.2208,0.0952,3.3784
sec_contact_sym_mig	Round_3_Replicate_5	-721.82	1453.64	914.19	295.14	0.2166,0.2478,0.4586,0.0436,6.97
sec_contact_sym_mig	Round_4_Replicate_1	-469.41	948.82	417.07	288.17	0.2879,0.1309,0.2318,0.0824,2.2306
sec_contact_sym_mig	Round_4_Replicate_2	-475.38	960.76	440.46	207.35	0.4185,0.2126,0.1514,0.0526,2.8681
sec_contact_sym_mig	Round_4_Replicate_3	-466.68	943.36	369.43	293.94	0.2719,0.1264,0.271,0.1311,2.8707
sec_contact_sym_mig	Round_4_Replicate_4	-493.4	996.8	544.11	221.28	0.459,0.1833,0.1413,0.1673,1.9136
sec_contact_sym_mig	Round_4_Replicate_5	-470.36	950.72	402.02	226.38	0.3796,0.175,0.186,0.0983,3.0059
