Model	Replicate	log-likelihood	AIC	chi-squared	theta	optimized_params(nu1, nu2, T)
no_mig	Round_1_Replicate_1	-3673.53	7353.06	783338.57	77.51	5.7191,1.0853,0.5594
no_mig	Round_1_Replicate_2	-4949.92	9905.84	7855285.96	116.04	0.4195,4.7674,0.1664
no_mig	Round_1_Replicate_3	-1419.2	2844.4	423402.37	53.84	1.4449,2.3868,5.1337
no_mig	Round_1_Replicate_4	-2596.12	5198.24	304060.09	57.9	0.2579,7.2094,1.1162
no_mig	Round_1_Replicate_5	-1186.04	2378.08	236794.2	151.65	0.8395,0.4104,1.6259
no_mig	Round_1_Replicate_6	-9010.57	18027.14	47446565553.18	113.17	1.116,3.6466,0.1584
no_mig	Round_1_Replicate_7	-1698.24	3402.48	272333.16	46.61	1.1532,4.1661,3.9528
no_mig	Round_1_Replicate_8	-1428.48	2862.96	5014306.98	76.54	2.1444,0.474,4.1837
no_mig	Round_1_Replicate_9	-1971.95	3949.9	29668.09	136.43	0.8786,0.9481,0.5145
no_mig	Round_1_Replicate_10	-5886.76	11779.52	84569957.78	59.31	3.9369,3.9127,0.6809
no_mig	Round_2_Replicate_1	-1488.05	2982.1	29272.49	133.62	2.0746,0.2356,0.5934
no_mig	Round_2_Replicate_2	-1562.66	3131.32	149288423.08	182.89	0.5794,0.1811,2.2513
no_mig	Round_2_Replicate_3	-2519.3	5044.6	84619.76	108.16	1.2755,1.3839,0.5883
no_mig	Round_2_Replicate_4	-1486.25	2978.5	23686.5	131.68	0.4684,1.2854,0.843
no_mig	Round_2_Replicate_5	-1174.18	2354.36	118367.86	119.72	1.0762,0.6539,1.8108
no_mig	Round_2_Replicate_6	-1861.03	3728.06	307456313436020.7	146.74	0.7968,0.1119,3.1919
no_mig	Round_2_Replicate_7	-1047.32	2100.64	75189.45	230.74	0.5011,0.259,0.7865
no_mig	Round_2_Replicate_8	-1278.69	2563.38	21384.46	157.12	0.4841,0.845,0.8078
no_mig	Round_2_Replicate_9	-1760.97	3527.94	98892483.63	160.38	0.282,0.5352,2.7466
no_mig	Round_2_Replicate_10	-1520.12	3046.24	32627903.15	67.07	2.637,0.4413,4.7625
no_mig	Round_3_Replicate_1	-1541.24	3088.48	37594455.01	170.63	1.0,0.1184,1.4595
no_mig	Round_3_Replicate_2	-1328.13	2662.26	36559.53	149.31	1.4875,0.2461,0.6863
no_mig	Round_3_Replicate_3	-1017.99	2041.98	28989.98	215.37	0.5758,0.2909,0.6626
no_mig	Round_3_Replicate_4	-866.95	1739.9	12253.04	404.55	0.1635,0.1122,0.2092
no_mig	Round_3_Replicate_5	-1328.13	2662.26	17107.2	224.48	0.2194,0.5806,0.4236
no_mig	Round_4_Replicate_1	-877.16	1760.32	12210.35	372.89	0.2059,0.1214,0.2331
no_mig	Round_4_Replicate_2	-867.72	1741.44	12151.72	396.49	0.1743,0.1132,0.2136
no_mig	Round_4_Replicate_3	-856.29	1718.58	10410.12	449.37	0.1254,0.0801,0.1504
no_mig	Round_4_Replicate_4	-866.69	1739.38	11536.37	399.93	0.1746,0.1037,0.1994
no_mig	Round_4_Replicate_5	-873.48	1752.96	12900.94	381.23	0.1972,0.1172,0.2308
Model	Replicate	log-likelihood	AIC	chi-squared	theta	optimized_params(nu1, nu2, T)
no_mig	Round_1_Replicate_1	-2074.26	4154.52	26923874.52	53.97	0.4972,3.315,5.194
no_mig	Round_1_Replicate_2	-2675.28	5356.56	118851.68	201.43	0.5302,0.4644,0.1788
no_mig	Round_1_Replicate_3	-1634.52	3275.04	31074.58	128.32	2.6776,0.1881,0.4885
no_mig	Round_1_Replicate_4	-1482.9	2971.8	2448781.3	85.68	2.1956,0.3579,3.1189
no_mig	Round_1_Replicate_5	-2212.16	4430.32	102934406017.87	82.47	0.2658,1.5866,5.1332
no_mig	Round_1_Replicate_6	-1531.57	3069.14	155303920.97	129.72	0.9294,0.2534,3.2076
no_mig	Round_1_Replicate_7	-6760.3	13526.6	434922707.39	82.57	1.2481,6.1747,0.2968
no_mig	Round_1_Replicate_8	-1543.31	3092.62	83561026.13	59.32	2.8825,0.4812,5.8512
no_mig	Round_1_Replicate_9	-1494.38	2994.76	1511587.02	192.96	0.3354,0.4098,1.8874
no_mig	Round_1_Replicate_10	-1473.0	2952.0	1386547.86	114.39	0.5859,0.8238,3.2846
no_mig	Round_2_Replicate_1	-1236.21	2478.42	313847.34	197.67	0.4599,0.3817,1.3725
no_mig	Round_2_Replicate_2	-1388.74	2783.48	1673026.76	221.99	0.4434,0.2124,1.5303
no_mig	Round_2_Replicate_3	-2084.8	4175.6	104635791.46	57.46	0.4575,2.9117,5.4184
no_mig	Round_2_Replicate_4	-1474.54	2955.08	999594.56	119.66	0.5365,0.8461,2.9427
no_mig	Round_2_Replicate_5	-1427.43	2860.86	3044045.91	91.94	1.835,0.3728,3.2377
no_mig	Round_2_Replicate_6	-1668.27	3342.54	20529525.15	153.05	0.3269,0.5893,2.6989
no_mig	Round_2_Replicate_7	-1764.02	3534.04	12317913739.09	139.43	0.5109,0.2936,3.9382
no_mig	Round_2_Replicate_8	-2012.03	4030.06	4512108614.78	148.61	0.2111,0.631,3.1607
no_mig	Round_2_Replicate_9	-1164.95	2335.9	61090.89	123.64	0.9758,0.7321,1.5365
no_mig	Round_2_Replicate_10	-1971.67	3949.34	48071.25	86.25	0.3968,3.1746,0.9745
no_mig	Round_3_Replicate_1	-1359.1	2724.2	119459.85	60.69	1.6804,2.0739,3.4401
no_mig	Round_3_Replicate_2	-1243.59	2493.18	33036.26	151.54	0.5111,0.8431,1.0
no_mig	Round_3_Replicate_3	-1263.49	2532.98	48949.33	104.06	0.9737,1.1457,1.6939
no_mig	Round_3_Replicate_4	-1122.32	2250.64	52346.45	193.25	0.8215,0.2351,0.728
no_mig	Round_3_Replicate_5	-1288.81	2583.62	223398.76	60.59	2.2672,1.3923,4.0078
no_mig	Round_4_Replicate_1	-1027.56	2061.12	35312.03	206.8	0.5784,0.3273,0.7538
no_mig	Round_4_Replicate_2	-1061.8	2129.6	40677.42	182.02	0.6776,0.3964,0.9074
no_mig	Round_4_Replicate_3	-1013.86	2033.72	27781.58	216.96	0.5608,0.295,0.6548
no_mig	Round_4_Replicate_4	-1019.52	2045.04	23725.17	211.06	0.5498,0.3362,0.6622
no_mig	Round_4_Replicate_5	-1052.86	2111.72	32242.51	189.14	0.6784,0.359,0.7996
Model	Replicate	log-likelihood	AIC	chi-squared	theta	optimized_params(nu1, nu2, T)
no_mig	Round_1_Replicate_1	-1602.7	3211.4	26125.33	86.03	1.0463,1.9452,1.3652
no_mig	Round_1_Replicate_2	-1686.68	3379.36	126856.6	36.07	1.9464,5.3748,4.5244
no_mig	Round_1_Replicate_3	-1533.99	3073.98	73076.0	68.2	3.6504,0.7494,1.9795
no_mig	Round_1_Replicate_4	-1217.9	2441.8	17977.21	215.77	0.2866,0.5578,0.5226
no_mig	Round_1_Replicate_5	-2028.46	4062.92	23781643.04	77.27	4.0845,0.1552,1.8028
no_mig	Round_1_Replicate_6	-2636.51	5279.02	2.1362273882103173e+22	124.58	0.1975,0.296,5.9804
no_mig	Round_1_Replicate_7	-4692.37	9390.74	4563728.08	84.18	0.7132,6.9054,0.3075
no_mig	Round_1_Replicate_8	-1877.77	3761.54	4295828.81	46.57	0.7653,3.5831,6.3545
no_mig	Round_1_Replicate_9	-1778.92	3563.84	25096.7	96.81	1.4243,1.3318,0.9983
no_mig	Round_1_Replicate_10	-1506.13	3018.26	493449.13	143.32	1.4922,0.1591,1.1545
no_mig	Round_2_Replicate_1	-1535.8	3077.6	23661.58	176.49	0.2432,0.9481,0.5274
no_mig	Round_2_Replicate_2	-1613.86	3233.72	672607.55	143.88	0.3124,0.953,1.752
no_mig	Round_2_Replicate_3	-1247.85	2501.7	21054.95	170.67	0.4318,0.7514,0.7423
no_mig	Round_2_Replicate_4	-2132.34	4270.68	30236.0	147.31	0.3827,1.3713,0.3499
no_mig	Round_2_Replicate_5	-2498.03	5002.06	73216.72	95.25	1.0709,2.0978,0.6745
no_mig	Round_2_Replicate_6	-4853.01	9712.02	11405445.23	125.13	1.1419,1.4779,0.2582
no_mig	Round_2_Replicate_7	-1018.22	2042.44	25484.32	233.25	0.5656,0.2208,0.5347
no_mig	Round_2_Replicate_8	-1118.02	2242.04	132691.73	211.37	0.4795,0.3414,1.0394
no_mig	Round_2_Replicate_9	-1022.05	2050.1	39404.13	269.01	0.3063,0.2929,0.5972
no_mig	Round_2_Replicate_10	-1164.81	2335.62	15027.03	188.37	0.8362,0.2954,0.5287
no_mig	Round_3_Replicate_1	-1002.62	2011.24	20210.4	229.17	0.5267,0.2688,0.5484
no_mig	Round_3_Replicate_2	-1402.92	2811.84	33346.06	160.58	1.5166,0.1769,0.5063
no_mig	Round_3_Replicate_3	-998.7	2003.4	36862.57	262.32	0.4674,0.1821,0.5134
no_mig	Round_3_Replicate_4	-969.88	1945.76	16467.71	260.56	0.4342,0.2152,0.4299
no_mig	Round_3_Replicate_5	-1243.16	2492.32	140910.25	93.47	1.6596,0.7377,2.2501
no_mig	Round_4_Replicate_1	-899.96	1805.92	13807.74	331.48	0.2554,0.1639,0.3053
no_mig	Round_4_Replicate_2	-923.29	1852.58	18275.66	300.92	0.3142,0.1917,0.3896
no_mig	Round_4_Replicate_3	-1080.12	2166.24	47893.13	209.12	0.7016,0.2278,0.6826
no_mig	Round_4_Replicate_4	-1018.11	2042.22	31255.02	213.99	0.5667,0.3026,0.6916
no_mig	Round_4_Replicate_5	-1052.81	2111.62	36393.05	187.88	0.6618,0.3741,0.8451
