Model	Replicate	log-likelihood	AIC	chi-squared	theta	optimized_params(nu1, nu2, m, T1, T2)
sec_contact_sym_mig	Round_1_Replicate_1	-20269.13	40548.26	52801.24	11022.39	0.2995,0.1571,0.4183,0.4874,1.7341
sec_contact_sym_mig	Round_1_Replicate_2	-241428.43	482866.86	63316248182.53	1647.33	0.2391,5.5369,2.0779,7.2701,0.3386
sec_contact_sym_mig	Round_1_Replicate_3	-190356.99	380723.98	2000841219.75	4106.46	0.9137,0.9915,1.134,0.1463,2.4322
sec_contact_sym_mig	Round_1_Replicate_4	-181205.2	362420.4	346740412.27	1484.64	5.9104,0.4409,0.4793,4.9494,2.5481
sec_contact_sym_mig	Round_1_Replicate_5	-163179.22	326368.44	211036304.38	3179.98	2.3147,0.4864,0.7099,1.274,1.0166
sec_contact_sym_mig	Round_1_Replicate_6	-9918.18	19846.36	21696.86	4638.9	0.4892,0.7736,0.1203,2.4999,0.7718
sec_contact_sym_mig	Round_1_Replicate_7	-748643.69	1497297.38	2.0248921744729298e+22	2805.2	0.6792,8.2717,6.36,0.6869,0.4503
sec_contact_sym_mig	Round_1_Replicate_8	-239298.59	478607.18	7030631037.63	2043.68	6.1115,0.1877,1.3822,3.7754,1.8681
sec_contact_sym_mig	Round_1_Replicate_9	-419476.47	838962.94	1398959338960626.2	3911.55	0.4811,4.3139,3.6821,0.3298,0.142
sec_contact_sym_mig	Round_1_Replicate_10	-161569.45	323148.9	178284373.81	8379.37	0.7045,0.1594,2.1982,0.1376,0.3497
sec_contact_sym_mig	Round_2_Replicate_1	-11077.56	22165.12	22593.99	5814.01	0.194,0.2633,0.2205,5.0534,1.4032
sec_contact_sym_mig	Round_2_Replicate_2	-20139.67	40289.34	52347.58	4217.08	0.2306,0.2186,0.142,7.0781,0.7651
sec_contact_sym_mig	Round_2_Replicate_3	-12550.49	25110.98	26479.66	4525.08	0.4477,0.3603,0.1376,4.5931,0.5649
sec_contact_sym_mig	Round_2_Replicate_4	-101415.59	202841.18	10075253.08	3020.02	1.8696,1.5271,0.2549,0.6929,0.5623
sec_contact_sym_mig	Round_2_Replicate_5	-16147.83	32305.66	37664.83	6525.63	0.4345,0.3569,0.2624,1.6647,1.2912
sec_contact_sym_mig	Round_2_Replicate_6	-10026.11	20062.22	22141.68	2616.61	0.3263,0.7763,0.0916,10.5902,1.9742
sec_contact_sym_mig	Round_2_Replicate_7	-17479.71	34969.42	43011.43	3301.18	0.3723,1.7652,0.2635,3.6678,0.288
sec_contact_sym_mig	Round_2_Replicate_8	-21413.12	42836.24	83625.57	4139.68	0.9687,0.8325,0.054,1.5184,0.6389
sec_contact_sym_mig	Round_2_Replicate_9	-39300.08	78610.16	221395.43	2266.8	1.0504,1.3549,0.2778,7.4317,0.9239
sec_contact_sym_mig	Round_2_Replicate_10	-17158.12	34326.24	51669.83	8029.59	0.3898,0.2351,0.1252,1.4386,0.3198
sec_contact_sym_mig	Round_3_Replicate_1	-7986.0	15982.0	16087.11	5786.67	0.1973,0.4926,0.1851,3.2227,1.4336
sec_contact_sym_mig	Round_3_Replicate_2	-22177.2	44364.4	83707.95	2309.47	1.4848,2.0602,0.0385,3.0894,0.8789
sec_contact_sym_mig	Round_3_Replicate_3	-9459.34	18928.68	23163.58	7127.08	0.2742,0.492,0.1478,1.2399,0.8654
sec_contact_sym_mig	Round_3_Replicate_4	-8290.21	16590.42	14412.95	3080.58	0.398,0.7482,0.1739,7.9978,0.1935
sec_contact_sym_mig	Round_3_Replicate_5	-23453.17	46916.34	71219.87	4772.13	1.0306,0.4105,0.1566,1.9124,0.1756
sec_contact_sym_mig	Round_4_Replicate_1	-7957.71	15925.42	14394.45	7683.53	0.1542,0.3212,0.2934,3.5351,2.0877
sec_contact_sym_mig	Round_4_Replicate_2	-10260.41	20530.82	24994.92	5037.75	0.3309,0.8695,0.1105,1.7602,1.2501
sec_contact_sym_mig	Round_4_Replicate_3	-8129.24	16268.48	13317.06	4771.56	0.2582,0.482,0.2154,4.8317,1.1948
sec_contact_sym_mig	Round_4_Replicate_4	-7969.9	15949.8	14463.26	5751.56	0.1967,0.4131,0.2234,3.8552,1.1621
sec_contact_sym_mig	Round_4_Replicate_5	-8202.98	16415.96	15315.7	7552.49	0.1268,0.3223,0.3123,3.1788,1.2023
Model	Replicate	log-likelihood	AIC	chi-squared	theta	optimized_params(nu1, nu2, m, T1, T2)
sec_contact_sym_mig	Round_1_Replicate_1	-123218.9	246447.8	39316726.1	1984.15	1.9463,1.9302,0.3394,0.2184,6.6846
sec_contact_sym_mig	Round_1_Replicate_2	-64709.09	129428.18	788851.89	1999.22	3.623,0.8515,0.1235,2.3022,1.4773
sec_contact_sym_mig	Round_1_Replicate_3	-77294.81	154599.62	2255800.46	5195.0	0.7979,0.5725,0.5882,0.8055,1.22
sec_contact_sym_mig	Round_1_Replicate_4	-39903.28	79816.56	258113.94	3391.99	0.8493,1.141,0.2443,0.2057,5.4193
sec_contact_sym_mig	Round_1_Replicate_5	-51837.4	103684.8	525446.64	4284.79	0.1663,2.0534,0.3759,0.8091,1.0804
sec_contact_sym_mig	Round_1_Replicate_6	-456882.29	913774.58	3113046239543290.0	1604.64	4.9222,0.9928,1.7225,6.282,4.8555
sec_contact_sym_mig	Round_1_Replicate_7	-722488.2	1444986.4	6.104500006373175e+21	1256.3	4.6553,3.4718,1.8363,0.1988,4.6996
sec_contact_sym_mig	Round_1_Replicate_8	-21932.15	43874.3	55783.28	3638.73	0.866,0.4386,0.1841,4.6067,1.4047
sec_contact_sym_mig	Round_1_Replicate_9	-630153.37	1260316.74	4.963078694177897e+19	993.57	3.2993,7.3107,1.2712,0.1829,7.8706
sec_contact_sym_mig	Round_1_Replicate_10	-194032.64	388075.28	3463345996.99	15045.22	0.133,0.4129,5.2031,1.6161,8.0369
sec_contact_sym_mig	Round_2_Replicate_1	-99830.18	199670.36	3533213.1	2304.83	2.7305,0.2904,0.2999,4.8338,3.4636
sec_contact_sym_mig	Round_2_Replicate_2	-59080.23	118170.46	394204.16	1761.34	2.9424,0.1624,0.0798,9.4681,1.4391
sec_contact_sym_mig	Round_2_Replicate_3	-17710.32	35430.64	40015.4	2020.19	1.4274,0.593,0.0795,11.2216,0.4467
sec_contact_sym_mig	Round_2_Replicate_4	-31133.63	62277.26	115373.26	3284.0	0.6932,0.6905,0.3106,7.2698,2.2781
sec_contact_sym_mig	Round_2_Replicate_5	-54056.04	108122.08	352080.73	2706.76	2.3599,0.3872,0.2459,3.562,0.3379
sec_contact_sym_mig	Round_2_Replicate_6	-8732.47	17474.94	19949.59	2426.02	0.2612,1.4859,0.1026,9.3226,0.5754
sec_contact_sym_mig	Round_2_Replicate_7	-24445.28	48900.56	93754.84	4883.44	0.9579,0.4602,0.0722,1.2333,0.7774
sec_contact_sym_mig	Round_2_Replicate_8	-24424.7	48859.4	80712.91	3090.61	1.2272,0.3962,0.0566,4.9401,1.3237
sec_contact_sym_mig	Round_2_Replicate_9	-23274.29	46558.58	69449.51	3353.02	1.159,0.8584,0.1815,3.213,0.4588
sec_contact_sym_mig	Round_2_Replicate_10	-29846.65	59703.3	112235.38	9528.99	0.2926,0.2728,0.6851,2.8951,2.5172
sec_contact_sym_mig	Round_3_Replicate_1	-7871.33	15752.66	14224.73	6405.78	0.1941,0.3726,0.2339,3.0363,0.5776
sec_contact_sym_mig	Round_3_Replicate_2	-17537.0	35084.0	65249.23	1786.96	0.1,2.4022,0.3223,13.2171,0.1305
sec_contact_sym_mig	Round_3_Replicate_3	-8802.51	17615.02	20089.77	5896.5	0.2554,0.4568,0.1411,2.6694,1.2781
sec_contact_sym_mig	Round_3_Replicate_4	-15088.82	30187.64	50725.7	860.75	0.3195,4.9991,0.0508,27.6259,1.313
sec_contact_sym_mig	Round_3_Replicate_5	-9608.27	19226.54	18949.22	2572.59	0.6062,1.9944,0.0872,5.2973,0.3976
sec_contact_sym_mig	Round_4_Replicate_1	-8642.48	17294.96	14212.41	5694.78	0.1886,0.332,0.2928,4.3632,0.748
sec_contact_sym_mig	Round_4_Replicate_2	-6595.45	13200.9	10342.16	6102.09	0.1916,0.5269,0.2591,2.9016,0.2773
sec_contact_sym_mig	Round_4_Replicate_3	-6796.96	13603.92	10631.16	4883.81	0.2746,0.6326,0.195,3.761,0.4235
sec_contact_sym_mig	Round_4_Replicate_4	-7524.38	15058.76	12276.0	4582.95	0.2358,0.5324,0.2081,4.8388,0.6101
sec_contact_sym_mig	Round_4_Replicate_5	-7875.46	15760.92	14226.31	7102.67	0.1234,0.3397,0.3253,2.9369,0.3157
Model	Replicate	log-likelihood	AIC	chi-squared	theta	optimized_params(nu1, nu2, m, T1, T2)
sec_contact_sym_mig	Round_1_Replicate_1	-320148.79	640307.58	1570333540639.61	2179.36	6.0043,3.5253,0.1297,0.1822,0.3513
sec_contact_sym_mig	Round_1_Replicate_2	-410715.51	821441.02	413948845290674.25	1787.79	2.8337,2.4149,1.0866,1.1463,2.7877
sec_contact_sym_mig	Round_1_Replicate_3	-89916.97	179843.94	7935364.32	2195.56	0.6804,5.3497,0.4652,1.7555,0.259
sec_contact_sym_mig	Round_1_Replicate_4	-80945.66	161901.32	1384082.25	2755.8	2.7793,0.2742,0.2055,0.3744,3.2919
sec_contact_sym_mig	Round_1_Replicate_5	-525957.58	1051925.16	2.0220458690699363e+17	1322.77	5.4872,3.8148,0.888,0.431,2.2849
sec_contact_sym_mig	Round_1_Replicate_6	-313961.23	627932.46	1474189908430.67	1274.54	5.2018,1.8813,0.629,0.1256,8.3125
sec_contact_sym_mig	Round_1_Replicate_7	-72903.41	145816.82	2052177.77	3177.36	0.1613,4.7201,0.6562,0.9481,0.1557
sec_contact_sym_mig	Round_1_Replicate_8	-201528.38	403066.76	1745543435.67	2704.21	3.4978,0.508,0.7575,0.1946,1.826
sec_contact_sym_mig	Round_1_Replicate_9	-89402.98	178815.96	5909752.0	3538.79	0.8667,1.238,0.4783,0.8009,3.0932
sec_contact_sym_mig	Round_1_Replicate_10	-90206.1	180422.2	2163382.3	2396.76	5.1979,0.3717,0.1943,0.9628,0.2992
sec_contact_sym_mig	Round_2_Replicate_1	-65314.47	130638.94	655553.16	1691.97	0.2913,11.3938,0.5943,1.8793,0.0746
sec_contact_sym_mig	Round_2_Replicate_2	-146358.94	292727.88	356744875.2	3597.2	0.2371,4.1068,1.7202,0.7273,0.114
sec_contact_sym_mig	Round_2_Replicate_3	-122610.33	245230.66	37585646.89	2677.33	0.502,10.7716,0.5823,0.4885,0.1251
sec_contact_sym_mig	Round_2_Replicate_4	-54028.61	108067.22	641751.91	1774.0	0.4513,6.1609,0.2915,3.4154,0.3153
sec_contact_sym_mig	Round_2_Replicate_5	-130037.3	260084.6	90057921.29	3574.38	0.3423,4.8277,1.8855,0.5294,0.0514
sec_contact_sym_mig	Round_2_Replicate_6	-77630.4	155270.8	1706864.35	4506.1	0.0421,2.5905,0.7019,0.7061,0.5938
sec_contact_sym_mig	Round_2_Replicate_7	-15318.48	30646.96	406560.06	2902.79	0.5305,2.0693,0.2417,3.9858,0.0438
sec_contact_sym_mig	Round_2_Replicate_8	-90391.62	180793.24	4271548.02	3536.74	0.2605,8.4274,1.1455,0.369,0.0309
sec_contact_sym_mig	Round_2_Replicate_9	-15417.17	30844.34	34421.87	3925.82	0.3291,1.2959,0.3023,3.3923,0.3056
sec_contact_sym_mig	Round_2_Replicate_10	-52147.55	104305.1	320953.41	2684.08	0.1311,5.593,0.2585,1.2656,0.2088
sec_contact_sym_mig	Round_3_Replicate_1	-22472.23	44954.46	87061.87	3566.96	1.4033,0.6283,0.183,2.764,0.059
sec_contact_sym_mig	Round_3_Replicate_2	-11956.93	23923.86	80219.02	1240.0	0.769,3.0665,0.2281,18.3458,0.1107
sec_contact_sym_mig	Round_3_Replicate_3	-17027.05	34064.1	2773138.06	2208.0	1.3726,1.0216,0.3351,8.5479,0.0701
sec_contact_sym_mig	Round_3_Replicate_4	-29858.26	59726.52	146103.45	2010.29	2.0384,2.4339,0.1243,3.56,0.0372
sec_contact_sym_mig	Round_3_Replicate_5	-12987.52	25985.04	27527.23	5988.62	0.2428,0.9696,0.2507,1.3821,0.1188
sec_contact_sym_mig	Round_4_Replicate_1	-11672.33	23354.66	2650872.89	1639.29	0.752,2.5264,0.2218,12.2454,0.0603
sec_contact_sym_mig	Round_4_Replicate_2	-11805.04	23620.08	30119.47	1371.87	0.3596,3.419,0.1194,15.498,0.1946
sec_contact_sym_mig	Round_4_Replicate_3	-12621.61	25253.22	39337122.46	1713.29	0.9488,1.9744,0.2816,12.3101,0.0505
sec_contact_sym_mig	Round_4_Replicate_4	-6546.62	13103.24	9297.3	1242.28	0.9325,2.4283,0.0681,19.2562,0.7564
sec_contact_sym_mig	Round_4_Replicate_5	-8936.85	17883.7	112165.78	1336.16	1.2369,3.0823,0.0969,13.9601,0.1758
