Model	Replicate	log-likelihood	AIC	chi-squared	theta	optimized_params(nu1, nu2, T)
no_mig	Round_1_Replicate_1	-58715.6	117437.2	1249140.02	4243.83	0.2374,3.7242,0.4638
no_mig	Round_1_Replicate_2	-46463.26	92932.52	10867065.91	5920.96	0.2335,1.1468,1.0767
no_mig	Round_1_Replicate_3	-119081.35	238168.7	17790545.4	2508.45	3.7668,1.7838,0.7947
no_mig	Round_1_Replicate_4	-55179.22	110364.44	765265.56	9018.23	0.2092,0.5045,0.1617
no_mig	Round_1_Replicate_5	-67146.07	134298.14	13938834.34	2601.09	0.2991,5.7903,1.3078
no_mig	Round_1_Replicate_6	-59200.76	118407.52	2334334.32	3179.33	0.3481,4.6577,0.8699
no_mig	Round_1_Replicate_7	-60569.88	121145.76	1364530540.74	2716.46	0.5733,1.746,5.7905
no_mig	Round_1_Replicate_8	-64195.46	128396.92	57944127.59	2890.63	0.3166,3.0608,2.6065
no_mig	Round_1_Replicate_9	-109913.2	219832.4	13480601.15	4583.86	0.8323,1.847,0.3573
no_mig	Round_1_Replicate_10	-82316.11	164638.22	3110213.5	2803.44	2.0151,2.1408,1.0219
no_mig	Round_2_Replicate_1	-73657.3	147320.6	2043436085922.16	6267.28	0.1514,0.6058,2.8257
no_mig	Round_2_Replicate_2	-32266.99	64539.98	1104177.93	8747.2	0.2983,0.4628,0.5503
no_mig	Round_2_Replicate_3	-45484.52	90975.04	13216984.38	5049.21	0.388,1.1362,1.6556
no_mig	Round_2_Replicate_4	-47627.54	95261.08	12196006.09	3120.9	0.7194,2.0424,2.5851
no_mig	Round_2_Replicate_5	-44617.56	89241.12	13581164.48	7276.79	0.2501,0.6853,1.1645
no_mig	Round_2_Replicate_6	-47323.63	94653.26	1931806.5	5623.56	0.1939,1.6982,0.5463
no_mig	Round_2_Replicate_7	-58841.67	117689.34	8960970.29	2734.06	0.4424,4.1285,1.6433
no_mig	Round_2_Replicate_8	-42948.03	85902.06	1504683.17	5478.34	0.298,1.4505,0.7011
no_mig	Round_2_Replicate_9	-46341.06	92688.12	1021108.87	5272.16	0.3019,1.7051,0.5721
no_mig	Round_2_Replicate_10	-44198.74	88403.48	12786028.9	6644.19	0.3587,0.6595,1.3758
no_mig	Round_3_Replicate_1	-40717.5	81441.0	2667125.97	4550.16	0.6124,1.2395,1.3608
no_mig	Round_3_Replicate_2	-49113.03	98232.06	22437232.7	6763.34	0.2496,0.73,1.4782
no_mig	Round_3_Replicate_3	-32520.66	65047.32	1608804.78	9826.98	0.1861,0.4628,0.4763
no_mig	Round_3_Replicate_4	-38893.2	77792.4	5057735.02	7055.95	0.3451,0.6529,1.0281
no_mig	Round_3_Replicate_5	-31973.36	63952.72	978564.45	9359.68	0.303,0.3756,0.4969
no_mig	Round_4_Replicate_1	-30080.89	60167.78	744963.13	10196.23	0.2253,0.3693,0.3846
no_mig	Round_4_Replicate_2	-32548.78	65103.56	1108453.26	8477.65	0.305,0.4958,0.5671
no_mig	Round_4_Replicate_3	-29964.72	59935.44	805117.64	10423.9	0.2241,0.3485,0.3909
no_mig	Round_4_Replicate_4	-34956.94	69919.88	2037224.8	7654.93	0.3423,0.5744,0.7677
no_mig	Round_4_Replicate_5	-35215.99	70437.98	1587082.1	7023.42	0.3524,0.7102,0.7551
Model	Replicate	log-likelihood	AIC	chi-squared	theta	optimized_params(nu1, nu2, T)
no_mig	Round_1_Replicate_1	-101365.07	202736.14	174748710.67	2960.47	3.3063,0.1721,1.6321
no_mig	Round_1_Replicate_2	-76424.79	152855.58	2064689113553.1	4447.91	0.2825,0.7263,4.5969
no_mig	Round_1_Replicate_3	-97121.64	194249.28	267044680153.6	3212.57	1.8975,0.1928,3.6921
no_mig	Round_1_Replicate_4	-91528.2	183062.4	4133317.97	2885.8	3.0791,1.2554,0.7934
no_mig	Round_1_Replicate_5	-40674.7	81355.4	1888986.78	4893.33	0.8298,0.8055,1.2245
no_mig	Round_1_Replicate_6	-82769.58	165545.16	1852557001.05	2409.75	0.1852,4.925,2.3396
no_mig	Round_1_Replicate_7	-187561.6	375129.2	713593281.88	3256.47	4.9857,1.0107,0.3153
no_mig	Round_1_Replicate_8	-73752.47	147510.94	10159936.98	3275.62	2.8272,0.3258,1.2731
no_mig	Round_1_Replicate_9	-59325.56	118657.12	1134453.31	4512.2	0.2173,3.5656,0.3962
no_mig	Round_1_Replicate_10	-70102.44	140210.88	1442387.25	4114.14	2.0117,0.6109,0.5772
no_mig	Round_2_Replicate_1	-50976.9	101959.8	1247577.81	3405.41	1.4201,1.3715,1.3084
no_mig	Round_2_Replicate_2	-63261.47	126528.94	285767201.58	8180.42	0.2382,0.3655,1.8009
no_mig	Round_2_Replicate_3	-55241.4	110488.8	57989274.76	4164.19	0.3173,1.4727,2.5719
no_mig	Round_2_Replicate_4	-73091.09	146188.18	55443612.26	2425.49	2.8625,0.5549,3.4596
no_mig	Round_2_Replicate_5	-54427.61	108861.22	969667.53	4663.48	0.9317,1.0747,0.7004
no_mig	Round_2_Replicate_6	-59693.04	119392.08	30416977.98	4268.47	1.1773,0.4775,2.3108
no_mig	Round_2_Replicate_7	-70675.14	141356.28	1677095.26	3940.08	0.5944,2.8819,0.5562
no_mig	Round_2_Replicate_8	-84212.43	168430.86	2441477.68	3318.89	3.2705,0.6801,0.5975
no_mig	Round_2_Replicate_9	-68910.3	137826.6	1260431.65	4525.5	2.062,0.3689,0.4669
no_mig	Round_2_Replicate_10	-60755.93	121517.86	1211576.79	4834.39	1.6945,0.3312,0.5711
no_mig	Round_3_Replicate_1	-69499.05	139004.1	751000397492.94	2994.5	0.2493,2.026,4.7394
no_mig	Round_3_Replicate_2	-47330.45	94666.9	8043331.64	6150.08	0.6872,0.44,1.3132
no_mig	Round_3_Replicate_3	-49692.09	99390.18	8446572.27	1651.84	2.2008,3.2519,4.735
no_mig	Round_3_Replicate_4	-45296.18	90598.36	4521537.25	3475.0	0.6994,1.9193,1.8582
no_mig	Round_3_Replicate_5	-43695.64	87397.28	1804807.62	5545.56	0.2654,1.4773,0.6892
no_mig	Round_4_Replicate_1	-38540.65	77087.3	1901970.44	6079.02	0.3347,1.0267,0.8197
no_mig	Round_4_Replicate_2	-39693.28	79392.56	5821478.18	7607.42	0.3481,0.5334,1.0107
no_mig	Round_4_Replicate_3	-38115.64	76237.28	1741926.59	5470.71	0.5822,0.8697,1.0581
no_mig	Round_4_Replicate_4	-36930.03	73866.06	2259429.0	6281.11	0.4415,0.7616,0.9733
no_mig	Round_4_Replicate_5	-34548.25	69102.5	1326395.26	7233.96	0.3617,0.6544,0.7065
Model	Replicate	log-likelihood	AIC	chi-squared	theta	optimized_params(nu1, nu2, T)
no_mig	Round_1_Replicate_1	-66363.12	132732.24	287790084.67	4956.57	0.6608,0.4366,3.145
no_mig	Round_1_Replicate_2	-125329.17	250664.34	1444059360048625.5	1061.77	8.4519,0.2427,6.8099
no_mig	Round_1_Replicate_3	-52735.87	105477.74	37453315.36	3204.47	0.5586,1.7316,3.6693
no_mig	Round_1_Replicate_4	-48055.12	96116.24	2939491.96	4170.23	1.3284,0.6538,1.446
no_mig	Round_1_Replicate_5	-56764.21	113534.42	21804704.98	5055.05	0.172,1.6919,1.1056
no_mig	Round_1_Replicate_6	-59722.23	119450.46	24828596.54	2103.17	2.8284,1.0547,4.2164
no_mig	Round_1_Replicate_7	-95613.07	191232.14	6052104.13	1192.66	4.2034,7.1259,2.75
no_mig	Round_1_Replicate_8	-95079.32	190164.64	2645104949612.8	3548.38	1.4681,0.1973,4.0417
no_mig	Round_1_Replicate_9	-61853.31	123712.62	991888931.72	2519.5	0.4404,2.6023,4.8143
no_mig	Round_1_Replicate_10	-103489.12	206984.24	5483809.64	5403.81	2.062,0.2702,0.1842
no_mig	Round_2_Replicate_1	-43899.81	87805.62	11799881.8	5645.09	0.4336,0.8329,1.5898
no_mig	Round_2_Replicate_2	-60573.81	121153.62	2531618.54	3612.29	2.2597,0.4676,1.12
no_mig	Round_2_Replicate_3	-64448.05	128902.1	117478057.9	6259.25	0.5049,0.3555,2.3168
no_mig	Round_2_Replicate_4	-51363.15	102732.3	11014652.26	4142.87	1.1979,0.6259,2.0086
no_mig	Round_2_Replicate_5	-47344.15	94694.3	4221799.69	2912.9	1.6779,1.2473,2.4036
no_mig	Round_2_Replicate_6	-57394.9	114795.8	1302783.06	4078.91	1.8848,0.5135,0.8431
no_mig	Round_2_Replicate_7	-50773.51	101553.02	9099774.18	1693.75	2.8589,2.2682,4.7256
no_mig	Round_2_Replicate_8	-64444.83	128895.66	2112781.41	3557.05	2.5777,0.4211,0.9373
no_mig	Round_2_Replicate_9	-48792.47	97590.94	20645826.36	6814.0	0.3887,0.5348,1.5689
no_mig	Round_2_Replicate_10	-61845.68	123697.36	17130853.39	2813.17	2.3749,0.6584,2.5711
no_mig	Round_3_Replicate_1	-44976.79	89959.58	4005915.4	3071.16	1.3264,1.4384,2.322
no_mig	Round_3_Replicate_2	-84011.72	168029.44	2813921287483573.0	7626.74	0.1072,0.3994,2.5591
no_mig	Round_3_Replicate_3	-33272.89	66551.78	1003154.8	8066.17	0.3604,0.4968,0.5902
no_mig	Round_3_Replicate_4	-52255.58	104517.16	32080032.32	3817.29	0.4346,1.514,2.8507
no_mig	Round_3_Replicate_5	-38325.58	76657.16	935776.03	5975.39	0.5991,0.726,0.772
no_mig	Round_4_Replicate_1	-38271.6	76549.2	2641094.78	5685.11	0.5364,0.8112,1.1463
no_mig	Round_4_Replicate_2	-35756.87	71519.74	1540999.86	6784.2	0.3514,0.7775,0.7583
no_mig	Round_4_Replicate_3	-34023.05	68052.1	1589446.89	8411.99	0.3452,0.4489,0.663
no_mig	Round_4_Replicate_4	-32246.15	64498.3	1004707.04	8599.45	0.2815,0.5084,0.5266
no_mig	Round_4_Replicate_5	-32942.89	65891.78	904484.18	8130.7	0.3084,0.5551,0.538
