Model	Replicate	log-likelihood	AIC	chi-squared	theta	optimized_params(nu1, nu2, m, T)
sym_mig	Round_1_Replicate_1	-298109.24	596226.48	367893727358.61	3631.86	4.4591,0.2891,1.9372,0.4917
sym_mig	Round_1_Replicate_2	-364871.65	729751.3	37084339228253.58	3977.62	0.7234,1.2193,2.76,7.0551
sym_mig	Round_1_Replicate_3	-78628.23	157264.46	2139284.61	12722.17	0.2456,0.1639,2.0289,0.3071
sym_mig	Round_1_Replicate_4	-28355.95	56719.9	131832.81	12040.4	0.1943,0.2031,0.1877,0.1931
sym_mig	Round_1_Replicate_5	-369726.77	739461.54	25306670091502.9	2839.1	3.5676,3.9339,0.137,0.3446
sym_mig	Round_1_Replicate_6	-385482.65	770973.3	119471307814049.2	3075.87	1.0767,2.3551,1.7794,1.5862
sym_mig	Round_1_Replicate_7	-105905.35	211818.7	14513997.77	21442.42	0.1277,0.1582,4.2559,0.7426
sym_mig	Round_1_Replicate_8	-99125.78	198259.56	11277172.25	3674.91	0.166,2.7365,0.767,5.0216
sym_mig	Round_1_Replicate_9	-153099.5	306207.0	148405403.98	5181.21	0.3402,4.5882,0.2071,0.1559
sym_mig	Round_1_Replicate_10	-373787.25	747582.5	73430878581008.7	4491.01	0.5182,2.0826,2.9706,0.8033
sym_mig	Round_2_Replicate_1	-9365.29	18738.58	23735.43	14204.87	0.1065,0.2471,0.2953,0.7192
sym_mig	Round_2_Replicate_2	-47289.16	94586.32	324466.21	10054.26	0.4706,0.1046,0.1404,0.2323
sym_mig	Round_2_Replicate_3	-45989.53	91987.06	352975.73	8810.6	0.3998,0.3402,0.4528,0.3626
sym_mig	Round_2_Replicate_4	-67064.38	134136.76	954132.13	9364.81	0.4733,0.1774,0.7484,0.2349
sym_mig	Round_2_Replicate_5	-100208.11	200424.22	8022592.7	9162.5	0.2183,0.3946,0.0527,0.086
sym_mig	Round_2_Replicate_6	-140411.91	280831.82	79620349.07	6282.72	0.7356,0.7551,0.087,0.1773
sym_mig	Round_2_Replicate_7	-14002.34	28012.68	55463.1	14501.64	0.1152,0.2164,0.1695,0.3286
sym_mig	Round_2_Replicate_8	-15922.1	31852.2	69514.48	18953.73	0.0769,0.102,0.2101,0.1768
sym_mig	Round_2_Replicate_9	-36222.42	72452.84	359240.66	15031.21	0.1942,0.0845,0.0482,0.2254
sym_mig	Round_2_Replicate_10	-13704.96	27417.92	39339.01	10038.58	0.2376,0.3737,0.1967,0.7123
sym_mig	Round_3_Replicate_1	-8072.71	16153.42	15297.02	20716.51	0.0688,0.1361,0.6836,0.5928
sym_mig	Round_3_Replicate_2	-14028.04	28064.08	44813.18	11276.62	0.1783,0.3394,0.1834,0.5034
sym_mig	Round_3_Replicate_3	-10946.36	21900.72	30001.99	20004.93	0.037,0.1665,0.5185,1.8387
sym_mig	Round_3_Replicate_4	-10718.82	21445.64	19855.48	23847.34	0.0691,0.1302,1.0578,0.9029
sym_mig	Round_3_Replicate_5	-9073.4	18154.8	20112.87	21981.96	0.0547,0.1067,0.6355,0.2736
sym_mig	Round_4_Replicate_1	-9628.06	19264.12	23902.15	18546.14	0.0828,0.1396,0.4191,0.3332
sym_mig	Round_4_Replicate_2	-8144.02	16296.04	16722.38	17436.99	0.0814,0.1794,0.5002,0.9213
sym_mig	Round_4_Replicate_3	-8334.22	16676.44	17913.77	17985.63	0.0819,0.165,0.4801,0.6081
sym_mig	Round_4_Replicate_4	-8816.92	17641.84	19840.52	18444.35	0.0826,0.1494,0.4704,0.4134
sym_mig	Round_4_Replicate_5	-7941.09	15890.18	15520.98	26866.19	0.0483,0.1076,0.8557,1.1649
Model	Replicate	log-likelihood	AIC	chi-squared	theta	optimized_params(nu1, nu2, m, T)
sym_mig	Round_1_Replicate_1	-859155.71	1718319.42	7.304296658990403e+24	1524.72	3.5777,5.0692,2.4089,2.0924
sym_mig	Round_1_Replicate_2	-27898.72	55805.44	115015.23	2518.57	0.9439,2.0613,0.1142,5.1718
sym_mig	Round_1_Replicate_3	-259630.64	519269.28	86959413907.55	4313.11	1.0458,2.5343,0.5403,0.2652
sym_mig	Round_1_Replicate_4	-148483.35	296974.7	37964945.94	2168.5	5.7894,0.2057,0.4412,2.2703
sym_mig	Round_1_Replicate_5	-966391.68	1932791.36	1.812998064703906e+36	961.1	4.2146,5.0518,8.8805,5.923
sym_mig	Round_1_Replicate_6	-377822.89	755653.78	29615932877254.36	4628.83	3.5626,0.1784,4.6434,0.5668
sym_mig	Round_1_Replicate_7	-305734.47	611476.94	1047781330946.25	3053.43	2.0926,3.6339,0.3899,0.4238
sym_mig	Round_1_Replicate_8	-147572.19	295152.38	42791420.03	4660.78	2.9113,0.1172,0.8756,0.3494
sym_mig	Round_1_Replicate_9	-492027.62	984063.24	3.742729919918348e+16	2385.41	0.9958,2.9515,2.5892,6.5471
sym_mig	Round_1_Replicate_10	-82358.81	164725.62	2827387.03	4196.16	0.1365,6.0767,0.4283,0.3597
sym_mig	Round_2_Replicate_1	-54853.32	109714.64	668006.33	4675.94	0.8198,0.9216,0.2963,1.3601
sym_mig	Round_2_Replicate_2	-31423.99	62855.98	124839.93	2973.9	0.2276,2.1141,0.19,10.1614
sym_mig	Round_2_Replicate_3	-31431.54	62871.08	128151.47	4082.07	0.2915,2.0861,0.1264,1.5667
sym_mig	Round_2_Replicate_4	-33769.82	67547.64	172929.29	3504.04	0.281,2.7782,0.049,1.6188
sym_mig	Round_2_Replicate_5	-34141.56	68291.12	147581.58	2454.4	0.4774,3.9116,0.0659,2.7104
sym_mig	Round_2_Replicate_6	-34156.54	68321.08	198921.31	3522.64	0.6351,2.1835,0.0411,1.4957
sym_mig	Round_2_Replicate_7	-41043.41	82094.82	283781.9	2166.7	1.9105,2.386,0.047,2.9962
sym_mig	Round_2_Replicate_8	-44111.21	88230.42	329664.27	1302.99	2.014,5.6593,0.0489,5.6585
sym_mig	Round_2_Replicate_9	-77246.89	154501.78	2519935.34	1866.5	2.285,2.1064,0.1732,5.3886
sym_mig	Round_2_Replicate_10	-48284.39	96576.78	447636.13	2917.43	1.2725,1.8063,0.1261,2.2498
sym_mig	Round_3_Replicate_1	-18016.12	36040.24	64461.64	3733.78	0.942,0.9176,0.05,3.1982
sym_mig	Round_3_Replicate_2	-13105.82	26219.64	31105.91	4631.68	0.355,1.0406,0.1335,3.594
sym_mig	Round_3_Replicate_3	-21048.43	42104.86	60851.13	2087.86	1.2302,1.5347,0.1093,19.9466
sym_mig	Round_3_Replicate_4	-12950.2	25908.4	36778.44	2478.2	1.0964,1.052,0.0417,9.2891
sym_mig	Round_3_Replicate_5	-81817.41	163642.82	3747226.24	2882.86	1.1998,1.7953,0.2845,2.7494
sym_mig	Round_4_Replicate_1	-9347.59	18703.18	19999.2	1565.71	1.2755,1.7105,0.0417,26.2356
sym_mig	Round_4_Replicate_2	-10280.34	20568.68	22928.77	2585.08	0.8267,0.9226,0.0653,15.7725
sym_mig	Round_4_Replicate_3	-17777.27	35562.54	50934.22	2556.05	1.383,0.798,0.054,8.5567
sym_mig	Round_4_Replicate_4	-16360.66	32729.32	40175.53	2364.17	1.1705,0.6617,0.0666,24.2913
sym_mig	Round_4_Replicate_5	-8764.56	17537.12	18101.06	1839.3	0.9935,1.55,0.0514,24.0445
Model	Replicate	log-likelihood	AIC	chi-squared	theta	optimized_params(nu1, nu2, m, T)
sym_mig	Round_1_Replicate_1	-820839.94	1641687.88	8.376542132386546e+23	1761.26	1.717,6.9498,3.489,2.5083
sym_mig	Round_1_Replicate_2	-232397.94	464803.88	22088817452.64	2658.23	1.3904,1.5666,0.9319,4.9897
sym_mig	Round_1_Replicate_3	-833868.22	1667744.44	2.755928000932996e+30	1386.77	5.5157,3.4629,6.8432,1.6682
sym_mig	Round_1_Replicate_4	-588954.87	1177917.74	4.979556054995891e+18	1403.83	4.1481,2.3295,1.6798,6.7705
sym_mig	Round_1_Replicate_5	-176702.87	353413.74	1112685282.27	4716.12	0.6317,1.7017,0.9405,0.5228
sym_mig	Round_1_Replicate_6	-339233.52	678475.04	8053031374871.11	1671.62	2.9044,2.4009,0.8233,5.2208
sym_mig	Round_1_Replicate_7	-132726.6	265461.2	59559505.23	1382.57	4.5406,2.6991,0.1716,4.2494
sym_mig	Round_1_Replicate_8	-195729.89	391467.78	1882481728.91	16355.33	0.3023,0.1452,4.9946,7.0707
sym_mig	Round_1_Replicate_9	-108281.34	216570.68	12162133.87	5910.45	0.9542,0.4288,0.7539,0.6547
sym_mig	Round_1_Replicate_10	-217056.48	434120.96	7640569876.57	11158.73	0.2121,0.2068,6.0244,0.1293
sym_mig	Round_2_Replicate_1	-127791.95	255591.9	57646252.86	7511.05	0.4069,0.5692,1.4877,0.773
sym_mig	Round_2_Replicate_2	-330418.67	660845.34	4376871663588.07	4883.69	1.4936,0.8655,1.6156,0.263
sym_mig	Round_2_Replicate_3	-102394.44	204796.88	6905731.74	8853.24	0.5701,0.1886,1.3427,0.423
sym_mig	Round_2_Replicate_4	-133442.68	266893.36	60501578.62	3390.48	1.9013,1.4269,0.2604,0.7467
sym_mig	Round_2_Replicate_5	-23843.23	47694.46	76966.26	10434.28	0.2591,0.3093,0.574,1.5644
sym_mig	Round_2_Replicate_6	-187206.97	374421.94	455800884.36	6725.37	1.4082,0.0865,2.3535,0.3029
sym_mig	Round_2_Replicate_7	-66165.27	132338.54	928797.15	11337.36	0.3362,0.1604,1.2913,0.3474
sym_mig	Round_2_Replicate_8	-52577.06	105162.12	594699.2	6488.72	0.3056,1.0497,0.3796,0.4973
sym_mig	Round_2_Replicate_9	-64907.33	129822.66	1027043.96	2818.77	2.1179,1.078,0.1577,2.174
sym_mig	Round_2_Replicate_10	-268373.59	536755.18	65791903785.9	3707.46	3.8346,0.2661,1.7457,0.5956
sym_mig	Round_3_Replicate_1	-91482.15	182972.3	2497345.44	7064.29	0.9744,0.1163,0.7383,0.9283
sym_mig	Round_3_Replicate_2	-14199.73	28407.46	38311.58	4262.53	0.6848,0.8067,0.0962,3.5783
sym_mig	Round_3_Replicate_3	-18275.15	36558.3	49047.95	11027.87	0.2067,0.3317,0.5112,0.9781
sym_mig	Round_3_Replicate_4	-65840.75	131689.5	1577354.23	8700.93	0.1875,0.6477,1.076,2.0208
sym_mig	Round_3_Replicate_5	-23039.49	46086.98	91303.59	5723.96	0.6485,0.6497,0.0892,1.2338
sym_mig	Round_4_Replicate_1	-10465.65	20939.3	26997.27	2899.54	0.7729,1.0291,0.0558,8.5267
sym_mig	Round_4_Replicate_2	-19949.3	39906.6	79975.22	3626.91	0.9909,1.0214,0.0414,2.9071
sym_mig	Round_4_Replicate_3	-8580.78	17169.56	18152.44	3838.75	0.4431,0.8369,0.1027,8.916
sym_mig	Round_4_Replicate_4	-14119.72	28247.44	36005.44	2703.56	1.0301,0.746,0.0601,11.298
sym_mig	Round_4_Replicate_5	-8693.78	17395.56	18280.93	2789.58	0.6408,1.0034,0.0751,15.6722
