Model	Replicate	log-likelihood	AIC	chi-squared	theta	optimized_params
no_mig	Round_4_Replicate_3	-29964.72	59935.44	805117.64	10423.9	0.2241,0.3485,0.3909	
no_mig	Round_4_Replicate_1	-30080.89	60167.78	744963.13	10196.23	0.2253,0.3693,0.3846	
no_mig	Round_3_Replicate_5	-31973.36	63952.72	978564.45	9359.68	0.303,0.3756,0.4969	
no_mig	Round_4_Replicate_4	-32246.15	64498.3	1004707.04	8599.45	0.2815,0.5084,0.5266	
no_mig	Round_2_Replicate_2	-32266.99	64539.98	1104177.93	8747.2	0.2983,0.4628,0.5503	
sec_contact_sym_mig	Round_4_Replicate_4	-6546.62	13103.24	9297.3	1242.28	0.9325,2.4283,0.0681,19.2562,0.7564	
sec_contact_sym_mig	Round_4_Replicate_2	-6595.45	13200.9	10342.16	6102.09	0.1916,0.5269,0.2591,2.9016,0.2773	
sec_contact_sym_mig	Round_4_Replicate_3	-6796.96	13603.92	10631.16	4883.81	0.2746,0.6326,0.195,3.761,0.4235	
sec_contact_sym_mig	Round_4_Replicate_4	-7524.38	15058.76	12276.0	4582.95	0.2358,0.5324,0.2081,4.8388,0.6101	
sec_contact_sym_mig	Round_3_Replicate_1	-7871.33	15752.66	14224.73	6405.78	0.1941,0.3726,0.2339,3.0363,0.5776	
sym_mig	Round_4_Replicate_5	-7941.09	15890.18	15520.98	26866.19	0.0483,0.1076,0.8557,1.1649	
sym_mig	Round_3_Replicate_1	-8072.71	16153.42	15297.02	20716.51	0.0688,0.1361,0.6836,0.5928	
sym_mig	Round_4_Replicate_2	-8144.02	16296.04	16722.38	17436.99	0.0814,0.1794,0.5002,0.9213	
sym_mig	Round_4_Replicate_3	-8334.22	16676.44	17913.77	17985.63	0.0819,0.165,0.4801,0.6081	
sym_mig	Round_4_Replicate_3	-8580.78	17169.56	18152.44	3838.75	0.4431,0.8369,0.1027,8.916	
