chr	windowStart	windowEnd	D	f_d	f_dM	d_f
NC_050068.2	5148772	7173314	-0.052294	-0.025663	-0.012965	-0.028098
NC_050068.2	5294325	10293241	-0.006268	-0.001445	-0.000837	-0.056142
NC_050068.2	7380170	16188205	0.151020	0.020988	0.012859	0.056470
NC_050068.2	11044270	22891363	0.277149	0.038633	0.022984	0.251093
NC_050068.2	16544991	27857732	0.293674	0.038083	0.025134	0.197699
NC_050068.2	22891407	33249602	0.406517	0.042008	0.032744	0.191796
NC_050068.2	27857749	41846744	0.452518	0.069615	0.053120	0.288328
NC_050068.2	33586276	46626892	0.582169	0.128522	0.094097	0.422937
NC_050068.2	41846777	52611775	0.598924	0.139839	0.101783	0.453398
NC_050068.2	46626945	59363462	0.239494	0.038749	0.027532	0.143312
NC_050068.2	52611872	64430678	0.089140	0.008339	0.005842	0.011586
NC_050068.2	59778086	75007678	0.252444	0.019847	0.012459	0.028111
NC_050068.2	64673223	83489462	0.028405	0.003639	0.002106	-0.123486
NC_050068.2	75007906	93869492	-0.068523	-0.014020	-0.008778	-0.118136
NC_050068.2	83489587	102005108	0.255733	0.040938	0.027377	0.174839
NC_050068.2	94388104	105312064	0.695093	0.080667	0.058086	0.671239
NC_050068.2	102048688	111250215	0.550356	0.072880	0.049386	0.425694
NC_050068.2	105312079	118787996	0.313426	0.035805	0.022977	0.198676
NC_050068.2	111262022	129552076	-0.467764	-0.054316	-0.035067	-0.468308
NC_050068.2	118816710	136543193	-0.255847	-0.035642	-0.022698	-0.253106
NC_050068.2	129552079	140851740	0.200809	0.024382	0.015508	0.047850
NC_050068.2	136905219	148877278	-0.114574	-0.015909	-0.010242	-0.221043
NC_050068.2	141313063	157092568	-0.161844	-0.021159	-0.014235	-0.162630
NC_050068.2	148877284	165869593	0.127453	0.022924	0.014996	0.096560
NC_050068.2	157375147	172413422	0.184092	0.041243	0.026515	0.102695
NC_050068.2	165869639	177267045	0.085083	0.010553	0.007430	-0.057508
NC_050068.2	172413428	184184222	0.138830	0.011543	0.007692	0.045897
NC_050068.2	177749877	190572675	0.070302	0.008985	0.005519	0.048641
NC_050068.2	184310553	196054911	-0.256803	-0.036745	-0.024429	-0.247585
NC_050068.2	190572941	198794851	0.265354	0.045564	0.033732	0.143017
NC_050068.2	196286739	203165456	0.577964	0.092119	0.070708	0.451777
NC_050068.2	198794853	209141377	0.178477	0.024884	0.017445	0.050909
NC_050068.2	203165458	213155434	-0.030756	-0.004527	-0.003013	-0.070480
NC_050068.2	209146410	216067725	0.317904	0.046763	0.032405	0.247442
NC_050068.2	213155511	219827275	0.353361	0.086953	0.054088	0.217310
NC_050068.2	216067743	224649371	0.051957	0.007917	0.004971	-0.002428
NC_050068.2	219827965	230965258	0.352228	0.037246	0.025902	0.255812
NC_050068.2	224649372	237096857	0.365016	0.056603	0.038061	0.088138
NC_050068.2	231517331	243691746	0.118029	0.011296	0.008097	-0.139436
NC_050068.2	237622708	248402094	0.311727	0.036078	0.026778	0.201168
NC_050068.2	243691792	251800271	0.503745	0.093620	0.063555	0.290734
NC_050068.2	248486808	256473142	0.970820	0.095544	0.066886	0.431635
NC_050068.2	253097316	260764101	-0.065268	-0.008252	-0.005458	-0.029484
NC_050068.2	256548778	265183112	-0.040355	-0.009135	-0.005759	-0.017035
NC_050068.2	260764155	272999599	0.117994	0.017634	0.011371	0.087563
NC_050068.2	265183154	281523728	0.250332	0.017803	0.011683	0.097882
NC_050068.2	273193219	287444627	0.286793	0.037039	0.023526	0.190650
NC_050068.2	281523737	294790360	-0.052937	-0.007807	-0.004907	-0.084129
NC_050068.2	287889442	301581431	0.127152	0.016226	0.011688	0.063666
NC_050068.2	294791636	309710097	0.204944	0.027948	0.020495	0.142364
NC_050068.2	301769946	311391330	-0.005811	-0.000859	-0.000601	-0.029123
NC_050068.2	310139162	322918779	0.150198	0.025975	0.017658	0.002455
NC_050068.2	312081705	331303932	0.176446	0.029638	0.019638	-0.021783
NC_050068.2	322918780	338379058	0.386633	0.042056	0.029305	0.055894
NC_050068.2	331498236	342903620	0.935799	0.094677	0.071879	0.321339
NC_050068.2	338457481	345991702	0.968169	0.129897	0.090534	0.537365
NC_050068.2	342903640	351526297	0.096953	0.009975	0.005794	0.058180
NC_050069.1	6435472	21109494	-0.260560	-0.058758	-0.035216	-0.201767
NC_050069.1	13046401	30829720	0.606784	0.064439	0.042471	0.338792
NC_050069.1	21109503	36809866	0.025714	0.003580	0.002237	-0.025350
NC_050069.1	31163094	42971647	-0.225023	-0.046986	-0.026682	-0.214971
NC_050069.1	36911059	48131998	0.174672	0.025209	0.016239	0.098927
NC_050069.1	43035779	50167699	-0.083421	-0.016056	-0.011271	-0.069433
NC_050069.1	48594881	59323527	-0.356687	-0.051298	-0.034715	-0.282664
NC_050069.1	50167705	71331782	0.147648	0.014609	0.009409	0.122470
NC_050069.1	59892526	76328968	0.066142	0.008300	0.004935	0.057890
NC_050069.1	71331786	82809443	-0.336991	-0.042803	-0.028015	-0.279495
NC_050069.1	76578087	86285268	-0.248162	-0.042035	-0.028719	-0.223823
NC_050069.1	83002603	92148854	-0.280033	-0.064255	-0.039489	-0.335855
NC_050069.1	86285275	98023338	-0.223573	-0.040662	-0.026498	-0.354721
NC_050069.1	92148936	106967340	0.010704	0.001616	0.001054	-0.128528
NC_050069.1	98023449	115551541	0.304597	0.029569	0.018749	0.067528
NC_050069.1	107746313	121455150	0.267191	0.013885	0.009704	0.053074
NC_050069.1	116681436	126928412	-0.330288	-0.029336	-0.020691	-0.119150
NC_050069.1	123048805	134094513	-0.073306	-0.008557	-0.005684	-0.044220
NC_050069.1	126928518	146578678	0.574954	0.040442	0.028930	0.366948
NC_050069.1	134319888	159263595	0.669632	0.044755	0.032903	0.421259
NC_050069.1	146886594	167577494	0.374416	0.051206	0.037162	0.231589
NC_050069.1	160163635	176023970	0.252777	0.050200	0.034084	0.178859
NC_050069.1	167577511	181957657	0.229208	0.043434	0.028582	0.080634
NC_050069.1	176212229	186513480	0.105848	0.015325	0.010779	-0.077319
NC_050069.1	181957880	194260486	-0.008266	-0.001002	-0.000640	-0.079920
NC_050069.1	186583282	198236708	-0.432923	-0.098177	-0.054809	-0.334282
NC_050069.1	194260715	206903191	-0.759377	-0.183979	-0.106737	-0.768523
NC_050069.1	198236746	211392373	-0.365066	-0.066702	-0.043664	-0.443089
NC_050069.1	207012190	223480009	-0.149566	-0.020548	-0.014561	-0.117206
NC_050069.1	212306897	231712360	-0.262956	-0.036262	-0.024610	-0.202428
NC_050069.1	223480247	241823133	0.069211	0.009869	0.006809	0.031514
NC_050069.1	231712380	246575553	0.412774	0.050085	0.035305	0.187818
NC_050069.1	241823197	258366225	0.248419	0.026465	0.016938	0.055495
NC_050069.1	246744528	265506142	-0.089364	-0.010277	-0.006472	-0.116687
NC_050069.1	258366226	270680411	0.058069	0.006967	0.004326	0.038918
NC_050070.1	5685279	11093538	0.068224	0.011748	0.006938	0.028511
NC_050070.1	9349657	19631187	-0.109395	-0.014802	-0.010095	-0.112537
NC_050070.1	11123186	27287007	-0.157365	-0.014909	-0.009441	-0.139351
NC_050070.1	20359521	38486435	-0.219718	-0.024029	-0.014553	-0.229129
NC_050070.1	27287050	47777913	-0.260243	-0.025257	-0.017877	-0.214988
NC_050070.1	38486469	57823614	-0.057908	-0.008635	-0.006438	-0.068230
NC_050070.1	47970317	68165736	0.318189	0.043823	0.031468	0.202816
NC_050070.1	58036756	75747178	-0.059824	-0.006918	-0.004454	-0.111349
NC_050070.1	68165752	84702647	-0.097348	-0.016533	-0.009556	-0.178401
NC_050070.1	75754302	93736136	0.284188	0.031213	0.020654	0.140054
NC_050070.1	84702674	102767591	0.150249	0.013817	0.009248	0.093396
NC_050070.1	93812448	104712085	0.061380	0.011168	0.007122	0.034942
NC_050070.1	102767594	112721059	0.151867	0.029710	0.021023	0.008091
NC_050070.1	104962722	123457579	0.240246	0.020380	0.014722	0.008628
NC_050070.1	115409374	133615561	0.036212	0.003389	0.002248	0.027947
NC_050070.1	124153208	140935711	-0.316601	-0.062623	-0.039621	-0.339550
NC_050070.1	133948623	146518457	-0.089586	-0.022786	-0.014854	-0.310608
NC_050070.1	140975463	149603250	0.346017	0.066233	0.044287	0.141778
NC_050070.1	146518458	155122544	0.882373	0.110183	0.076922	0.526835
NC_050070.1	149603261	158725736	0.697907	0.094942	0.065231	0.323125
NC_050070.1	155226446	165227960	0.172699	0.037885	0.024126	0.102655
NC_050070.1	158725738	172133443	0.133797	0.030495	0.018951	0.101207
NC_050070.1	165227965	177878110	0.405889	0.064343	0.038206	0.132316
NC_050070.1	172133446	184173312	0.471892	0.071622	0.045635	0.191971
NC_050070.1	177878302	194196165	0.399260	0.060981	0.040403	0.262132
NC_050070.1	184173317	200813675	0.251176	0.027930	0.017704	0.126661
NC_050070.1	194196181	204248362	-0.655245	-0.105222	-0.059806	-0.506795
NC_050070.1	201048112	209492388	-0.395530	-0.086019	-0.049227	-0.346225
NC_050071.1	915546	7995693	0.036173	0.007353	0.004580	0.002514
NC_050071.1	5294682	12869800	0.257138	0.038007	0.024856	0.178356
NC_050071.1	7995694	19074613	0.380066	0.045119	0.030169	0.219811
NC_050071.1	13632782	25125768	-0.369522	-0.053536	-0.035189	-0.251107
NC_050071.1	19074614	37465513	-0.089237	-0.009739	-0.006704	-0.095089
NC_050071.1	25529177	45449457	0.284068	0.031629	0.021306	0.215031
NC_050071.1	37465605	48214301	0.437401	0.069980	0.048805	0.233742
NC_050071.1	45449649	57218950	0.450704	0.050670	0.036556	0.161786
NC_050071.1	48214333	60670176	0.040785	0.002672	0.001890	-0.047756
NC_050071.1	57218959	65182280	-0.020857	-0.001898	-0.001278	-0.007049
NC_050071.1	60670179	70291599	0.199248	0.029509	0.020680	0.130538
NC_050071.1	66186124	82831426	0.370510	0.046733	0.032377	0.242831
NC_050071.1	70901487	90279319	0.352813	0.038034	0.025559	0.234666
NC_050071.1	82831678	93482392	-0.100962	-0.014158	-0.009289	-0.110518
NC_050071.1	90279520	98701413	-0.084691	-0.015395	-0.009390	-0.076357
NC_050071.1	93482475	108896657	0.351562	0.051130	0.030129	0.251192
NC_050071.1	98848472	114941109	0.059391	0.008175	0.005297	0.012900
NC_050071.1	109413960	118026754	-0.469509	-0.098648	-0.065591	-0.452930
NC_050071.1	114941112	121539044	-0.378531	-0.061847	-0.041280	-0.316403
NC_050071.1	118050545	131082548	-0.067221	-0.009071	-0.006431	-0.042517
NC_050071.1	123035552	134970959	-0.214327	-0.046490	-0.025560	-0.146205
NC_050071.1	132544423	138422335	0.059505	0.007937	0.004838	0.038962
NC_050071.1	134971212	142977494	-0.152841	-0.024683	-0.015336	-0.224070
NC_050072.1	7962773	22210387	0.182929	0.016495	0.011425	0.118722
NC_050072.1	14106527	27739088	0.130694	0.012237	0.008289	0.011648
NC_050072.1	22210449	36714197	0.318741	0.045309	0.030428	0.125270
NC_050072.1	28011124	44349568	0.357397	0.049663	0.034815	0.201196
NC_050072.1	37302747	53932014	0.326145	0.038469	0.027683	0.268546
NC_050072.1	45124196	63501715	0.087721	0.010502	0.007264	-0.016384
NC_050072.1	53968015	73233535	-0.246278	-0.027064	-0.017167	-0.232374
NC_050072.1	63501728	85401637	-0.111097	-0.011180	-0.006978	-0.085087
NC_050072.1	73233574	97497944	-0.148961	-0.017771	-0.011254	-0.089162
NC_050072.1	85401892	104591344	-0.207535	-0.025031	-0.017059	-0.147638
NC_050072.1	98472104	109200594	0.300398	0.052878	0.037090	0.118539
NC_050072.1	104591582	116330489	0.426497	0.063589	0.041610	0.313171
NC_050072.1	109200606	121092267	-0.460398	-0.048673	-0.031619	-0.274626
NC_050072.1	116330572	126386393	-0.513677	-0.080341	-0.047875	-0.357862
NC_050072.1	121092459	131684529	0.131099	0.020607	0.012727	0.105482
NC_050073.1	2301929	2754380	0.476515	0.162631	0.119040	0.293463
NC_050073.1	2754023	2891382	0.236884	0.145948	0.110426	0.124702
NC_050073.1	2754454	4749237	0.294207	0.112964	0.091934	0.152386
NC_050073.1	3133206	11020820	0.763633	0.122348	0.084310	0.411526
NC_050073.1	4749497	17293319	0.341062	0.047475	0.030422	0.233580
NC_050073.1	11021012	18504250	-0.305887	-0.047210	-0.029323	-0.256757
NC_050073.1	17293324	23075825	-0.141555	-0.028494	-0.018628	-0.125322
NC_050073.1	18554138	32166014	0.184307	0.031114	0.019837	0.218599
NC_050073.1	24031827	41519752	0.291126	0.043468	0.026542	0.273553
NC_050073.1	32166031	44971348	0.388510	0.073707	0.046359	0.262515
NC_050073.1	41519754	52904186	0.402815	0.073967	0.043588	0.214014
NC_050073.1	45345972	55274116	-0.396213	-0.052931	-0.028995	-0.284904
NC_050073.1	52904191	63227849	-0.135160	-0.021615	-0.013150	-0.118397
NC_050073.1	55286053	68657027	0.247211	0.031685	0.020324	0.048754
NC_050073.1	63227853	76542515	0.209847	0.027955	0.018104	0.027389
NC_050073.1	68991127	85828258	-0.080686	-0.010886	-0.006958	-0.145043
NC_050073.1	76750711	88449963	-0.061676	-0.009666	-0.005979	-0.111283
NC_050073.1	85828512	97656786	-0.263698	-0.035227	-0.022136	-0.157281
NC_050073.1	88517788	108898029	-0.493050	-0.059350	-0.036792	-0.348908
NC_050073.1	97769399	112454603	-0.359962	-0.083317	-0.050470	-0.258884
NC_050073.1	108898063	118844844	-0.113034	-0.027344	-0.016936	-0.067997
NC_050073.1	112454792	125844164	0.247930	0.033321	0.020650	0.172371
NC_050074.1	1322833	15316986	-0.284390	-0.039517	-0.025119	-0.178673
NC_050074.1	9600086	21170324	-0.049041	-0.003868	-0.002305	-0.015073
NC_050074.1	15316989	24581698	0.412802	0.026836	0.017582	0.135750
NC_050074.1	21239276	31732349	0.041830	0.003898	0.002597	0.020726
NC_050074.1	24581703	37836459	-0.087498	-0.014087	-0.009576	-0.084156
NC_050074.1	31732370	42789344	-0.037637	-0.005016	-0.003690	-0.048651
NC_050074.1	38803259	48442459	-0.109777	-0.014052	-0.009626	-0.165725
NC_050074.1	43696812	56383822	-0.238949	-0.032256	-0.020333	-0.225918
NC_050074.1	48772904	62402549	-0.771462	-0.081887	-0.050357	-0.410493
NC_050074.1	56642575	72221493	-0.443970	-0.060385	-0.038017	-0.340791
NC_050074.1	62402579	83863996	0.422440	0.037521	0.023766	0.154966
NC_050074.1	72747525	89889369	0.099144	0.007941	0.005252	0.075114
NC_050074.1	84188865	98698263	-0.168701	-0.019402	-0.013566	-0.065212
NC_050074.1	90418448	103075334	-0.056249	-0.006031	-0.004048	-0.022523
NC_050074.1	99108058	110097279	-0.221281	-0.023042	-0.015375	-0.234919
NC_050074.1	103119622	115936152	-0.098574	-0.016118	-0.010782	-0.142111
NC_050074.1	110097285	121360347	-0.230878	-0.039290	-0.022902	-0.253227
NC_050075.1	1923354	7202191	-0.070735	-0.007677	-0.004962	-0.036881
NC_050075.1	4015730	10587721	0.357408	0.055343	0.040045	0.280955
NC_050075.1	7202200	11915476	0.616842	0.114544	0.095411	0.491439
NC_050075.1	10587729	18609636	0.537602	0.071035	0.051988	0.278013
NC_050075.1	12132979	25188181	0.570746	0.042819	0.028539	0.219273
NC_050075.1	19168046	35263797	0.443088	0.034810	0.022376	0.105001
NC_050075.1	25479612	41578023	0.382828	0.033848	0.021797	0.075475
NC_050075.1	35418966	48923274	0.538917	0.063900	0.042801	0.275870
NC_050075.1	41578239	54502225	0.308731	0.034529	0.023069	0.162431
NC_050075.1	49122506	60025541	-0.052033	-0.005101	-0.003130	-0.028221
NC_050075.1	54813560	68795642	-0.001433	-0.000161	-0.000099	-0.083566
NC_050075.1	60135786	78212220	0.070561	0.007872	0.005299	-0.086510
NC_050075.1	68795963	88211383	-0.113958	-0.013169	-0.008644	-0.152698
NC_050075.1	78212374	91621708	-0.429331	-0.053944	-0.033071	-0.349120
NC_050075.1	90346197	92389949	-0.272582	-0.031618	-0.022741	-0.212725
NC_050075.1	92389905	101018986	0.216484	0.020647	0.014283	0.071164
NC_050075.1	92389950	105872448	-0.247790	-0.028691	-0.018702	-0.150596
NC_050076.1	2038348	7945490	-0.255525	-0.053948	-0.030594	-0.275436
NC_050076.1	5264903	17938616	-0.185452	-0.028603	-0.018697	-0.371927
NC_050076.1	7950248	25783792	-0.256286	-0.035099	-0.021834	-0.470626
NC_050076.1	18066028	32568519	-0.458072	-0.068276	-0.040145	-0.420561
NC_050076.1	25783984	40069674	0.032399	0.003258	0.002171	0.023373
NC_050076.1	32839643	46919553	0.450163	0.045803	0.032753	0.289250
NC_050076.1	40069782	52643603	0.359170	0.054265	0.033871	0.190372
NC_050076.1	46919640	56687740	0.742921	0.116019	0.070992	0.445789
NC_050076.1	52643921	62379574	0.293500	0.032194	0.022275	0.175027
NC_050076.1	56687748	72822604	-0.211518	-0.013243	-0.008541	-0.209501
NC_050076.1	62510000	80093827	0.518680	0.043436	0.027736	0.168352
NC_050076.1	72822605	86989963	0.432612	0.038806	0.027456	0.278834
NC_050076.1	80264492	94536516	0.132975	0.013158	0.009482	0.058091
NC_050076.1	87257460	102756813	-0.104986	-0.020219	-0.013565	-0.178955
NC_050076.1	94536542	104147638	-0.085047	-0.015902	-0.010532	-0.170849
NC_050077.1	1417190	10365728	0.189443	0.029499	0.018037	0.133693
NC_050077.1	4935043	14127351	0.395930	0.056943	0.037216	0.283164
NC_050077.1	11453777	22681222	0.019479	0.001812	0.001151	-0.058132
NC_050077.1	14127381	28974670	-0.382410	-0.031437	-0.019522	-0.320270
NC_050077.1	24868581	35905415	0.076172	0.006009	0.004086	-0.042969
NC_050077.1	30044261	41479760	0.364155	0.042846	0.031654	0.213333
NC_050077.1	35905464	43921562	0.165805	0.032930	0.022676	0.052223
NC_050077.1	41550912	50810231	0.045660	0.003585	0.002513	-0.020452
NC_050077.1	43921566	58832829	-0.156452	-0.013140	-0.008702	-0.074263
NC_050077.1	50810239	69573663	-0.072230	-0.007541	-0.004928	-0.052339
NC_050077.1	59042689	73041797	0.312886	0.021725	0.014512	0.168590
NC_050077.1	69573665	75902831	0.088315	0.006580	0.004317	0.026344
NC_050077.1	73041804	79249254	-0.234672	-0.033856	-0.021571	-0.224736
NC_050077.1	75902847	84794108	0.139057	0.027876	0.018861	-0.025720
NC_050078.2	4153110	14155641	-0.344135	-0.023278	-0.014118	-0.240723
NC_050078.2	9367648	24454048	-0.364335	-0.057677	-0.034317	-0.361002
NC_050078.2	14155661	32871624	-0.119440	-0.023084	-0.012823	-0.158020
NC_050078.2	24454053	41364108	0.396912	0.059192	0.034678	0.062497
NC_050078.2	33136097	49758708	0.144207	0.019017	0.012218	-0.071672
NC_050078.2	43681196	54429763	0.286980	0.046291	0.032422	0.128573
NC_050078.2	49758735	60420327	0.442109	0.088096	0.065640	0.224519
NC_050078.2	55560269	66621116	0.493476	0.066942	0.046939	0.319610
NC_050078.2	60420373	70398396	0.333180	0.028416	0.019137	0.284469
NC_050078.2	66621137	77269148	0.629624	0.106570	0.074450	0.495435
NC_050079.1	942317	9497489	-0.227731	-0.052626	-0.029758	-0.128297
NC_050079.1	2580280	16196042	-0.314703	-0.054560	-0.032395	-0.171301
NC_050079.1	9748288	25995696	-0.191253	-0.027942	-0.016843	-0.152857
NC_050079.1	16196066	28358056	-0.204907	-0.028892	-0.016856	-0.193703
NC_050079.1	25995762	36852118	-0.234741	-0.037639	-0.023215	-0.249897
NC_050079.1	28897206	39765428	0.185628	0.024789	0.016276	0.079954
NC_050080.1	4408284	13463554	0.376643	0.031841	0.023887	0.201567
NC_050080.1	7647506	19689695	0.247272	0.019097	0.013703	0.160919
NC_050080.1	13675910	26557032	0.020599	0.002559	0.001499	-0.026020
NC_050080.1	20167312	31539934	0.015343	0.002332	0.001342	-0.010986
NC_050080.1	26816940	40039892	0.086084	0.012517	0.008312	0.062670
NC_050081.1	4215159	16389406	-0.453308	-0.078952	-0.049106	-0.487297
NC_050081.1	11561994	22039879	-0.327592	-0.067318	-0.038016	-0.301834
NC_050081.1	17412424	24914090	0.097160	0.022437	0.011972	0.016442
NC_050081.1	22039883	28337979	-0.078383	-0.016761	-0.009956	-0.055735
NC_050081.1	24914091	32245630	0.030436	0.005850	0.003834	0.041361
NC_050081.1	29377949	33490295	-0.112673	-0.043763	-0.028311	-0.059338
NC_050081.1	32245631	34363300	-0.032655	-0.023709	-0.013789	-0.018335
NC_050081.1	33490299	36005629	0.226001	0.101188	0.061852	0.102655
NC_050081.1	34363308	36958227	0.017406	0.005275	0.003170	-0.078212
NC_050081.1	36005632	36958524	-0.060574	-0.019194	-0.011068	-0.094983
NC_050081.1	36958233	37898050	-0.289764	-0.237893	-0.116355	-0.221277
NC_050082.1	6981702	15604428	0.094034	0.018595	0.011231	0.048828
NC_050082.1	11724114	20334656	-0.374442	-0.081555	-0.048599	-0.335807
NC_050082.1	15604511	24904006	-0.215011	-0.039081	-0.025355	-0.180922
NC_050082.1	20837378	28441230	-0.140290	-0.022054	-0.013772	-0.111283
NC_050082.1	25288932	31288377	-0.250556	-0.045422	-0.027014	-0.253900
NC_050083.1	2075142	8054397	-0.179485	-0.047327	-0.030515	-0.199281
NC_050083.1	5114932	12222206	0.202481	0.029834	0.020776	0.114451
NC_050083.1	8247777	14079734	0.219312	0.035523	0.023478	0.177270
NC_050083.1	12344156	18009956	-0.257795	-0.064986	-0.039662	-0.330413
NC_050083.1	14079752	19814272	-0.440743	-0.092657	-0.055183	-0.400063
NC_050083.1	18010143	25538396	-0.118382	-0.018020	-0.010316	-0.068838
NC_050084.1	1844602	10668282	-0.308990	-0.046182	-0.028352	-0.328617
NC_050084.1	4669082	16219280	-0.502685	-0.075440	-0.046066	-0.558238
NC_050084.1	10760100	20068774	-0.174630	-0.025221	-0.015937	-0.248235
NC_050085.1	380666	8920560	-0.399190	-0.054463	-0.038709	-0.402245
NC_050085.1	5091611	12420709	-0.507370	-0.071609	-0.048537	-0.524866
NC_050085.1	8920605	15817659	-0.179520	-0.025059	-0.017064	-0.084928
NC_050085.1	13239915	20346530	0.185031	0.023607	0.015259	0.062493
NC_050086.2	608899	6484874	0.062973	0.009807	0.006274	0.027442
NC_050086.2	4287999	8502002	-0.334574	-0.077793	-0.047413	-0.283042
NC_050086.2	6484935	11218979	-0.324412	-0.048203	-0.029745	-0.155546
NC_050086.2	8502094	13157870	0.145935	0.024699	0.016010	0.076638
NC_050086.2	11218989	14054487	0.234350	0.048653	0.034370	0.119287
NC_050087.2	2275372	8343820	0.580221	0.073115	0.042423	0.401915
NC_050087.2	6980007	9908775	0.381730	0.069983	0.044258	0.179213
NC_050087.2	8623367	15213578	0.405426	0.086807	0.060112	0.263209
NC_050087.2	10122081	18708490	0.400399	0.083193	0.056384	0.115218
NC_050087.2	16068708	18708529	0.192038	0.042348	0.029876	0.013622
NC_050088.1	6250987	12276786	0.164568	0.025793	0.015830	0.127412
NC_050088.1	9557139	15803286	0.405412	0.059581	0.041945	0.330509
NC_050089.1	3841546	10498951	0.678747	0.073861	0.053091	0.425429
NC_050089.1	8583248	13944051	0.209670	0.026301	0.017619	0.012740
NC_050089.1	10499218	17534135	-0.277874	-0.038091	-0.024917	-0.318934
NC_050090.1	3422561	7080790	0.123576	0.023942	0.016688	0.033788
NC_050091.1	1257457	7256655	0.498243	0.096798	0.064923	0.422651
NC_050091.1	3971099	13961471	-0.050345	-0.012891	-0.007835	-0.103907
NC_050092.1	5064845	12864516	-0.169130	-0.025952	-0.015796	-0.097974
NC_050093.1	1458162	11396576	0.094667	0.013664	0.009077	0.067136
NC_050093.1	4926765	14703425	0.281520	0.045116	0.031033	0.198911
NC_050094.1	5389168	12366867	0.276365	0.028050	0.018588	0.209350
NC_050094.1	9518969	16017381	-0.019198	-0.003993	-0.002656	-0.013807
