chr	windowStart	windowEnd	D	f_d	f_dM	d_f
NC_050068.2	3279970	5148851	0.268758	0.120962	0.074691	0.144043
NC_050068.2	4552013	5191763	0.151256	0.106530	0.056854	0.087280
NC_050068.2	5148772	5294320	-0.008821	-0.008455	-0.004369	-0.004964
NC_050068.2	5191682	5294509	0.177530	0.255746	0.153595	0.094944
NC_050068.2	5294283	6825531	0.042528	0.020781	0.011165	0.022431
NC_050068.2	5294352	7888765	-0.076888	-0.017447	-0.008911	-0.130260
NC_050068.2	5986674	9771017	-0.444095	-0.065847	-0.035256	-0.395723
NC_050068.2	7380170	10293241	0.069955	0.012433	0.007767	-0.066210
NC_050068.2	9269515	14071794	0.264524	0.037779	0.022929	0.220597
NC_050068.2	9945964	15600421	0.098244	0.012551	0.007491	0.082536
NC_050068.2	11935009	17022347	0.233211	0.027593	0.017482	0.195897
NC_050068.2	15126708	21853381	0.326285	0.046231	0.028381	0.291100
NC_050068.2	16544991	22891363	0.298440	0.054464	0.031736	0.266127
NC_050068.2	21201994	24197572	0.443033	0.059049	0.045251	0.409396
NC_050068.2	22173742	27857710	0.417765	0.041718	0.030935	0.275730
NC_050068.2	23002410	28299099	0.458560	0.045965	0.034381	0.189207
NC_050068.2	27857550	29745907	-0.092793	-0.014521	-0.010411	-0.109346
NC_050068.2	27857749	33249602	0.464833	0.056736	0.045145	0.241483
NC_050068.2	29319042	38641924	0.071609	0.009531	0.007360	-0.012209
NC_050068.2	32715375	40984965	0.520772	0.107529	0.080691	0.398922
NC_050068.2	38233434	42127835	0.739272	0.136783	0.100659	0.464957
NC_050068.2	39221703	44250160	0.675667	0.148756	0.105562	0.396167
NC_050068.2	41846777	46626892	0.697227	0.178018	0.130929	0.500186
NC_050068.2	44250138	48697898	0.819870	0.311819	0.218408	0.819870
NC_050068.2	45981721	52166430	0.761480	0.139631	0.107617	0.731010
NC_050068.2	48536850	53611876	0.217303	0.048109	0.034898	0.171259
NC_050068.2	52166287	55897074	-0.412707	-0.068527	-0.050082	-0.247166
NC_050068.2	52611872	59363462	-0.101465	-0.012300	-0.008644	-0.122244
NC_050068.2	55485420	60349186	0.163028	0.015248	0.010385	0.006813
NC_050068.2	57490840	63347752	0.577317	0.047512	0.033485	0.192855
NC_050068.2	60261922	66572921	0.444448	0.039716	0.028497	0.160543
NC_050068.2	61697208	71819261	0.777480	0.053489	0.036836	0.384206
NC_050068.2	64673223	75007678	0.126598	0.011436	0.006606	-0.094174
NC_050068.2	70953210	79242586	-0.514061	-0.066419	-0.034724	-0.557603
NC_050068.2	73230242	83137341	-0.152329	-0.027332	-0.014501	-0.276983
NC_050068.2	76326187	88231894	0.039912	0.008742	0.004919	-0.009591
NC_050068.2	81896081	91719996	0.138685	0.025714	0.016839	0.045686
NC_050068.2	83489587	93869492	-0.076953	-0.016066	-0.010581	-0.094673
NC_050068.2	89063525	97586289	0.319720	0.060129	0.040495	0.239317
NC_050068.2	92274421	100114691	0.985073	0.097364	0.061931	0.887896
NC_050068.2	96470341	102403082	0.984980	0.095582	0.066244	0.893058
NC_050068.2	98420897	103267946	0.990521	0.135770	0.093501	0.933081
NC_050068.2	102048688	105312064	0.337775	0.044462	0.035129	0.375679
NC_050068.2	103267941	106191415	0.201238	0.020823	0.013902	0.166642
NC_050068.2	103874124	109898285	0.538982	0.081115	0.049907	0.479114
NC_050068.2	105995309	111369047	0.636764	0.082691	0.051462	0.411275
NC_050068.2	108066416	114020566	-0.290006	-0.030163	-0.020013	-0.326814
NC_050068.2	111262022	118787996	-0.142594	-0.014040	-0.009430	-0.118874
NC_050068.2	112515802	120747231	-0.183059	-0.020759	-0.012970	-0.171533
NC_050068.2	116335976	125761253	-0.103536	-0.011953	-0.008006	-0.252231
NC_050068.2	119460021	130979227	-0.405039	-0.049082	-0.031063	-0.422180
NC_050068.2	122282038	133878321	-0.230905	-0.029072	-0.019499	-0.177139
NC_050068.2	129552079	136543193	0.218884	0.033876	0.022017	0.148479
NC_050068.2	132541814	138067883	0.354490	0.056231	0.035899	0.190211
NC_050068.2	136305267	139750456	-0.135794	-0.020199	-0.011234	-0.314870
NC_050068.2	137771868	145555819	-0.152417	-0.014533	-0.009622	-0.333542
NC_050068.2	139424592	147386280	-0.473429	-0.067794	-0.043255	-0.413205
NC_050068.2	141313063	148877278	-0.220742	-0.041610	-0.027700	-0.238930
NC_050068.2	146199706	150533908	-0.320084	-0.062367	-0.037460	-0.312547
NC_050068.2	148570425	154546110	-0.015180	-0.001594	-0.001024	-0.011044
NC_050068.2	148914143	157455309	0.144351	0.015456	0.010750	0.101506
NC_050068.2	151521737	162882676	0.426598	0.056980	0.039593	0.338243
NC_050068.2	157375147	165869593	0.180965	0.052152	0.032798	0.152706
NC_050068.2	160059936	166991774	-0.105034	-0.025848	-0.017952	-0.124497
NC_050068.2	164852394	169183186	0.139458	0.041587	0.027794	0.008009
NC_050068.2	165989323	172896715	0.175453	0.029616	0.019397	-0.033590
NC_050068.2	168055785	174889404	-0.299523	-0.023769	-0.015412	-0.384128
NC_050068.2	172413428	177267045	-0.138335	-0.011815	-0.009047	-0.202270
NC_050068.2	173521982	182183961	-0.397272	-0.034320	-0.024007	-0.339710
NC_050068.2	175854165	183930141	-0.142722	-0.012429	-0.007456	-0.125728
NC_050068.2	179276718	184907478	0.397077	0.033046	0.019794	0.221111
NC_050068.2	183730164	187039643	-0.119322	-0.024701	-0.014123	-0.082197
NC_050068.2	184310553	190572675	-0.100327	-0.018711	-0.011806	-0.077301
NC_050068.2	186698663	192165808	-0.181116	-0.018605	-0.012545	-0.243538
NC_050068.2	190403967	195323629	-0.585342	-0.054444	-0.039761	-0.503630
NC_050068.2	191728892	197124095	-0.231548	-0.013981	-0.010670	-0.154301
NC_050068.2	194445510	197226085	0.313795	0.041764	0.031814	0.272888
NC_050068.2	196286739	198794851	0.628606	0.158426	0.125047	0.628606
NC_050068.2	197124407	199282909	0.655607	0.221132	0.190716	0.511776
NC_050068.2	197226347	203083519	0.377345	0.055481	0.042591	0.275945
NC_050068.2	199003896	204629181	0.592213	0.063003	0.047860	0.365245
NC_050068.2	200900329	207270361	0.332903	0.034894	0.024139	0.091221
NC_050068.2	203165458	209141377	-0.017833	-0.003240	-0.002107	-0.076851
NC_050068.2	206094611	211415462	-0.453369	-0.065618	-0.039450	-0.275133
NC_050068.2	207509882	212771879	-0.038906	-0.004155	-0.002792	-0.023132
NC_050068.2	210403121	213703281	-0.043889	-0.006006	-0.004068	-0.040703
NC_050068.2	212028550	216029358	0.507597	0.073283	0.054507	0.441397
NC_050068.2	213155511	216067725	0.673784	0.146288	0.104360	0.455658
NC_050068.2	215131033	216067940	0.697162	0.186280	0.115853	0.408755
NC_050068.2	216029586	218238231	0.154857	0.072718	0.037620	0.124277
NC_050068.2	216067925	220964140	-0.065334	-0.015687	-0.009659	-0.132358
NC_050068.2	217352121	223105931	0.005741	0.000885	0.000553	-0.060647
NC_050068.2	219827965	224649371	-0.020263	-0.001930	-0.001294	-0.016289
NC_050068.2	221285974	227505632	0.887419	0.082837	0.055461	0.536756
NC_050068.2	223465379	229032979	0.838017	0.065005	0.046194	0.571031
NC_050068.2	226501112	233159111	0.613219	0.051189	0.036553	0.388435
NC_050068.2	228172303	234002907	0.721794	0.096202	0.065167	0.573832
NC_050068.2	231517331	237096857	0.054547	0.011862	0.007080	-0.258288
NC_050068.2	233159378	241392081	-0.170026	-0.020988	-0.013834	-0.341679
NC_050068.2	236322833	242472863	-0.289741	-0.013856	-0.010386	-0.304823
NC_050068.2	238247928	244273480	0.741389	0.041834	0.033005	0.358955
NC_050068.2	242193955	247788413	0.397691	0.055590	0.039676	0.399554
NC_050068.2	243691792	248402094	0.295128	0.065099	0.043975	0.221474
NC_050068.2	247167094	248698445	0.439417	0.103051	0.085330	0.225514
NC_050068.2	247998443	251631507	0.530803	0.086514	0.063848	0.298941
NC_050068.2	248600383	253847136	0.991915	0.101182	0.071431	0.456985
NC_050068.2	251207785	255460298	0.992312	0.094672	0.065706	0.523513
NC_050068.2	253097316	256473142	0.911232	0.057128	0.040937	0.641505
NC_050068.2	255459967	257625675	0.921382	0.074238	0.051771	0.407573
NC_050068.2	256106296	259547476	-0.306631	-0.060685	-0.039001	-0.200963
NC_050068.2	257049643	262222484	-0.408016	-0.067962	-0.041853	-0.283726
NC_050068.2	258500782	262500347	-0.402994	-0.107645	-0.057834	-0.386426
NC_050068.2	260764155	265183112	0.139886	0.039344	0.024976	0.159706
NC_050068.2	262500075	266346118	0.569765	0.128060	0.092283	0.531732
NC_050068.2	264792675	270186331	0.338113	0.044798	0.030298	0.208132
NC_050068.2	266345865	273707941	-0.525351	-0.024401	-0.016018	-0.525446
NC_050068.2	268834265	276612112	-0.466287	-0.036638	-0.024204	-0.238819
NC_050068.2	273193219	281523728	0.418315	0.030628	0.020255	0.175687
NC_050068.2	275576221	282925643	0.631560	0.079597	0.050582	0.410482
NC_050068.2	281241373	286019339	0.113026	0.021455	0.013464	0.105804
NC_050068.2	282600299	288485495	-0.338570	-0.083212	-0.049478	-0.306006
NC_050068.2	285782307	290444943	-0.318850	-0.063233	-0.039743	-0.365545
NC_050068.2	287889442	294790360	-0.612391	-0.057368	-0.037552	-0.609730
NC_050068.2	289250983	298752230	0.132441	0.012783	0.009081	0.020780
NC_050068.2	294457489	299581304	0.483143	0.092587	0.071286	0.360975
NC_050068.2	295201452	302775125	0.636931	0.080760	0.062971	0.515633
NC_050068.2	298752455	306087293	0.432733	0.033970	0.024524	0.387983
NC_050068.2	301769946	309710097	-0.210729	-0.024405	-0.016713	-0.127227
NC_050068.2	304754094	310336470	0.118381	0.030149	0.020613	0.067152
NC_050068.2	308675295	310424225	0.118544	0.034969	0.024643	0.054229
NC_050068.2	310336261	314033431	0.045497	0.007895	0.005592	-0.084514
NC_050068.2	310424145	316773987	0.381597	0.055853	0.038530	0.063681
NC_050068.2	312081705	322918779	0.088204	0.013383	0.008818	-0.051060
NC_050068.2	316320950	327675269	0.047005	0.008128	0.005049	-0.072834
NC_050068.2	321141082	328872776	0.233571	0.050079	0.033474	-0.054657
NC_050068.2	324422139	331624583	0.190127	0.036994	0.023406	-0.073412
NC_050068.2	328161897	332884184	0.934799	0.062060	0.045507	0.215273
NC_050068.2	331498236	338379058	0.826397	0.032097	0.023201	0.088080
NC_050068.2	332294767	339894574	0.930697	0.066142	0.052087	0.253893
NC_050068.2	336307001	342347537	0.891346	0.090817	0.070325	0.387508
NC_050068.2	338500745	343302221	0.951563	0.124659	0.091126	0.655539
NC_050068.2	340483723	345899891	0.945103	0.118429	0.077295	0.821838
NC_050068.2	342903640	345991702	0.982706	0.090054	0.053343	0.337599
NC_050068.2	344965665	347040977	0.497040	0.101248	0.066584	0.246170
NC_050068.2	345970955	349569886	-0.074293	-0.010583	-0.005914	-0.048332
NC_050069.1	3425404	8996526	-0.063264	-0.013637	-0.008857	-0.062034
NC_050069.1	5305142	12152153	-0.618866	-0.195674	-0.110888	-0.617633
NC_050069.1	8180380	15403016	-0.418883	-0.116059	-0.070211	-0.308791
NC_050069.1	10890694	17998945	0.252165	0.041999	0.026741	0.145187
NC_050069.1	13046401	21109494	0.484158	0.072482	0.046617	0.271715
NC_050069.1	17837798	25773026	0.613509	0.059982	0.039748	0.352762
NC_050069.1	20434765	28834765	0.508851	0.048638	0.031366	0.347992
NC_050069.1	23598462	32954143	0.856599	0.069315	0.047639	0.768760
NC_050069.1	26758581	35324482	0.043837	0.003066	0.002289	0.050804
NC_050069.1	31163094	36809866	-0.292679	-0.072964	-0.041136	-0.233185
NC_050069.1	33758192	39522051	-0.405843	-0.163297	-0.078018	-0.361102
NC_050069.1	36390811	41291762	-0.144112	-0.039061	-0.019830	-0.283441
NC_050069.1	38869313	43420064	0.234444	0.044949	0.027130	0.185259
NC_050069.1	40995362	44812199	0.393594	0.045157	0.031783	0.269103
NC_050069.1	43035779	48131998	0.518139	0.065006	0.047202	0.412268
NC_050069.1	44812157	49137879	0.476885	0.050703	0.036265	0.440740
NC_050069.1	47290392	50167423	-0.277270	-0.055369	-0.037774	-0.250884
NC_050069.1	48928506	50841140	-0.826467	-0.225072	-0.148322	-0.571587
NC_050069.1	49573712	57049157	-0.336363	-0.046992	-0.030143	-0.225160
NC_050069.1	50167705	59323527	-0.102617	-0.007287	-0.004966	-0.064486
NC_050069.1	54016580	65420552	0.137550	0.019098	0.012606	0.137824
NC_050069.1	58488681	68758536	0.145835	0.018112	0.013167	0.142390
NC_050069.1	61658319	72490949	0.153343	0.017597	0.009876	0.140855
NC_050069.1	67897425	74493215	-0.177785	-0.009368	-0.005099	-0.108192
NC_050069.1	71331786	76328968	-0.367534	-0.045630	-0.025754	-0.267419
NC_050069.1	74188992	79935987	-0.356019	-0.034186	-0.024905	-0.292457
NC_050069.1	74688403	82269012	-0.242393	-0.034265	-0.023239	-0.220942
NC_050069.1	78403058	83909369	-0.462673	-0.074945	-0.052788	-0.511451
NC_050069.1	81669315	86285025	-0.262448	-0.038421	-0.025626	-0.266102
NC_050069.1	83002603	86285268	-0.180283	-0.043956	-0.026915	-0.188570
NC_050069.1	85210908	87340121	0.066979	0.020547	0.013087	-0.004706
NC_050069.1	86285090	89918056	0.007114	0.001432	0.000936	-0.127671
NC_050069.1	86285304	92474191	-0.798553	-0.189676	-0.108531	-0.870953
NC_050069.1	88189229	96488671	-0.352609	-0.052785	-0.033893	-0.505129
NC_050069.1	92148936	98023338	-0.112290	-0.017902	-0.012084	-0.237201
NC_050069.1	94704498	103773027	0.361690	0.062282	0.040561	0.336784
NC_050069.1	97923761	104726779	0.147299	0.027469	0.017745	0.000115
NC_050069.1	100607427	107845091	-0.332685	-0.032712	-0.020872	-0.176974
NC_050069.1	104565464	108977485	-0.526507	-0.061632	-0.036419	-0.243374
NC_050069.1	107746313	115551541	0.564027	0.031112	0.020056	0.137357
NC_050069.1	108838911	117504416	0.097529	0.006450	0.004449	0.033102
NC_050069.1	113798275	120517514	-0.055037	-0.002490	-0.001747	-0.011959
NC_050069.1	117157650	123361657	-0.375952	-0.030076	-0.020803	-0.081751
NC_050069.1	119075660	124217025	-0.021490	-0.001205	-0.000874	-0.006315
NC_050069.1	123048805	126928412	-0.481031	-0.072265	-0.046191	-0.437459
NC_050069.1	124216778	128537518	-0.439373	-0.074999	-0.043463	-0.399685
NC_050069.1	126397162	132744802	-0.535952	-0.041373	-0.025212	-0.207018
NC_050069.1	128387704	134917162	0.958859	0.079087	0.058220	0.437664
NC_050069.1	130215172	141103957	0.814260	0.073946	0.056322	0.753761
NC_050069.1	134319888	146578678	0.730971	0.042618	0.031265	0.702812
NC_050069.1	138328378	151985005	0.605037	0.028413	0.021449	0.479281
NC_050069.1	145899920	157292024	0.368743	0.018639	0.014461	0.063611
NC_050069.1	149948679	160803168	0.379171	0.053292	0.038572	0.194066
NC_050069.1	157229810	161588559	0.526004	0.126009	0.094206	0.409771
NC_050069.1	160163635	167577494	0.284379	0.053716	0.038374	0.231783
NC_050069.1	161583982	168983701	0.188292	0.032117	0.021886	0.133406
NC_050069.1	162807222	173491045	0.348494	0.063081	0.039205	0.265059
NC_050069.1	168657612	176718454	0.081008	0.017022	0.010972	-0.077932
NC_050069.1	173457149	180214704	0.029812	0.007058	0.005050	-0.123682
NC_050069.1	176212229	181957657	0.245380	0.041199	0.027982	0.045108
NC_050069.1	178262442	183352053	-0.234788	-0.013773	-0.010738	-0.323590
NC_050069.1	181397874	186177682	-0.083130	-0.010009	-0.007878	-0.242592
NC_050069.1	183278994	187805322	-0.296193	-0.040806	-0.027416	-0.381766
NC_050069.1	184855164	192015756	-0.053665	-0.007859	-0.004831	-0.048668
NC_050069.1	186583282	194260486	0.066298	0.008057	0.004655	0.033382
NC_050069.1	190823882	195348803	-0.572976	-0.214203	-0.108087	-0.412611
NC_050069.1	193780163	196701586	-0.703244	-0.267898	-0.129933	-0.584670
NC_050069.1	194753604	199159708	-0.629216	-0.218069	-0.136368	-0.679690
NC_050069.1	196440734	203735232	-0.428419	-0.048569	-0.032759	-0.552205
NC_050069.1	198236746	206903191	-0.848595	-0.141274	-0.085969	-0.829026
NC_050069.1	201877757	208611508	-0.178021	-0.028743	-0.019160	-0.298346
NC_050069.1	206050231	209204758	0.137648	0.026454	0.021373	-0.078173
NC_050069.1	208444494	214084312	-0.146329	-0.033476	-0.023773	-0.141406
NC_050069.1	209044369	221849216	-0.519999	-0.073324	-0.046840	-0.487459
NC_050069.1	212306897	223480009	-0.666901	-0.058295	-0.040597	-0.416668
NC_050069.1	220607104	226176450	0.134845	0.014173	0.011430	0.091118
NC_050069.1	222735815	228292824	0.264203	0.044044	0.030738	0.173052
NC_050069.1	225053407	232527850	0.158302	0.026467	0.017939	0.108214
NC_050069.1	227455156	237411549	-0.096153	-0.013289	-0.008400	-0.084140
NC_050069.1	231712380	241823133	0.249781	0.023726	0.017040	0.100696
NC_050069.1	237028659	243585384	0.493051	0.059574	0.047190	0.283135
NC_050069.1	241742537	246353492	0.256303	0.043620	0.029717	0.164483
NC_050069.1	242627260	248691214	0.524054	0.108897	0.062977	0.237758
NC_050069.1	245049903	252260783	-0.186262	-0.037282	-0.017936	-0.109699
NC_050069.1	246744528	258366225	-0.176372	-0.012801	-0.007882	-0.180091
NC_050069.1	251330403	260547132	-0.305455	-0.025393	-0.016055	-0.393611
NC_050069.1	254730380	263663463	-0.063221	-0.007809	-0.004969	-0.114651
NC_050069.1	259210284	265842302	0.284408	0.035368	0.023501	0.257666
NC_050069.1	262810071	270676059	0.747783	0.065351	0.041808	0.434617
NC_050069.1	265801374	270680411	0.490361	0.030379	0.017844	0.169073
NC_050070.1	2810681	5895767	0.571297	0.100840	0.067233	0.377285
NC_050070.1	5685279	9349569	0.457808	0.053126	0.031593	0.234771
NC_050070.1	5843966	10971251	-0.162862	-0.024104	-0.013800	-0.133446
NC_050070.1	7679256	10971545	-0.391051	-0.068066	-0.036000	-0.321889
NC_050070.1	9373361	11925312	-0.157421	-0.035447	-0.024237	-0.171079
NC_050070.1	10971519	14670999	0.049193	0.005797	0.004307	-0.050734
NC_050070.1	11123186	19631187	0.201297	0.015691	0.011159	0.169146
NC_050070.1	13906339	20859301	-0.496233	-0.058001	-0.036990	-0.429612
NC_050070.1	18859706	25599953	-0.711524	-0.073595	-0.040323	-0.626903
NC_050070.1	20457107	28364746	-0.002730	-0.000179	-0.000104	-0.002386
NC_050070.1	23209700	32027483	0.674383	0.056411	0.034950	0.419733
NC_050070.1	27287050	38486435	0.006181	0.000642	0.000420	-0.075127
NC_050070.1	29070856	42981217	-0.384123	-0.035165	-0.024012	-0.383886
NC_050070.1	36796526	45011165	-0.521707	-0.051687	-0.037498	-0.308077
NC_050070.1	39338032	48211209	-0.549512	-0.051582	-0.040070	-0.240240
NC_050070.1	44459581	51608476	-0.072019	-0.013816	-0.009990	-0.043893
NC_050070.1	47970317	57823614	0.221545	0.050352	0.035625	0.115435
NC_050070.1	49101693	58953467	0.228040	0.028217	0.020174	0.099740
NC_050070.1	53989318	63779722	0.348911	0.030585	0.023135	0.290276
NC_050070.1	58953368	69485511	0.565533	0.037187	0.025461	0.275395
NC_050070.1	61886964	71511532	-0.319843	-0.053787	-0.030861	-0.262658
NC_050070.1	68165752	75747178	-0.431319	-0.089393	-0.047668	-0.302158
NC_050070.1	70429210	78655321	0.263771	0.046981	0.028949	0.090777
NC_050070.1	75118254	83251984	0.191212	0.028810	0.018380	-0.005459
NC_050070.1	76591062	85100954	0.224704	0.033194	0.020993	0.033046
NC_050070.1	82102052	85866718	-0.259483	-0.020321	-0.014338	-0.274725
NC_050070.1	84702674	93736136	0.382996	0.032833	0.023011	0.304961
NC_050070.1	85866668	98638044	0.842177	0.067938	0.042004	0.505235
NC_050070.1	92033637	101652314	0.286399	0.026028	0.016815	0.149300
NC_050070.1	95476733	103303231	-0.461417	-0.050682	-0.032491	-0.218142
NC_050070.1	99774577	104711771	0.060107	0.010221	0.007355	0.047270
NC_050070.1	102767594	104712085	0.153813	0.068962	0.043911	0.094608
NC_050070.1	104045237	105684570	0.025803	0.009717	0.005728	-0.082184
NC_050070.1	104712020	110259195	-0.360910	-0.057996	-0.039827	-0.423306
NC_050070.1	105618959	116427505	-0.046330	-0.003495	-0.002575	-0.280181
NC_050070.1	108728676	119994236	0.818748	0.049627	0.036759	0.248668
NC_050070.1	115409374	123457579	0.375835	0.025604	0.018111	0.098242
NC_050070.1	118848493	128491162	0.143416	0.016622	0.011095	0.077509
NC_050070.1	121739784	132585156	-0.128673	-0.014033	-0.008478	-0.035744
NC_050070.1	126045771	135077203	0.134728	0.018356	0.010383	0.092753
NC_050070.1	130942539	139049490	0.244051	0.033912	0.021374	0.069005
NC_050070.1	133948623	140935711	-0.378641	-0.106552	-0.069857	-0.554019
NC_050070.1	136828492	144038894	-0.616932	-0.175403	-0.113277	-0.698195
NC_050070.1	140935688	146378758	-0.081843	-0.025062	-0.015442	-0.348941
NC_050070.1	142363264	146520391	0.647328	0.154983	0.100691	0.393120
NC_050070.1	145526837	146520897	0.745260	0.315898	0.219228	0.580660
NC_050070.1	146518458	149603250	0.754610	0.089903	0.063860	0.553556
NC_050070.1	146520636	150874959	0.939051	0.092502	0.067930	0.948236
NC_050070.1	147369640	153719962	0.926356	0.094994	0.064534	0.548346
NC_050070.1	149632795	155445740	0.941542	0.098955	0.072593	0.410529
NC_050070.1	151467952	156825474	0.441138	0.051014	0.035341	0.115054
NC_050070.1	155226446	158725736	0.484898	0.070197	0.047829	0.178700
NC_050070.1	155600059	161768651	0.018235	0.005321	0.003099	-0.004541
NC_050070.1	158725456	164977634	0.110762	0.036685	0.021180	0.108411
NC_050070.1	159801865	168005434	-0.094759	-0.026954	-0.015498	-0.092271
NC_050070.1	163442776	169392220	0.069935	0.015010	0.008929	0.002280
NC_050070.1	165227965	172133443	0.384671	0.059067	0.038515	0.215049
NC_050070.1	168190171	172299185	0.626580	0.061865	0.047198	0.125663
NC_050070.1	171805087	176344356	0.978751	0.120796	0.067225	0.164624
NC_050070.1	172299153	179396689	0.448275	0.077142	0.038763	0.094094
NC_050070.1	173329249	181696015	0.302146	0.043320	0.025535	0.246256
NC_050070.1	177878302	184173312	0.489791	0.071080	0.050463	0.404582
NC_050070.1	181220494	188223823	0.173959	0.038992	0.025012	0.103805
NC_050070.1	182502113	191680032	0.036214	0.006435	0.003915	0.018939
NC_050070.1	185307474	194260217	0.963570	0.099061	0.060694	0.421284
NC_050070.1	190361556	199351820	0.953924	0.050574	0.034647	0.892415
NC_050070.1	194196181	200813675	0.161775	0.010558	0.006951	0.074468
NC_050070.1	197402690	201676254	-0.447729	-0.082350	-0.046920	-0.273790
NC_050070.1	200615915	203712128	-0.703194	-0.185989	-0.105652	-0.663709
NC_050070.1	201663375	205609855	-0.618244	-0.186927	-0.087219	-0.484655
NC_050070.1	202349685	207470410	-0.180826	-0.051976	-0.026857	-0.149211
NC_050070.1	204248389	209492388	0.266815	0.043859	0.029275	0.205222
NC_050070.1	206836993	210282100	-0.245233	-0.034996	-0.022003	-0.171495
NC_050070.1	208880619	211338605	-0.376044	-0.035242	-0.026396	-0.196071
NC_050071.1	915546	4661902	0.360327	0.074532	0.049877	0.348961
NC_050071.1	1603058	6909810	0.216998	0.035826	0.022689	0.152862
NC_050071.1	3769598	7741592	-0.107959	-0.015513	-0.009599	-0.164490
NC_050071.1	6368034	9199624	-0.273253	-0.044521	-0.027026	-0.264376
NC_050071.1	7262272	11717217	0.018307	0.002560	0.001616	0.024884
NC_050071.1	7995694	12869800	0.999433	0.105549	0.075576	0.627865
NC_050071.1	10652582	15480212	0.652875	0.093705	0.061035	0.469694
NC_050071.1	12151956	18743789	0.094670	0.014595	0.009092	0.057595
NC_050071.1	14425827	21037122	-0.389762	-0.058947	-0.037925	-0.196427
NC_050071.1	16428267	23382434	-0.461155	-0.023261	-0.015915	-0.164022
NC_050071.1	19074614	25125768	-0.371357	-0.055418	-0.039238	-0.323231
NC_050071.1	22915178	30116110	-0.311885	-0.057861	-0.040064	-0.237469
NC_050071.1	24600703	35923778	-0.218518	-0.024651	-0.017392	-0.160065
NC_050071.1	26952308	38427869	0.198660	0.023531	0.014811	0.199728
NC_050071.1	34757272	40879603	0.248628	0.038809	0.025724	0.236046
NC_050071.1	37465605	45449457	0.213203	0.033467	0.022607	0.180468
NC_050071.1	40075437	46473563	0.633910	0.105193	0.080595	0.272012
NC_050071.1	44689043	47587699	0.929648	0.148164	0.122502	0.322435
NC_050071.1	45753697	49541707	-0.239315	-0.031365	-0.020819	-0.105641
NC_050071.1	47587423	53190624	-0.013471	-0.001758	-0.001124	-0.105372
NC_050071.1	48214333	57218950	0.015923	0.001346	0.000954	-0.078406
NC_050071.1	52498396	57920682	0.514524	0.011073	0.008236	0.306031
NC_050071.1	57218685	60670167	0.120342	0.002891	0.002019	0.094714
NC_050071.1	57218994	60763064	0.414061	0.014092	0.009630	0.201428
NC_050071.1	60670157	64714493	-0.170041	-0.011254	-0.007715	-0.094373
NC_050071.1	60670179	65182280	-0.052512	-0.007126	-0.004639	-0.023413
NC_050071.1	63967879	68090402	0.413484	0.061878	0.041427	0.244849
NC_050071.1	64889245	68651643	0.330327	0.067380	0.046002	0.232489
NC_050071.1	67154881	71654993	0.052605	0.009406	0.006744	0.032039
NC_050071.1	68301040	77378535	0.031496	0.004718	0.003103	-0.030156
NC_050071.1	70901487	82831426	0.414980	0.042567	0.028194	0.252634
NC_050071.1	74990908	83273556	0.773189	0.067108	0.047314	0.538993
NC_050071.1	81632818	86171973	0.311717	0.039701	0.027419	0.234767
NC_050071.1	82854934	90396095	-0.216597	-0.030012	-0.019847	-0.230571
NC_050071.1	85503621	92201645	-0.576238	-0.131741	-0.069822	-0.610388
NC_050071.1	90279520	93482392	-0.690349	-0.149708	-0.088274	-0.580843
NC_050071.1	91400384	95653688	0.193162	0.023190	0.014257	0.161930
NC_050071.1	92982815	97513711	0.285947	0.051212	0.030125	0.288286
NC_050071.1	93710825	99607790	0.147367	0.019467	0.012081	0.143392
NC_050071.1	97513637	103940562	0.971025	0.045464	0.033208	0.431357
NC_050071.1	98848472	108896657	0.441645	0.054992	0.030806	0.224261
NC_050071.1	103380369	112022576	0.231824	0.036451	0.021685	0.151765
NC_050071.1	107851078	114434965	0.175994	0.025352	0.018144	0.088558
NC_050071.1	110227556	114941328	-0.654969	-0.140881	-0.099728	-0.637616
NC_050071.1	113394866	115787102	-0.559901	-0.282797	-0.173034	-0.539360
NC_050071.1	114941112	118026754	-0.638068	-0.199520	-0.106200	-0.607183
NC_050071.1	114941394	118050861	-0.654318	-0.098131	-0.055960	-0.464776
NC_050071.1	117434039	119798740	0.143184	0.013583	0.010984	0.092565
NC_050071.1	118050593	123361158	0.443777	0.041319	0.030295	0.269095
NC_050071.1	118665483	127653445	0.164501	0.023725	0.016449	0.122484
NC_050071.1	123035552	131082548	-0.178012	-0.033503	-0.021865	-0.111291
NC_050071.1	126888099	133007590	-0.682348	-0.120870	-0.073186	-0.412247
NC_050071.1	130258993	134380076	0.274732	0.045054	0.023808	0.128985
NC_050071.1	133003626	135185992	-0.057623	-0.014040	-0.006744	-0.046446
NC_050071.1	134073609	136533862	0.037474	0.005491	0.003159	0.036833
NC_050071.1	134971212	138422335	0.542914	0.040806	0.030998	0.452901
NC_050071.1	135754599	140846663	-0.190464	-0.021007	-0.014324	-0.291531
NC_050071.1	137602389	142642046	-0.675824	-0.130703	-0.074013	-0.724999
NC_050071.1	140527921	143404773	-0.153226	-0.050282	-0.024849	-0.202828
NC_050072.1	1037439	11191412	0.350692	0.034399	0.022252	0.257751
NC_050072.1	7615674	12354991	0.279221	0.033624	0.022488	0.258960
NC_050072.1	8877730	15726368	0.112539	0.010960	0.007626	0.083850
NC_050072.1	11764495	19461778	0.232043	0.017223	0.011947	0.101652
NC_050072.1	14106527	22210387	-0.095200	-0.004687	-0.003423	-0.025781
NC_050072.1	17189542	23109143	0.339272	0.027494	0.018930	0.180762
NC_050072.1	19774888	25772642	0.255681	0.020196	0.013534	-0.030149
NC_050072.1	22862263	28357776	0.265976	0.033867	0.021793	0.095418
NC_050072.1	23939613	34054666	0.612056	0.063363	0.044015	0.257936
NC_050072.1	28011124	36714197	0.405981	0.060273	0.042610	0.187153
NC_050072.1	32079174	40155329	0.253423	0.040357	0.029179	0.179189
NC_050072.1	35314499	43519291	0.281449	0.043636	0.030900	0.222245
NC_050072.1	37414094	45673004	0.402631	0.033531	0.025068	0.270034
NC_050072.1	42099268	51332037	0.281572	0.038788	0.027606	0.281408
NC_050072.1	45124196	53932014	0.368506	0.037416	0.028322	0.368151
NC_050072.1	47863302	58915168	-0.024566	-0.002857	-0.001997	-0.108295
NC_050072.1	53857326	62763068	0.191159	0.026620	0.017590	0.080808
NC_050072.1	55992060	66135821	0.097898	0.011311	0.007716	-0.057674
NC_050072.1	62195216	69961821	0.006104	0.000791	0.000508	-0.104247
NC_050072.1	63501728	73233535	-0.444586	-0.039022	-0.024467	-0.300618
NC_050072.1	69253692	76709373	0.336525	0.034689	0.020906	0.200084
NC_050072.1	71852748	81784052	0.223296	0.024882	0.015517	0.117569
NC_050072.1	75500074	86470079	-0.019242	-0.002668	-0.001560	-0.009925
NC_050072.1	79458644	90411182	-0.224931	-0.032125	-0.020539	-0.169381
NC_050072.1	85401892	97497944	-0.375270	-0.046492	-0.029918	-0.242445
NC_050072.1	89212783	100426033	-0.539334	-0.053982	-0.036405	-0.394911
NC_050072.1	92299088	104474532	-0.213916	-0.023261	-0.015730	-0.269646
NC_050072.1	99363347	105013808	-0.238116	-0.026700	-0.018409	-0.162716
NC_050072.1	102799329	107065041	0.268952	0.080307	0.052462	0.070619
NC_050072.1	104591582	109200594	0.504238	0.140648	0.091160	0.509026
NC_050072.1	106132524	110808082	0.697097	0.108610	0.083777	0.553146
NC_050072.1	108967322	115382722	0.412406	0.040280	0.026646	0.215458
NC_050072.1	110419839	117501892	-0.273575	-0.035641	-0.021247	-0.157674
NC_050072.1	114359228	119245749	-0.796491	-0.176372	-0.097804	-0.533225
NC_050072.1	116330572	121092267	-0.907980	-0.129456	-0.082845	-0.594679
NC_050072.1	118176608	122410614	-0.872249	-0.094000	-0.058423	-0.492425
NC_050072.1	120584634	125903220	-0.389200	-0.044807	-0.025833	-0.351819
NC_050072.1	121610664	126829138	-0.034052	-0.008308	-0.004741	-0.025541
NC_050072.1	122641906	128323307	0.347593	0.029980	0.019905	0.219819
NC_050072.1	126752689	131684529	0.353187	0.051827	0.034871	0.330164
NC_050072.1	127945080	133417657	0.589657	0.099698	0.067657	0.557742
NC_050072.1	129220316	137289997	0.589924	0.121453	0.086249	0.507641
NC_050073.1	2301929	2754019	0.686476	0.208478	0.151636	0.481548
NC_050073.1	2753958	2754159	0.096910	0.090206	0.081972	0.042403
NC_050073.1	2753994	2754246	-0.042768	-0.035085	-0.021653	-0.017559
NC_050073.1	2754128	2754556	0.003445	0.002339	0.001714	0.002054
NC_050073.1	2754233	2820622	0.111651	0.078563	0.057250	0.056097
NC_050073.1	2754454	2891382	0.303122	0.200078	0.151812	0.160781
NC_050073.1	2820524	3379002	0.365365	0.175231	0.134837	0.246865
NC_050073.1	2891158	3379254	0.225849	0.066682	0.049791	0.095614
NC_050073.1	3378928	5895983	0.490058	0.070866	0.055176	0.280270
NC_050073.1	3379198	7599584	0.971729	0.174778	0.145775	0.504069
NC_050073.1	4749497	11020820	0.849668	0.149597	0.097251	0.475664
NC_050073.1	6062209	15393649	0.077913	0.009127	0.005524	0.044126
NC_050073.1	10511852	16705570	-0.655723	-0.059358	-0.036914	-0.570884
NC_050073.1	13869549	17293331	-0.339945	-0.050382	-0.032308	-0.291968
NC_050073.1	16563376	17865218	0.339473	0.033480	0.022833	0.227473
NC_050073.1	17293324	18504250	-0.301179	-0.087364	-0.051200	-0.243359
NC_050073.1	17497672	21380097	-0.342787	-0.079563	-0.051083	-0.296033
NC_050073.1	18131749	22492972	-0.220874	-0.041751	-0.028180	-0.198262
NC_050073.1	21323221	25232938	0.709596	0.110320	0.075620	0.708959
NC_050073.1	21968095	26797541	0.364170	0.064341	0.042829	0.355611
NC_050073.1	24031827	32166014	0.510929	0.083768	0.049477	0.557035
NC_050073.1	26445768	36471430	0.235382	0.038932	0.023125	0.328176
NC_050073.1	29086479	39732278	0.213956	0.034915	0.020353	0.151187
NC_050073.1	35771732	41825887	0.434232	0.073222	0.045559	0.241092
NC_050073.1	38192733	44290590	0.485446	0.105568	0.064319	0.389411
NC_050073.1	41519754	44971348	0.663621	0.188225	0.118491	0.449461
NC_050073.1	42464842	50473961	-0.002702	-0.000526	-0.000291	-0.054585
NC_050073.1	44300528	52655081	0.207104	0.027538	0.017299	0.049510
NC_050073.1	47059904	52904473	-0.133964	-0.018870	-0.010112	-0.205206
NC_050073.1	51533324	53287709	-0.736803	-0.077595	-0.036534	-0.735351
NC_050073.1	52904191	55274116	-0.764872	-0.146990	-0.076020	-0.548798
NC_050073.1	53071989	58359500	0.213530	0.036600	0.022513	0.072112
NC_050073.1	55274075	63227819	0.000115	0.000019	0.000012	-0.044372
NC_050073.1	57161565	63468489	-0.025717	-0.003155	-0.002082	-0.015412
NC_050073.1	60302997	65195382	0.049080	0.003887	0.002613	-0.148342
NC_050073.1	63227853	68657027	0.395933	0.041775	0.026465	0.049084
NC_050073.1	64628086	70073891	0.113633	0.022251	0.013607	-0.013144
NC_050073.1	65920620	76266272	0.244827	0.034447	0.021885	0.100889
NC_050073.1	69594049	78164096	0.379790	0.032035	0.022055	0.095359
NC_050073.1	71617536	83857546	-0.289790	-0.024075	-0.015722	-0.303268
NC_050073.1	76750711	85828258	-0.389917	-0.043081	-0.026573	-0.353139
NC_050073.1	80711312	86610742	0.310342	0.034434	0.023118	0.175902
NC_050073.1	85269162	87915145	0.150597	0.029142	0.019546	0.094296
NC_050073.1	86610435	89419527	0.204806	0.051816	0.028417	0.108676
NC_050073.1	87719047	93365647	-0.141517	-0.016203	-0.009817	-0.090926
NC_050073.1	88517788	97656786	-0.711511	-0.067059	-0.042318	-0.480304
NC_050073.1	91881023	101430839	-0.584547	-0.096335	-0.061560	-0.409165
NC_050073.1	96771304	105172087	-0.266079	-0.040516	-0.028348	-0.219382
NC_050073.1	100575887	110721454	-0.349202	-0.053765	-0.035245	-0.240563
NC_050073.1	104056729	112454496	-0.466553	-0.115034	-0.065416	-0.278743
NC_050073.1	108898063	112454603	-0.400789	-0.188816	-0.114222	-0.266585
NC_050073.1	112183195	116300256	0.148815	0.043422	0.024717	0.109186
NC_050073.1	112454542	118466332	0.470543	0.069614	0.041702	0.308737
NC_050073.1	112549370	120984408	0.567479	0.079394	0.052327	0.386134
NC_050073.1	116567612	121902468	-0.094929	-0.010554	-0.006396	-0.047366
NC_050073.1	119569649	125844164	0.288607	0.033164	0.020396	0.198257
NC_050073.1	121840953	128647996	0.286347	0.029734	0.020534	0.251686
NC_050073.1	124389264	129504124	0.212971	0.045658	0.031345	0.194350
NC_050074.1	1322833	9599767	-0.180617	-0.024518	-0.016201	-0.173099
NC_050074.1	7214650	12758158	-0.680831	-0.078726	-0.045757	-0.614395
NC_050074.1	9195990	14330270	-0.594819	-0.074183	-0.038082	-0.208582
NC_050074.1	11541778	16246590	-0.688448	-0.089337	-0.049084	-0.234111
NC_050074.1	13540822	19715358	-0.318140	-0.034228	-0.018647	-0.132283
NC_050074.1	15316989	21170324	0.711928	0.033019	0.020052	0.195556
NC_050074.1	17252293	22618829	0.416769	0.037749	0.026326	0.181013
NC_050074.1	21054441	23729537	0.280912	0.025885	0.018803	0.150512
NC_050074.1	22618488	24582017	0.664295	0.020531	0.015506	0.054083
NC_050074.1	23677380	28338663	-0.047027	-0.002336	-0.001656	-0.007602
NC_050074.1	24581703	31732349	-0.090179	-0.008860	-0.005550	-0.056584
NC_050074.1	26009087	34133537	-0.053738	-0.006659	-0.004186	-0.051312
NC_050074.1	29190213	37104641	0.063094	0.011628	0.008272	0.059160
NC_050074.1	33874029	39925526	-0.101879	-0.020075	-0.014550	-0.111210
NC_050074.1	36495531	40259384	-0.177657	-0.022647	-0.015811	-0.134991
NC_050074.1	38803259	42789344	0.658824	0.013148	0.009596	0.127150
NC_050074.1	40237768	45148465	-0.085433	-0.013133	-0.008217	-0.179228
NC_050074.1	40729170	46691938	-0.039303	-0.004889	-0.003323	-0.209453
NC_050074.1	44525656	49501034	-0.365934	-0.072941	-0.050829	-0.447484
NC_050074.1	45516698	54474782	-0.402193	-0.051201	-0.032987	-0.486077
NC_050074.1	48772904	56383822	-0.509749	-0.029670	-0.018029	-0.195696
NC_050074.1	52873639	58293261	-0.701122	-0.069113	-0.040179	-0.248016
NC_050074.1	54763903	59999550	-0.838236	-0.143874	-0.087439	-0.470340
NC_050074.1	57961499	63925788	-0.636450	-0.109671	-0.065998	-0.524400
NC_050074.1	58941962	67792086	-0.214784	-0.026471	-0.017374	-0.203046
NC_050074.1	62402579	72221493	0.102730	0.012638	0.008072	-0.039946
NC_050074.1	65827068	77738421	0.459541	0.042399	0.025025	0.126050
NC_050074.1	68821732	82657716	0.559373	0.031893	0.018541	0.188774
NC_050074.1	72749967	84550405	0.373310	0.029736	0.019067	0.160118
NC_050074.1	78699080	87770246	0.244292	0.016316	0.011935	0.132865
NC_050074.1	84188865	89889369	-0.510407	-0.053637	-0.037830	-0.261640
NC_050074.1	86122537	94521304	0.085871	0.009513	0.006376	0.117325
NC_050074.1	88858178	98290139	-0.056264	-0.008451	-0.005617	-0.030568
NC_050074.1	90761699	99148146	-0.085178	-0.008365	-0.005939	-0.028598
NC_050074.1	96955495	101587692	-0.716529	-0.083582	-0.052720	-0.135905
NC_050074.1	99108058	103075334	-0.584851	-0.044726	-0.028535	-0.268124
NC_050074.1	99148215	107410339	-0.153203	-0.010763	-0.007116	-0.160866
NC_050074.1	102203464	109830646	-0.098924	-0.011650	-0.007638	-0.159731
NC_050074.1	104086132	110141979	-0.032218	-0.004036	-0.002804	-0.098677
NC_050074.1	109689546	115097941	-0.209997	-0.037337	-0.024549	-0.238148
NC_050074.1	110097285	115936152	-0.094993	-0.019804	-0.012991	-0.088265
NC_050074.1	114073357	117843615	-0.118396	-0.032543	-0.017437	-0.116714
NC_050074.1	115305495	120244517	-0.168380	-0.022861	-0.011967	-0.249457
NC_050074.1	116208219	121360409	-0.536141	-0.065803	-0.034684	-0.556917
NC_050074.1	119349827	122603035	-0.270914	-0.034935	-0.020590	-0.293720
NC_050075.1	557634	3923970	-0.628561	-0.054918	-0.034473	-0.232564
NC_050075.1	2014079	5001551	-0.558493	-0.027652	-0.018492	-0.133935
NC_050075.1	3333048	5771018	-0.318580	-0.043162	-0.025646	-0.134149
NC_050075.1	4015730	7202191	0.045039	0.006509	0.004154	0.032500
NC_050075.1	5577786	8115999	0.172328	0.017738	0.012966	0.140451
NC_050075.1	7094462	9424354	0.486351	0.078218	0.065150	0.427227
NC_050075.1	7513247	10587974	0.725515	0.159231	0.133254	0.705626
NC_050075.1	9047934	11028929	0.993908	0.226519	0.201660	0.861597
NC_050075.1	10587729	11915476	0.595623	0.127390	0.105176	0.442459
NC_050075.1	10923053	17266872	0.286652	0.025624	0.017310	0.091182
NC_050075.1	11456846	18071247	0.186421	0.021600	0.014467	0.069286
NC_050075.1	15013762	20112229	0.565908	0.065924	0.047607	0.205833
NC_050075.1	17404487	21556438	0.459235	0.037279	0.025660	0.201804
NC_050075.1	19168046	25188181	0.712902	0.046809	0.030355	0.299349
NC_050075.1	21243140	30562376	-0.465789	-0.018660	-0.011801	-0.232134
NC_050075.1	22630657	34068541	0.192017	0.016054	0.010491	-0.010909
NC_050075.1	26422712	36635953	0.393229	0.030035	0.019539	0.064606
NC_050075.1	33145943	38962391	0.330467	0.032748	0.021265	0.086308
NC_050075.1	35418966	41578023	0.563474	0.048594	0.031762	0.199752
NC_050075.1	37525865	44928065	0.289854	0.043361	0.024924	0.136840
NC_050075.1	39987804	47783407	0.425174	0.044886	0.030146	0.218286
NC_050075.1	44928012	50302621	0.634062	0.097518	0.068744	0.359516
NC_050075.1	46264736	52295360	0.477978	0.047001	0.032153	0.214376
NC_050075.1	49122506	54502225	0.019949	0.001670	0.001094	0.008602
NC_050075.1	50902623	56472830	-0.204440	-0.023163	-0.014425	-0.124086
NC_050075.1	53843405	59643202	-0.097589	-0.011715	-0.006811	-0.074197
NC_050075.1	55285944	60821069	0.155920	0.018322	0.011330	0.129642
NC_050075.1	56981494	66725971	0.106518	0.011461	0.006546	-0.080612
NC_050075.1	60135786	68795642	0.114550	0.012318	0.008306	-0.066068
NC_050075.1	63959203	73046320	0.146038	0.012435	0.009117	0.013730
NC_050075.1	67411559	77648865	0.207766	0.026012	0.017404	0.013343
NC_050075.1	69621816	80659292	0.095274	0.010516	0.006717	-0.069021
NC_050075.1	76316266	85194294	-0.174794	-0.021225	-0.015080	-0.226278
NC_050075.1	78212374	88211383	-0.273412	-0.031450	-0.020119	-0.225304
NC_050075.1	83928451	90986453	-0.702109	-0.059170	-0.037234	-0.427859
NC_050075.1	86803084	90986818	-0.659697	-0.068455	-0.039481	-0.524039
NC_050075.1	90947061	92389910	-0.424767	-0.081265	-0.044494	-0.273433
NC_050075.1	90986748	92389922	-0.177378	-0.024541	-0.016600	-0.078486
NC_050075.1	92389905	92389949	0.177861	0.016680	0.014746	0.084218
NC_050075.1	92389916	95176565	-0.274811	-0.032796	-0.024402	-0.125913
NC_050075.1	92389941	97566026	0.247267	0.031805	0.021361	0.078275
NC_050075.1	94895670	101691096	0.506402	0.039389	0.026139	0.125898
NC_050075.1	96100253	104597658	-0.281361	-0.036459	-0.023072	-0.169008
NC_050075.1	101019180	105872448	-0.709222	-0.102354	-0.069480	-0.480932
NC_050075.1	103818919	106932422	-0.179360	-0.029023	-0.021510	-0.150741
NC_050076.1	111328	4712473	-0.079368	-0.012703	-0.006400	-0.100687
NC_050076.1	2038348	4950917	-0.496362	-0.096994	-0.050415	-0.442060
NC_050076.1	4054619	6179922	-0.121605	-0.034475	-0.021733	-0.199213
NC_050076.1	4769017	7634295	-0.223011	-0.068293	-0.041895	-0.317695
NC_050076.1	5422147	8687264	-0.547663	-0.135185	-0.080067	-0.599739
NC_050076.1	7404224	13573385	-0.677373	-0.108668	-0.065961	-0.724996
NC_050076.1	7950248	17938616	-0.411420	-0.044123	-0.029399	-0.651903
NC_050076.1	12039484	21638278	0.039874	0.004028	0.002511	-0.141795
NC_050076.1	16007446	24353424	-0.096496	-0.017022	-0.009764	-0.255017
NC_050076.1	20690162	26603593	-0.474082	-0.099323	-0.061767	-0.559372
NC_050076.1	21796204	30430767	-0.431317	-0.051007	-0.033262	-0.482170
NC_050076.1	25783984	32568519	-0.847470	-0.110203	-0.065551	-0.537413
NC_050076.1	29895566	34923617	-0.001583	-0.000209	-0.000138	-0.000941
NC_050076.1	32209319	37951446	0.773192	0.088967	0.065882	0.643712
NC_050076.1	34719351	41870907	0.516014	0.042533	0.030166	0.342133
NC_050076.1	37618913	45877740	0.247918	0.031117	0.022279	0.118769
NC_050076.1	40069782	46919553	-0.125286	-0.017696	-0.012345	-0.146255
NC_050076.1	44722096	49891986	0.395437	0.026921	0.019014	0.065008
NC_050076.1	46256193	51302784	0.510283	0.066912	0.045806	0.245965
NC_050076.1	48349823	53615831	0.652825	0.136278	0.081594	0.502543
NC_050076.1	50866933	55037302	0.715484	0.175800	0.099071	0.632282
NC_050076.1	52643921	56687740	0.792066	0.120898	0.080318	0.483371
NC_050076.1	54521714	57425879	0.919739	0.072540	0.051430	0.397387
NC_050076.1	56687479	59122936	-0.235917	-0.014320	-0.010134	-0.228814
NC_050076.1	56687857	63636214	-0.552666	-0.039447	-0.028147	-0.366146
NC_050076.1	58660778	66150908	-0.622305	-0.035875	-0.023066	-0.277808
NC_050076.1	62510000	72822604	0.056382	0.003049	0.001847	-0.159793
NC_050076.1	64869124	76204320	0.606223	0.084930	0.051385	0.306601
NC_050076.1	71768441	79474298	0.700829	0.106864	0.070539	0.476519
NC_050076.1	75554710	81357122	0.779700	0.073082	0.047455	0.610394
NC_050076.1	77781325	85228165	-0.054628	-0.001739	-0.001189	-0.041415
NC_050076.1	80264492	86989963	-0.069354	-0.004461	-0.003203	-0.038792
NC_050076.1	83736476	89560898	-0.049965	-0.006049	-0.004742	-0.029798
NC_050076.1	86110265	93285887	0.058195	0.009373	0.006762	-0.011244
NC_050076.1	88828553	95318409	0.317723	0.061993	0.043749	0.084172
NC_050076.1	92234243	98479073	-0.140811	-0.028852	-0.019104	-0.238225
NC_050076.1	94536542	102756813	-0.314873	-0.074631	-0.046796	-0.355415
NC_050076.1	97113987	102895561	-0.226810	-0.038199	-0.025159	-0.198319
NC_050076.1	101168365	104067612	0.684741	0.072892	0.051670	0.415466
NC_050077.1	832876	2749938	-0.299066	-0.059546	-0.033154	-0.292415
NC_050077.1	833229	4034420	-0.406403	-0.092866	-0.050884	-0.392834
NC_050077.1	2353123	5571014	-0.097881	-0.010635	-0.006547	-0.087448
NC_050077.1	3687830	7091044	0.886661	0.087961	0.060492	0.827992
NC_050077.1	4935043	10365728	0.552611	0.089180	0.062650	0.392494
NC_050077.1	6650011	12131299	0.196554	0.036154	0.023371	0.083046
NC_050077.1	9025294	12913485	0.110657	0.010990	0.006797	-0.033329
NC_050077.1	11541988	17476774	-0.011294	-0.001263	-0.000731	-0.089711
NC_050077.1	12866866	20020587	-0.080510	-0.008335	-0.004760	-0.137477
NC_050077.1	14127381	22681222	-0.154875	-0.011019	-0.007257	-0.221735
NC_050077.1	19519329	25057367	-0.531390	-0.030820	-0.020418	-0.403756
NC_050077.1	21417987	26577222	-0.427966	-0.038753	-0.024683	-0.450279
NC_050077.1	25057128	30700232	-0.230600	-0.026004	-0.015537	-0.216133
NC_050077.1	25779809	34061060	-0.173860	-0.015481	-0.010699	-0.212451
NC_050077.1	30044261	35905415	0.695537	0.046529	0.035657	0.412527
NC_050077.1	32347149	36021686	0.630995	0.051662	0.039420	0.365979
NC_050077.1	35201123	39992924	0.317605	0.060759	0.042702	0.181576
NC_050077.1	36021418	42078198	-0.095509	-0.016805	-0.011500	-0.238207
NC_050077.1	36415431	43587189	-0.313988	-0.049060	-0.034041	-0.412478
NC_050077.1	41550912	43921562	0.193385	0.031449	0.021855	0.049792
NC_050077.1	43074426	44709432	0.066328	0.013337	0.008976	0.030650
NC_050077.1	43756484	47157544	0.209198	0.013897	0.009477	0.049176
NC_050077.1	44423442	50944266	0.177741	0.005592	0.003985	0.029946
NC_050077.1	45101380	53697335	-0.218015	-0.024439	-0.016021	-0.139854
NC_050077.1	50810239	58832829	-0.099992	-0.013760	-0.008598	-0.086372
NC_050077.1	52212191	64749197	0.287398	0.020607	0.013879	0.180134
NC_050077.1	58112286	67324001	0.109724	0.009439	0.006367	0.066566
NC_050077.1	64015922	69656541	0.136771	0.008730	0.005923	0.066245
NC_050077.1	65492888	70900010	0.587594	0.028491	0.018909	0.320457
NC_050077.1	69573665	73041797	0.739542	0.047297	0.030935	0.482055
NC_050077.1	70347202	73759240	0.093586	0.008225	0.004674	-0.010489
NC_050077.1	71999166	74841288	0.106972	0.009645	0.006567	0.094082
NC_050077.1	73659522	75903103	-0.598367	-0.059576	-0.042742	-0.586446
NC_050077.1	74841024	78149092	-0.483025	-0.062539	-0.042523	-0.452676
NC_050077.1	75902847	79249254	-0.046579	-0.011364	-0.006839	-0.099418
NC_050077.1	77959117	81777606	0.454312	0.101043	0.066390	0.323716
NC_050077.1	78149438	83829623	0.220403	0.045725	0.030654	0.013402
NC_050077.1	80889675	86005508	0.208486	0.054139	0.039606	-0.006117
NC_050078.2	2564806	6138532	0.322323	0.050535	0.026787	0.291478
NC_050078.2	3885535	7978349	-0.845340	-0.080958	-0.040720	-0.721423
NC_050078.2	4416999	10944842	-0.550896	-0.032755	-0.019573	-0.465244
NC_050078.2	6674563	11629021	-0.566836	-0.038013	-0.022108	-0.536537
NC_050078.2	9367648	14155641	0.030934	0.001656	0.001098	0.017268
NC_050078.2	11228410	17057556	-0.407188	-0.043216	-0.027447	-0.355706
NC_050078.2	13142630	21016700	-0.160779	-0.034791	-0.021302	-0.246916
NC_050078.2	16365067	25738280	-0.396674	-0.113457	-0.061302	-0.465131
NC_050078.2	19897495	28547405	0.044611	0.007450	0.004567	-0.055045
NC_050078.2	24454053	32871624	0.722569	0.078096	0.045409	0.250762
NC_050078.2	25970683	36855785	0.009958	0.001339	0.000739	-0.186820
NC_050078.2	31172405	38634523	0.289430	0.061374	0.034154	-0.029574
NC_050078.2	35510975	45863444	0.057673	0.008938	0.004980	-0.100473
NC_050078.2	38451707	49227713	0.264150	0.027874	0.017446	0.116008
NC_050078.2	43681196	49758708	0.094844	0.008092	0.005519	0.005168
NC_050078.2	46303798	52449681	0.988070	0.157293	0.132274	0.640852
NC_050078.2	49496137	54059119	0.672310	0.181962	0.147953	0.358472
NC_050078.2	49759042	56212802	0.042714	0.006535	0.005236	-0.022602
NC_050078.2	53163324	57557689	0.287097	0.065377	0.051428	0.138783
NC_050078.2	55560269	60420327	0.509214	0.072625	0.054490	0.259932
NC_050078.2	57557391	64354506	0.366195	0.074076	0.045930	0.284371
NC_050078.2	60244794	66621047	0.413652	0.041795	0.026619	0.257590
NC_050078.2	63401505	66621321	0.409703	0.056114	0.036807	0.359740
NC_050078.2	66212549	68842063	0.989623	0.063066	0.049648	0.728469
NC_050078.2	66621137	70398396	0.115779	0.006509	0.004519	0.076039
NC_050078.2	67551158	73259431	0.358775	0.028363	0.020754	0.307051
NC_050078.2	69974708	75518783	0.639700	0.155558	0.116625	0.473172
NC_050078.2	71838082	77538903	0.609400	0.190795	0.129688	0.481046
NC_050078.2	74494767	79756012	0.492292	0.125494	0.091022	0.399854
NC_050079.1	605702	2580145	0.077063	0.020510	0.013209	0.043336
NC_050079.1	1543555	2580387	-0.250689	-0.137423	-0.088296	-0.151908
NC_050079.1	2580130	6089111	-0.251410	-0.086064	-0.044344	-0.140018
NC_050079.1	2580280	9497489	-0.327034	-0.045602	-0.026369	-0.187999
NC_050079.1	4272191	11941719	-0.158876	-0.021273	-0.013572	-0.119768
NC_050079.1	8459605	16044762	-0.196447	-0.034900	-0.022656	-0.084711
NC_050079.1	11605010	17826992	-0.555643	-0.115741	-0.063800	-0.249331
NC_050079.1	12590596	21220516	-0.028702	-0.004244	-0.002373	-0.033639
NC_050079.1	16196066	25995696	0.052681	0.004932	0.002956	-0.142243
NC_050079.1	20414851	28357739	-0.421823	-0.060179	-0.033992	-0.415675
NC_050079.1	24574280	28357969	-0.450622	-0.095588	-0.049451	-0.358964
NC_050079.1	27956057	31880537	-0.240396	-0.027859	-0.018142	-0.218456
NC_050079.1	28357764	34915421	0.074951	0.010075	0.006486	-0.022641
NC_050079.1	28897206	36852118	-0.116198	-0.015234	-0.009769	-0.226312
NC_050079.1	33135546	38316386	0.283445	0.031055	0.022192	0.130103
NC_050079.1	35259639	39112950	0.669208	0.072041	0.048824	0.363618
NC_050079.1	38162169	42357251	0.144530	0.017730	0.011865	0.116364
NC_050080.1	3622845	7127845	0.390194	0.049614	0.034581	0.265375
NC_050080.1	4960398	8604666	0.480401	0.032279	0.024712	0.220073
NC_050080.1	6472617	10366423	0.026709	0.001785	0.001404	-0.093153
NC_050080.1	7647506	13463554	0.106103	0.007548	0.005751	0.022923
NC_050080.1	9639125	15322655	0.043243	0.003207	0.002337	-0.025566
NC_050080.1	12821091	17074517	0.872378	0.050329	0.039619	0.810232
NC_050080.1	13799377	20789483	0.210806	0.014156	0.009672	0.175687
NC_050080.1	16936669	22335033	0.183266	0.017790	0.009470	0.021643
NC_050080.1	20167312	26557032	-0.158999	-0.025697	-0.013446	-0.175071
NC_050080.1	21228229	29134103	-0.146761	-0.022410	-0.011585	-0.090400
NC_050080.1	24723446	31538269	0.088865	0.014533	0.008573	0.053878
NC_050080.1	28088531	33032585	0.179927	0.023751	0.016120	0.108213
NC_050080.1	29960862	36733183	0.153516	0.027570	0.017770	0.169049
NC_050080.1	31539967	40039892	-0.035191	-0.005242	-0.003549	-0.026976
NC_050081.1	1093305	4380608	-0.066187	-0.009564	-0.006598	-0.079855
NC_050081.1	2909609	7064814	0.082934	0.012109	0.008284	0.000052
NC_050081.1	4215159	11403387	-0.267432	-0.040484	-0.027394	-0.306283
NC_050081.1	5508717	13523180	-0.541730	-0.076286	-0.051000	-0.580473
NC_050081.1	9349285	14189500	-0.804611	-0.160481	-0.099869	-0.768279
NC_050081.1	12418118	17468552	-0.468699	-0.121370	-0.067942	-0.421646
NC_050081.1	14189167	18107788	-0.176696	-0.049225	-0.027105	-0.216867
NC_050081.1	17412424	22039879	0.240967	0.051485	0.028839	0.051173
NC_050081.1	18066941	24022671	0.433406	0.026769	0.013469	0.099983
NC_050081.1	21931548	24891369	0.004272	0.000615	0.000310	-0.016595
NC_050081.1	22167719	25017305	-0.187490	-0.049476	-0.024883	-0.144555
NC_050081.1	24508968	25816409	0.086094	0.037972	0.021469	0.091495
NC_050081.1	24914091	28337979	-0.103921	-0.020862	-0.013232	-0.061477
NC_050081.1	25382191	32133615	-0.070042	-0.009294	-0.006448	-0.064065
NC_050081.1	26773425	32245582	0.246972	0.026119	0.017920	0.209283
NC_050081.1	31885757	32245946	0.196499	0.111457	0.075012	0.086176
NC_050081.1	32133847	32439466	-0.136377	-0.123926	-0.060742	-0.059137
NC_050081.1	32245631	33490295	-0.383524	-0.395784	-0.198283	-0.222348
NC_050081.1	32262882	33704235	-0.018034	-0.014871	-0.008536	-0.012425
NC_050081.1	33316952	34363087	0.659891	0.327580	0.221938	0.376537
NC_050081.1	33490376	34363407	0.343243	0.126831	0.082943	0.154283
NC_050081.1	33969072	35492575	-0.440227	-0.172650	-0.109502	-0.272561
NC_050081.1	34363308	36005629	0.008990	0.003688	0.002151	-0.057579
NC_050081.1	35268583	36005648	0.228389	0.097854	0.058400	0.196296
NC_050081.1	36005619	36958187	0.146446	0.016853	0.010786	-0.166679
NC_050081.1	36005642	36958268	-0.027474	-0.005975	-0.003644	-0.127949
NC_050081.1	36005665	36958316	-0.066227	-0.017887	-0.010584	-0.115846
NC_050081.1	36958233	36958524	-0.174935	-0.703976	-0.137058	-0.067917
NC_050081.1	36958293	37333867	-0.373420	-0.568229	-0.173917	-0.272282
NC_050081.1	36958456	37654835	-0.172329	-0.103332	-0.051701	-0.182361
NC_050081.1	36969773	39897461	-0.358099	-0.185699	-0.087669	-0.333370
NC_050082.1	470967	8484100	-0.098917	-0.010945	-0.007468	-0.057390
NC_050082.1	3424973	10426610	-0.025372	-0.004580	-0.003041	-0.015561
NC_050082.1	8449679	13575926	0.027823	0.005356	0.003329	-0.029321
NC_050082.1	9692992	14691731	-0.067507	-0.012282	-0.007234	-0.113150
NC_050082.1	11724114	15604428	0.054020	0.009975	0.005617	0.051291
NC_050082.1	13765771	17412928	-0.428038	-0.171710	-0.079311	-0.425028
NC_050082.1	15232943	18988637	-0.489515	-0.135923	-0.076478	-0.389402
NC_050082.1	16765419	21985420	-0.191071	-0.028481	-0.020833	-0.179965
NC_050082.1	18873535	23627464	0.024593	0.005211	0.003412	-0.019047
NC_050082.1	20837378	24904006	0.310139	0.042032	0.028414	0.214306
NC_050082.1	22215301	26425183	0.499132	0.059433	0.037229	0.376988
NC_050082.1	24100597	28162375	-0.516227	-0.087316	-0.051931	-0.454994
NC_050082.1	25888825	28493378	-0.508506	-0.101329	-0.053289	-0.385937
NC_050082.1	27463332	29707657	-0.264715	-0.043688	-0.025078	-0.233397
NC_050082.1	28441248	31288377	0.099530	0.017607	0.011016	-0.053544
NC_050082.1	28943516	32550327	0.021864	0.003878	0.002631	-0.091871
NC_050083.1	2075142	5114868	-0.526465	-0.214484	-0.120791	-0.549902
NC_050083.1	3869767	6318801	-0.193182	-0.063288	-0.041069	-0.191823
NC_050083.1	5100214	7704830	-0.167826	-0.040465	-0.026190	-0.170862
NC_050083.1	6318447	9457642	0.413416	0.047584	0.033838	0.198980
NC_050083.1	6932464	10452191	0.147321	0.018380	0.012938	0.042678
NC_050083.1	8247777	12222206	0.246660	0.025997	0.018167	0.163153
NC_050083.1	10252347	13668987	0.627165	0.097560	0.058718	0.422709
NC_050083.1	11024786	14079512	0.555051	0.102708	0.064071	0.532219
NC_050083.1	13194018	14783853	-0.227385	-0.052658	-0.033476	-0.226361
NC_050083.1	13943866	17028585	-0.617220	-0.137277	-0.089782	-0.684903
NC_050083.1	14079752	18009956	-0.637696	-0.142847	-0.089587	-0.686793
NC_050083.1	15163645	18658736	-0.046524	-0.010472	-0.006301	-0.118592
NC_050083.1	18009900	19085401	-0.136636	-0.034505	-0.021094	-0.157820
NC_050083.1	18030979	21462013	-0.233753	-0.030309	-0.016309	-0.140495
NC_050083.1	19085348	24090751	-0.898065	-0.118023	-0.060867	-0.352555
NC_050083.1	20076558	25538396	-0.174752	-0.023322	-0.013665	-0.052467
NC_050083.1	23118628	26307530	0.223710	0.031044	0.020685	0.016026
NC_050084.1	1040975	3848419	0.622800	0.065094	0.043372	0.281127
NC_050084.1	1844602	4668844	0.163450	0.024580	0.015628	0.034974
NC_050084.1	2224524	7027317	-0.392043	-0.073054	-0.044294	-0.384148
NC_050084.1	4194550	9812586	-0.811342	-0.161165	-0.093345	-0.798827
NC_050084.1	5931794	12042552	-0.473134	-0.044610	-0.027102	-0.605898
NC_050084.1	9295363	14134592	-0.099690	-0.007236	-0.004452	-0.360929
NC_050084.1	10760100	16219280	-0.275195	-0.041736	-0.026177	-0.311297
NC_050084.1	13019627	17351234	-0.486864	-0.084172	-0.052120	-0.512335
NC_050084.1	14291681	19720506	-0.315716	-0.058215	-0.035650	-0.415620
NC_050084.1	16758642	20327754	0.251968	0.050045	0.032125	0.030280
NC_050084.1	18784759	22752426	0.905495	0.155937	0.106088	0.596198
NC_050085.1	693834	5745024	-0.118188	-0.017495	-0.012783	-0.095227
NC_050085.1	1925211	8354697	-0.360729	-0.061769	-0.044795	-0.305034
NC_050085.1	5091611	8920560	-0.439608	-0.059157	-0.041799	-0.477999
NC_050085.1	7148848	10127352	-0.839181	-0.146785	-0.099869	-0.868468
NC_050085.1	8613695	12262355	-0.885312	-0.119319	-0.079588	-0.875243
NC_050085.1	9264250	14312537	-0.544091	-0.063545	-0.041124	-0.405609
NC_050085.1	10863455	15553023	0.119571	0.017522	0.012325	0.106441
NC_050085.1	13239915	15817659	0.461742	0.059417	0.043074	0.109158
NC_050085.1	15222941	16454696	-0.049312	-0.009022	-0.005876	-0.014514
NC_050085.1	15611610	18051926	-0.132114	-0.016575	-0.009438	-0.064181
NC_050085.1	16052784	21261980	-0.312921	-0.039532	-0.023373	-0.208289
NC_050085.1	16571333	22509463	-0.721102	-0.079137	-0.046222	-0.510841
NC_050086.2	1538890	4737370	0.130708	0.012253	0.008960	0.044914
NC_050086.2	3175466	5833881	-0.065618	-0.009955	-0.006471	-0.025806
NC_050086.2	4287999	6484874	-0.226497	-0.046424	-0.028538	-0.230386
NC_050086.2	4993118	7683363	0.066242	0.010972	0.007923	0.056971
NC_050086.2	5874373	8501785	-0.322756	-0.087962	-0.053877	-0.230045
NC_050086.2	6941707	8807389	-0.345564	-0.138594	-0.078723	-0.213332
NC_050086.2	8142793	10395059	-0.061835	-0.015134	-0.009429	-0.006965
NC_050086.2	8502094	11218979	0.001617	0.000119	0.000074	0.034311
NC_050086.2	9815534	11285374	0.302438	0.038015	0.022579	0.132863
NC_050086.2	10395319	12867771	0.192991	0.039544	0.025466	0.094685
NC_050086.2	11219336	13510535	0.221183	0.063088	0.044105	0.110098
NC_050086.2	12543736	13510554	0.748134	0.141156	0.094279	0.264310
NC_050086.2	13287115	14054487	0.924036	0.022156	0.016276	0.924036
NC_050086.2	13510542	19674583	-0.114144	-0.016971	-0.009956	-0.140806
NC_050087.2	1168401	5479715	0.168646	0.041719	0.025453	0.161729
NC_050087.2	2275372	6979992	0.473945	0.064989	0.036568	0.451159
NC_050087.2	4457770	8278582	0.352796	0.030667	0.016855	0.231156
NC_050087.2	6055525	8343520	0.782128	0.057574	0.030292	0.311486
NC_050087.2	7714450	8972455	0.242526	0.028838	0.021232	0.116589
NC_050087.2	8278658	9434360	0.099159	0.029600	0.018978	0.059155
NC_050087.2	8623367	9908775	0.104051	0.035163	0.023717	0.055745
NC_050087.2	8972786	10966786	0.327136	0.111411	0.070390	0.202518
NC_050087.2	9908712	12136196	0.382533	0.079875	0.057675	0.222269
NC_050087.2	10966562	17141141	0.766837	0.083587	0.055803	0.374931
NC_050087.2	12022412	18708215	0.449723	0.082009	0.056730	0.246127
NC_050087.2	16068708	18708490	0.169172	0.046097	0.029751	0.027736
NC_050087.2	18644592	18708506	0.094971	0.028310	0.024864	0.006730
NC_050087.2	18708486	18708517	0.512780	0.030440	0.030440	0.003630
NC_050087.2	18708499	18708536	0.539978	0.030540	0.030522	0.004133
NC_050088.1	669218	8174515	-0.139324	-0.008380	-0.005214	-0.168939
NC_050088.1	4353215	8851230	-0.378881	-0.046712	-0.026452	-0.221401
NC_050088.1	7748434	11137033	0.351980	0.057790	0.036016	0.266321
NC_050088.1	8789117	12056584	0.338007	0.057582	0.035575	0.302677
NC_050088.1	9557139	12276786	0.345674	0.057967	0.040644	0.268979
NC_050088.1	11137262	13003275	-0.010343	-0.002712	-0.001696	-0.006728
NC_050088.1	12276534	13777995	0.876718	0.099248	0.074814	0.740840
NC_050088.1	12342182	15815417	0.556014	0.061787	0.044642	0.551300
NC_050089.1	3332660	6686752	0.612758	0.075153	0.057417	0.346012
NC_050089.1	3898461	8862482	0.625696	0.093922	0.064314	0.435314
NC_050089.1	5499734	10115592	0.520731	0.068873	0.047685	0.387152
NC_050089.1	8583248	10498951	0.481735	0.063012	0.043276	0.311390
NC_050089.1	9203494	11643520	0.416003	0.045891	0.029611	0.068573
NC_050089.1	10495847	13469765	0.253427	0.032868	0.021464	-0.076807
NC_050089.1	10643799	14193231	-0.326110	-0.054016	-0.033147	-0.383463
NC_050089.1	13117975	16980583	-0.632631	-0.089150	-0.058203	-0.537043
NC_050089.1	13944235	17534135	-0.560507	-0.086157	-0.055774	-0.508508
NC_050090.1	117282	3670322	0.284941	0.050330	0.035181	0.201857
NC_050090.1	1600060	3847773	-0.704490	-0.073980	-0.051482	-0.392851
NC_050090.1	3422561	4141439	-0.069242	-0.012241	-0.008582	-0.081230
NC_050090.1	3847724	5436600	0.034398	0.006727	0.004761	-0.044521
NC_050090.1	3847809	5753096	0.009239	0.002285	0.001501	-0.022368
NC_050090.1	4601357	12157870	0.438519	0.088107	0.061983	0.298518
NC_050090.1	5692958	13919128	0.239478	0.074832	0.050070	0.161420
NC_050091.1	2973327	4583130	0.988711	0.152897	0.102784	0.801695
NC_050091.1	3779286	5750120	0.200089	0.042812	0.026683	0.201194
NC_050091.1	3971099	7256655	0.197961	0.051397	0.032015	0.189154
NC_050091.1	5522282	10957572	0.302292	0.059948	0.040439	0.288347
NC_050091.1	6480003	12781942	0.129413	0.034580	0.021326	-0.005591
NC_050091.1	10738384	15939959	-0.303967	-0.101009	-0.060350	-0.383311
NC_050092.1	3636786	6727183	-0.282933	-0.047883	-0.033089	-0.163946
NC_050092.1	4563275	7739665	-0.628668	-0.122168	-0.076119	-0.359428
NC_050092.1	5692171	9220885	-0.192480	-0.035693	-0.021512	-0.187664
NC_050092.1	7557194	10544667	0.508833	0.053575	0.035825	0.342178
NC_050092.1	8130413	12864516	0.422650	0.034364	0.021581	0.200145
NC_050092.1	9459391	14105021	-0.188567	-0.015331	-0.008928	-0.101367
NC_050093.1	1458162	4926545	0.225121	0.039358	0.024458	0.165973
NC_050093.1	2628296	5808075	0.182721	0.026875	0.019116	0.125751
NC_050093.1	4243729	9087464	-0.102441	-0.017641	-0.012415	-0.079253
NC_050093.1	5248936	12248533	-0.180349	-0.024619	-0.017311	-0.129148
NC_050093.1	8682427	12721223	0.568720	0.138740	0.094215	0.379456
NC_050093.1	11800465	14703425	0.517138	0.107941	0.072447	0.378954
NC_050094.1	1926002	8342103	0.066036	0.007263	0.003929	0.053644
NC_050094.1	5389168	9255807	-0.156110	-0.014987	-0.009383	-0.094307
NC_050094.1	7095173	11378160	0.085228	0.010518	0.006837	0.058193
NC_050094.1	8995406	12366780	0.313557	0.039015	0.028155	0.290518
NC_050094.1	11187866	12367023	0.872953	0.124914	0.103667	0.872953
NC_050094.1	12334640	13035192	-0.362847	-0.095164	-0.071375	-0.251694
NC_050094.1	12366973	16017381	-0.338233	-0.100000	-0.061165	-0.233211
NC_050095.1	2307057	5586155	-0.190757	-0.044529	-0.026265	-0.078925
NC_050095.1	4699979	6461298	-0.188364	-0.070561	-0.045319	-0.089121
