chr	windowStart	windowEnd	D	f_d	f_dM	d_f
NC_050068.2	4551945	4552263	0.566239	0.306486	0.170952	0.382544
NC_050068.2	4552271	5148851	-0.072292	-0.051141	-0.026942	-0.044594
NC_050068.2	5148855	5191763	0.099260	0.048565	0.027238	0.043440
NC_050068.2	5191767	5294320	0.218477	0.514209	0.325399	0.122980
NC_050068.2	5294325	5294509	0.186019	0.393702	0.272501	0.098148
NC_050068.2	5294545	6825531	-0.091317	-0.022598	-0.011889	-0.048558
NC_050068.2	7087219	7888765	-0.144103	-0.024135	-0.012013	-0.325791
NC_050068.2	8031650	9771017	-0.746147	-0.092698	-0.062366	-0.746147
NC_050068.2	9771027	10293241	0.619684	0.180812	0.138381	0.500717
NC_050068.2	11044270	14071794	0.168059	0.015338	0.008226	0.138066
NC_050068.2	14076436	15600421	-0.109214	-0.013495	-0.008936	-0.108522
NC_050068.2	15833418	17022347	0.200678	0.024834	0.016868	0.159217
NC_050068.2	19644735	21853381	0.854979	0.108892	0.059318	0.793761
NC_050068.2	21909302	22891363	0.240719	0.085784	0.051230	0.240719
NC_050068.2	22891407	24197572	1.000000	0.071022	0.060267	0.858179
NC_050068.2	24549667	27857710	0.905125	0.035873	0.026045	0.272096
NC_050068.2	27857714	28299099	0.081987	0.032830	0.022134	0.031107
NC_050068.2	29018491	29745907	-0.324119	-0.033762	-0.024412	-0.414051
NC_050068.2	30103730	33249602	1.000000	0.109081	0.098197	0.832864
NC_050068.2	33586276	38641924	-0.251473	-0.036309	-0.027605	-0.251473
NC_050068.2	38641985	40984965	0.729576	0.221662	0.149106	0.499531
NC_050068.2	41252069	42127835	0.898797	0.082584	0.068706	0.353691
NC_050068.2	43339737	44250160	0.416297	0.132806	0.094255	0.291929
NC_050068.2	44250161	46626892	0.948787	0.218585	0.157314	0.948787
NC_050068.2	46626945	48697898	0.615896	0.280120	0.175347	0.615896
NC_050068.2	49739983	52166430	1.000000	0.085973	0.073187	0.846875
NC_050068.2	52493090	53611876	-0.841710	-0.195484	-0.116607	-0.471936
NC_050068.2	53733769	55897074	-0.124362	-0.019961	-0.015594	-0.076538
NC_050068.2	56137121	59363462	0.402097	0.029248	0.019688	0.055470
NC_050068.2	59778086	60349186	-0.758858	-0.060428	-0.040509	-0.096507
NC_050068.2	60349194	63347752	0.984262	0.091485	0.060510	0.832047
NC_050068.2	63391281	66572921	0.465942	0.031176	0.025132	0.133343
NC_050068.2	66909365	71819261	1.000000	0.057903	0.035221	0.372359
NC_050068.2	72251269	75007678	-0.888023	-0.098481	-0.042728	-0.920268
NC_050068.2	75007906	79242586	-0.417624	-0.106815	-0.064181	-0.419266
NC_050068.2	81224973	83137341	0.596772	0.097211	0.050634	0.300994
NC_050068.2	83137423	88231894	0.152599	0.022046	0.012757	0.132071
NC_050068.2	88301042	91719996	-0.196814	-0.039899	-0.033426	-0.175749
NC_050068.2	91720222	93869492	-0.055067	-0.013525	-0.008402	-0.055067
NC_050068.2	94388104	97586289	1.000000	0.104536	0.070076	0.911101
NC_050068.2	97729628	100114691	0.685623	0.011594	0.006442	0.340358
NC_050068.2	100287869	102403082	1.000000	0.168334	0.142572	1.000000
NC_050068.2	102403084	103267946	1.000000	0.056608	0.047721	1.000000
NC_050068.2	103267952	105312064	0.120605	0.016989	0.012976	0.120557
NC_050068.2	105312079	106191415	0.772799	0.024553	0.013271	0.264049
NC_050068.2	106191671	109898285	0.986817	0.203411	0.140360	0.986817
NC_050068.2	110429863	111369047	-0.565484	-0.050791	-0.030691	-0.510618
NC_050068.2	111369088	114020566	-0.849587	-0.084866	-0.057447	-0.849587
NC_050068.2	114020797	118787996	0.954635	0.100222	0.065655	0.777158
NC_050068.2	118816710	120747231	-0.480700	-0.085072	-0.048292	-0.480700
NC_050068.2	120747232	125761253	-0.438785	-0.027638	-0.019795	-0.672161
NC_050068.2	125964228	130979227	-0.384542	-0.058451	-0.035759	-0.313719
NC_050068.2	130979459	133878321	-0.031117	-0.005192	-0.004369	-0.020412
NC_050068.2	134368391	136543193	0.108232	0.019065	0.010164	0.078023
NC_050068.2	136905219	138067883	0.372317	0.066973	0.044802	0.044508
NC_050068.2	138232794	139750456	-0.771955	-0.039317	-0.022391	-0.760084
NC_050068.2	140121671	145555819	-0.041222	-0.005372	-0.003793	-0.189109
NC_050068.2	145729150	147386280	-0.942521	-0.256135	-0.127203	-0.575163
NC_050068.2	147421051	148877278	0.982647	0.103294	0.079330	0.649418
NC_050068.2	148877284	150533908	-0.720370	-0.294677	-0.125868	-0.562015
NC_050068.2	150598301	154546110	0.980643	0.048235	0.034141	0.980643
NC_050068.2	155861163	157455309	0.110881	0.015358	0.012147	0.060788
NC_050068.2	157455381	162882676	0.573707	0.135872	0.085597	0.573707
NC_050068.2	163075246	165869593	-0.297189	-0.089423	-0.052666	-0.189606
NC_050068.2	165869639	166991774	-0.717451	-0.100115	-0.081139	-0.600343
NC_050068.2	166991819	169183186	0.758003	0.191781	0.133949	0.568247
NC_050068.2	169215906	172896715	-0.626627	-0.066913	-0.040382	-0.537545
NC_050068.2	173140601	174889404	0.835281	0.018760	0.014683	0.835281
NC_050068.2	175446528	177267045	-0.270858	-0.029666	-0.021991	-0.240950
NC_050068.2	177749877	182183961	-0.689968	-0.067471	-0.039519	-0.550263
NC_050068.2	182368222	183930141	1.000000	0.043444	0.026046	1.000000
NC_050068.2	183930151	184907478	0.996755	0.139904	0.102119	0.311636
NC_050068.2	184907795	187039643	-0.451111	-0.142996	-0.074951	-0.451044
NC_050068.2	187039668	190572675	0.999446	0.101542	0.077082	0.528363
NC_050068.2	190572941	192165808	-0.701433	-0.061778	-0.042281	-0.600551
NC_050068.2	192165809	195323629	-0.603652	-0.076544	-0.054731	-0.443309
NC_050068.2	195642585	197124095	0.825797	0.023580	0.017228	0.825797
NC_050068.2	197124300	197226085	0.811759	0.196467	0.168806	0.811759
NC_050068.2	197226113	198794851	0.559887	0.264028	0.211860	0.559887
NC_050068.2	198794853	199282909	0.895551	0.048258	0.044066	0.141084
NC_050068.2	199283196	203083519	0.447420	0.053626	0.039924	0.388448
NC_050068.2	203086894	204629181	0.986928	0.101302	0.074983	0.637836
NC_050068.2	204629217	207270361	-0.005464	-0.001027	-0.000628	-0.125687
NC_050068.2	207270411	209141377	-0.656054	-0.139321	-0.087229	-0.267053
NC_050068.2	209146410	211415462	-0.526768	-0.038069	-0.024135	-0.526768
NC_050068.2	211415521	212771879	0.186793	0.044041	0.032130	0.165502
NC_050068.2	212771895	213703281	0.739688	0.029368	0.025171	0.739688
NC_050068.2	213703492	216029358	0.908059	0.143177	0.096960	0.732974
NC_050068.2	216029362	216067725	0.439076	0.284752	0.176733	0.243541
NC_050068.2	216067743	216067940	0.951947	0.342540	0.165785	0.447082
NC_050068.2	216067975	218238231	-0.085067	-0.037228	-0.020779	-0.083757
NC_050068.2	218501784	220964140	-0.372014	-0.047470	-0.030585	-0.466863
NC_050068.2	221113757	223105931	0.170544	0.024287	0.015272	0.129454
NC_050068.2	223105963	224649371	0.925672	0.016542	0.011284	0.925672
NC_050068.2	224649372	227505632	0.746193	0.106739	0.079050	0.389274
NC_050068.2	227578933	229032979	0.899037	0.067323	0.051396	0.795103
NC_050068.2	229596302	233159111	0.492064	0.049542	0.033038	0.296330
NC_050068.2	233159152	234002907	0.850000	0.336054	0.162108	0.850000
NC_050068.2	234003071	237096857	-0.240805	-0.078890	-0.045300	-0.525167
NC_050068.2	237622708	241392081	0.508314	0.003478	0.002660	0.029360
NC_050068.2	241392147	242472863	1.000000	0.045592	0.045592	1.000000
NC_050068.2	242485973	244273480	0.661995	0.078817	0.053822	0.661995
NC_050068.2	244273676	247788413	0.273507	0.050243	0.034367	0.274501
NC_050068.2	247788417	248402094	0.016554	0.004326	0.003141	0.008276
NC_050068.2	248486808	248698445	0.999714	0.211643	0.187846	0.342870
NC_050068.2	249305598	251631507	0.999142	0.051585	0.034246	0.473438
NC_050068.2	251631747	253847136	0.989288	0.179612	0.126575	0.445638
NC_050068.2	254847596	255460298	1.000000	0.043608	0.029579	1.000000
NC_050068.2	255893124	256473142	0.804325	0.043951	0.029627	0.425495
NC_050068.2	256548778	257625675	0.966445	0.108062	0.078315	0.388916
NC_050068.2	257625689	259547476	-0.814601	-0.285144	-0.165175	-0.693004
NC_050068.2	259952885	262222484	-0.426566	-0.027481	-0.016328	-0.426566
NC_050068.2	262222551	262500347	-0.186299	-0.150060	-0.067579	-0.181495
NC_050068.2	262500351	265183112	0.711473	0.157739	0.118681	0.686907
NC_050068.2	265183154	266346118	0.983331	0.109594	0.081682	0.782284
NC_050068.2	266532356	270186331	-0.768101	-0.068920	-0.040079	-0.818556
NC_050068.2	270816538	273707941	0.886750	0.007110	0.005052	0.372945
NC_050068.2	273707954	276612112	-0.171178	-0.019211	-0.012081	-0.047489
NC_050068.2	277007504	281523728	0.987704	0.065005	0.042500	0.902616
NC_050068.2	281523737	282925643	0.449813	0.140501	0.082378	0.407007
NC_050068.2	284279594	286019339	-0.400197	-0.080256	-0.047744	-0.364558
NC_050068.2	286665876	288485495	-0.418705	-0.110623	-0.065779	-0.418705
NC_050068.2	288485686	290444943	-0.346493	-0.025800	-0.018019	-0.593286
NC_050068.2	291093675	294790360	0.864080	0.015708	0.010370	0.509394
NC_050068.2	294791636	298752230	0.164019	0.034491	0.026874	0.126447
NC_050068.2	298752237	299581304	0.826163	0.186417	0.148269	0.617453
NC_050068.2	299980523	302775125	-0.184020	-0.011240	-0.008255	-0.166304
NC_050068.2	302775352	306087293	0.988571	0.098070	0.068422	0.843258
NC_050068.2	306087306	309710097	-0.905526	-0.135205	-0.092137	-0.398533
NC_050068.2	310139162	310336470	0.431839	0.357025	0.237270	0.244041
NC_050068.2	310336478	310424225	0.648871	0.085440	0.074011	0.140619
NC_050068.2	310822837	314033431	-0.555616	-0.057884	-0.038805	-0.405420
NC_050068.2	314033517	316773987	0.999849	0.174940	0.123888	0.856297
NC_050068.2	317798143	322918779	-0.221634	-0.032708	-0.021213	-0.338915
NC_050068.2	322918780	327675269	0.196210	0.061519	0.029766	-0.024744
NC_050068.2	327675295	328872776	0.339822	0.079882	0.061903	0.031033
NC_050068.2	329598434	331624583	0.343147	0.004084	0.002810	0.006054
NC_050068.2	331624821	332884184	0.924987	0.061753	0.043551	0.340921
NC_050068.2	333219688	338379058	0.516457	0.007677	0.005974	0.034906
NC_050068.2	338457481	339894574	0.999773	0.219837	0.183789	0.569390
NC_050068.2	339894584	342347537	0.336839	0.007811	0.005754	0.285895
NC_050068.2	342347773	343302221	1.000000	0.181667	0.123518	1.000000
NC_050068.2	344116863	345899891	0.983106	0.107204	0.059925	0.677288
NC_050068.2	345900104	345991702	0.981618	0.142855	0.106034	0.212690
NC_050068.2	345991705	347040977	0.010468	0.003032	0.002124	0.022605
NC_050068.2	347041104	349569886	-0.908036	-0.062077	-0.031206	-0.908036
NC_050069.1	851201	4547406	1.000000	0.101807	0.080369	0.915945
NC_050069.1	4585416	6435234	0.728258	0.075270	0.050331	0.723834
NC_050069.1	6435472	8996526	-0.679746	-0.256725	-0.146217	-0.678221
NC_050069.1	8996539	12152153	-0.947742	-0.353597	-0.175023	-0.946126
NC_050069.1	12251602	15403016	0.390320	0.063823	0.042177	0.169742
NC_050069.1	15403035	17998945	0.491076	0.087390	0.054420	0.324466
NC_050069.1	17998949	21109494	0.239609	0.028756	0.018166	0.226057
NC_050069.1	21109503	25773026	0.951316	0.052270	0.034805	0.387572
NC_050069.1	25929141	28834765	0.816850	0.068402	0.042692	0.727409
NC_050069.1	30615845	32954143	0.770887	0.058219	0.041207	0.661780
NC_050069.1	32954152	35324482	-0.726358	-0.063309	-0.047773	-0.151875
NC_050069.1	35633468	36809866	-0.372113	-0.215308	-0.088261	-0.462083
NC_050069.1	36911059	39522051	-0.299265	-0.091520	-0.050162	-0.395172
NC_050069.1	40056121	41291762	0.110127	0.019532	0.010267	0.087501
NC_050069.1	41325795	43420064	0.988494	0.109903	0.076348	0.595469
NC_050069.1	43569465	44812199	0.386301	0.017711	0.013281	0.426621
NC_050069.1	44812226	48131998	0.226349	0.024499	0.017327	0.212397
NC_050069.1	48594881	49137879	0.979212	0.103618	0.074349	0.878899
NC_050069.1	49137911	50167423	-0.898919	-0.647456	-0.360428	-0.822768
NC_050069.1	50167633	50841140	0.173727	0.003491	0.003143	0.015117
NC_050069.1	50955413	57049157	0.763951	0.059410	0.034140	0.759947
NC_050069.1	57300963	59323527	-0.803380	-0.069502	-0.051120	-0.803380
NC_050069.1	59892526	65420552	0.499682	0.108904	0.076541	0.499682
NC_050069.1	65420571	68758536	-0.535314	-0.048242	-0.033549	-0.480327
NC_050069.1	69798395	72490949	-0.407270	-0.033074	-0.014109	-0.327862
NC_050069.1	73464981	74493215	0.958599	0.026104	0.019788	0.225633
NC_050069.1	74493251	76328968	-0.312671	-0.053555	-0.031320	-0.312671
NC_050069.1	76578087	79935987	-0.594109	-0.042862	-0.033980	-0.522107
NC_050069.1	79936194	82269012	-0.287379	-0.064500	-0.040751	-0.262216
NC_050069.1	82702707	83909369	-0.597538	-0.061497	-0.045514	-0.754902
NC_050069.1	84122274	86285025	-0.410094	-0.055820	-0.032357	-0.178135
NC_050069.1	86285028	86285268	0.312191	0.471682	0.377056	0.180537
NC_050069.1	86285275	87340121	0.245522	0.049650	0.034760	0.055648
NC_050069.1	87670540	89918056	-0.607084	-0.077486	-0.047091	-0.693710
NC_050069.1	90039908	92474191	-0.952755	-0.750723	-0.294554	-0.972643
NC_050069.1	92696013	96488671	0.641589	0.045504	0.033824	0.577408
NC_050069.1	96488816	98023338	-0.151939	-0.047282	-0.028288	-0.128679
NC_050069.1	98023449	103773027	0.980025	0.183578	0.104924	0.980025
NC_050069.1	103773034	104726779	-0.694284	-0.046985	-0.037887	-0.337977
NC_050069.1	105727693	107845091	-0.550869	-0.101389	-0.044235	-0.134682
NC_050069.1	107845314	108977485	0.294505	0.011791	0.007908	0.072388
NC_050069.1	109006200	115551541	0.656711	0.043347	0.028087	0.551137
NC_050069.1	116681436	117504416	-0.743505	-0.047058	-0.036136	-0.163532
NC_050069.1	117504532	120517514	0.920252	0.050643	0.036180	0.106192
NC_050069.1	120533042	123361657	-0.828562	-0.050497	-0.034830	-0.827938
NC_050069.1	124216760	124217025	0.999232	0.015730	0.015730	0.277022
NC_050069.1	124651190	126928412	-0.374003	-0.082206	-0.048221	-0.350624
NC_050069.1	126928518	128537518	-0.653578	-0.094240	-0.047232	-0.643450
NC_050069.1	130214900	132744802	0.989028	0.018104	0.012517	0.076425
NC_050069.1	132744889	134917162	0.953121	0.152437	0.123786	0.920834
NC_050069.1	135793685	141103957	0.646420	0.050999	0.037621	0.628405
NC_050069.1	141655294	146578678	0.769440	0.005039	0.003749	0.769440
NC_050069.1	146886594	151985005	0.748879	0.052122	0.043446	0.488050
NC_050069.1	153526582	157292024	-0.369239	-0.019541	-0.012260	-0.230228
NC_050069.1	157292372	160803168	0.523463	0.129883	0.099819	0.500202
NC_050069.1	161051021	161588559	0.510283	0.129117	0.092645	0.510118
NC_050069.1	162293759	167577494	-0.219133	-0.019647	-0.013407	-0.114558
NC_050069.1	167577511	168983701	0.804215	0.300876	0.205219	0.678222
NC_050069.1	169450653	173491045	-0.009245	-0.001709	-0.001026	-0.008409
NC_050069.1	174003448	176718454	0.281974	0.072802	0.056312	-0.053153
NC_050069.1	177177047	180214704	-0.055701	-0.010976	-0.007085	-0.141853
NC_050069.1	180538421	181957657	0.648942	0.018629	0.012619	0.267326
NC_050069.1	181957880	183352053	-0.294734	-0.027634	-0.025252	-0.568702
NC_050069.1	183352383	186177682	-0.113205	-0.019708	-0.013171	-0.238719
NC_050069.1	186242493	187805322	-0.573547	-0.055850	-0.034686	-0.440910
NC_050069.1	187946281	192015756	0.153680	0.022834	0.012592	0.153680
NC_050069.1	193093200	194260486	0.968359	0.065896	0.041076	0.181375
NC_050069.1	194260715	195348803	-0.993013	-1.390284	-0.366781	-0.992993
NC_050069.1	195348806	196701586	0.042050	0.009112	0.006206	0.042050
NC_050069.1	196701599	199159708	-0.769693	-0.167952	-0.116611	-0.840333
NC_050069.1	199159710	203735232	-0.822916	-0.051925	-0.033574	-0.795632
NC_050069.1	204127030	206903191	-0.811282	-0.313471	-0.158389	-0.774653
NC_050069.1	207012190	208611508	0.999893	0.175752	0.167039	0.851439
NC_050069.1	208661481	209204758	-0.599311	-0.078984	-0.058748	-0.536644
NC_050069.1	209920324	214084312	-0.510841	-0.145524	-0.087638	-0.496624
NC_050069.1	215312278	221849216	-0.627362	-0.042682	-0.027886	-0.535623
NC_050069.1	221849498	223480009	0.993762	0.014615	0.011637	0.070845
NC_050069.1	223480247	226176450	0.346268	0.073988	0.057457	0.328552
NC_050069.1	226176454	228292824	0.118113	0.020244	0.012590	0.087900
NC_050069.1	228395329	232527850	-0.517904	-0.074212	-0.046616	-0.272602
NC_050069.1	234137485	237411549	0.594016	0.067020	0.047194	0.360908
NC_050069.1	237411550	241823133	-0.520944	-0.048444	-0.035572	-0.436634
NC_050069.1	241823197	243585384	0.999556	0.120567	0.105657	0.423451
NC_050069.1	244897713	246353492	0.037264	0.007083	0.003695	0.037259
NC_050069.1	246444236	248691214	0.898581	0.223623	0.124184	0.233598
NC_050069.1	248872213	252260783	-0.932702	-0.130207	-0.067772	-0.479636
NC_050069.1	252466630	258366225	-0.217430	-0.005296	-0.003603	-0.410009
NC_050069.1	258366226	260547132	-0.223478	-0.040799	-0.024497	-0.212191
NC_050069.1	260547134	263663463	0.158840	0.027107	0.017712	0.158798
NC_050069.1	263697271	265842302	-0.179392	-0.009298	-0.006804	-0.102207
NC_050069.1	266084012	270676059	0.930313	0.047415	0.026410	0.315966
NC_050069.1	270676061	270680411	-0.609104	-0.502921	-0.246694	-0.298023
NC_050070.1	1644594	3019275	-0.492978	-0.210716	-0.126448	-0.449571
NC_050070.1	3139752	5733837	0.930560	0.105097	0.068571	0.349383
NC_050070.1	5763473	5895767	0.656716	0.135380	0.081637	0.596287
NC_050070.1	6414053	9349569	0.175387	0.015209	0.008774	0.119924
NC_050070.1	9349657	10971251	-0.476612	-0.202625	-0.103097	-0.476113
NC_050070.1	10971269	10971545	1.000000	0.205431	0.205431	1.000000
NC_050070.1	10971561	11925312	0.413436	0.064911	0.054858	0.120332
NC_050070.1	11925352	14670999	-0.584932	-0.048422	-0.032726	-0.524586
NC_050070.1	14671000	19631187	0.252800	0.014415	0.009809	0.174966
NC_050070.1	20359521	20859301	-0.914848	-0.326135	-0.156153	-0.914694
NC_050070.1	21507968	25599953	0.022733	0.000617	0.000330	0.013772
NC_050070.1	25600014	28364746	0.965760	0.057404	0.041292	0.965760
NC_050070.1	28364747	32027483	0.613483	0.082421	0.055582	0.315687
NC_050070.1	34030057	38486435	-0.737525	-0.069015	-0.043182	-0.587628
NC_050070.1	38486469	42981217	-0.789014	-0.053069	-0.041833	-0.789014
NC_050070.1	42981583	45011165	-0.252621	-0.024679	-0.019448	-0.094373
NC_050070.1	45011192	48211209	-0.838141	-0.134990	-0.092961	-0.411995
NC_050070.1	48211247	51608476	0.545609	0.165897	0.122285	0.545609
NC_050070.1	52057792	57823614	0.098964	0.015152	0.010885	-0.084073
NC_050070.1	58036756	58953467	-0.561870	-0.035294	-0.025652	-0.561618
NC_050070.1	59897749	63779722	0.991705	0.113449	0.090614	0.729837
NC_050070.1	65309063	69485511	0.025489	0.000158	0.000089	0.001206
NC_050070.1	70016524	71511532	-0.494420	-0.269430	-0.124834	-0.432817
NC_050070.1	72678092	75747178	1.000000	0.018427	0.013063	0.373996
NC_050070.1	75754302	78655321	0.274236	0.055407	0.035947	0.221847
NC_050070.1	79245690	83251984	0.021246	0.002782	0.001679	-0.311922
NC_050070.1	83330044	85100954	-0.244527	-0.041833	-0.024376	-0.204427
NC_050070.1	85100991	85866718	0.998727	0.013643	0.011368	0.239577
NC_050070.1	87030081	93736136	0.777335	0.072929	0.047236	0.777335
NC_050070.1	93812448	98638044	0.960091	0.069541	0.039722	0.348570
NC_050070.1	98638046	101652314	-0.321061	-0.037714	-0.025601	-0.171335
NC_050070.1	101652337	103303231	-0.716968	-0.129917	-0.084428	-0.448158
NC_050070.1	103795850	104711771	1.000000	0.243859	0.237750	0.915814
NC_050070.1	104711776	104712085	-0.647619	2.642810	-0.286540	-0.304161
NC_050070.1	104962722	105684570	0.002385	0.000357	0.000261	-0.313067
NC_050070.1	106770414	110259195	-0.586891	-0.027962	-0.021929	-0.769656
NC_050070.1	110259457	116427505	0.707026	0.049582	0.035497	0.444240
NC_050070.1	117272974	119994236	0.993344	0.071240	0.051590	0.157522
NC_050070.1	119994482	123457579	-0.028810	-0.002612	-0.001787	-0.011658
NC_050070.1	124153208	128491162	-0.086110	-0.013717	-0.008498	0.021720
NC_050070.1	128525017	132585156	-0.682492	-0.087888	-0.045361	-0.294080
NC_050070.1	132692758	135077203	0.663308	0.085827	0.056882	0.322284
NC_050070.1	135190066	139049490	0.429869	0.055852	0.047951	0.082853
NC_050070.1	140196872	140935711	-0.852941	-0.460072	-0.267198	-0.914530
NC_050070.1	140975463	144038894	-0.858560	-0.131839	-0.085560	-0.838313
NC_050070.1	144039068	146378758	0.993351	0.306801	0.199141	0.977359
NC_050070.1	146378761	146520391	-0.214742	-0.102466	-0.064267	-0.077333
NC_050070.1	146520392	146520897	0.590354	0.136227	0.110977	0.569063
NC_050070.1	146520911	149603250	1.000000	0.078490	0.054334	1.000000
NC_050070.1	149603261	150874959	0.893656	0.101280	0.078181	0.918795
NC_050070.1	150875252	153719962	0.941973	0.122838	0.074244	0.368624
NC_050070.1	153719969	155445740	0.999238	0.090759	0.073940	0.367699
NC_050070.1	155506594	156825474	-0.016377	-0.005981	-0.002789	-0.004934
NC_050070.1	156825532	158725736	0.775039	0.102725	0.072052	0.518865
NC_050070.1	158725738	161768651	-0.270750	-0.127717	-0.065718	-0.260231
NC_050070.1	161768858	164977634	0.274187	0.051199	0.032223	0.274187
NC_050070.1	164977660	168005434	-0.085591	-0.021153	-0.010064	-0.085591
NC_050070.1	168005435	169392220	0.415178	0.080104	0.050634	0.081219
NC_050070.1	169636765	172133443	0.989218	0.112493	0.091867	0.833180
NC_050070.1	172133446	172299185	0.563319	0.008964	0.006058	0.005777
NC_050070.1	172299186	176344356	0.988817	0.130259	0.060861	0.205915
NC_050070.1	176344621	179396689	0.052843	0.012506	0.006960	0.048688
NC_050070.1	179397961	181696015	0.006353	0.000599	0.000432	0.004719
NC_050070.1	181696023	184173312	0.672102	0.142157	0.104286	0.647996
NC_050070.1	184173317	188223823	-0.645231	-0.133003	-0.075534	-0.215287
NC_050070.1	188459941	191680032	0.925503	0.080455	0.054613	0.739134
NC_050070.1	192302513	194260217	0.994229	0.182226	0.103673	0.991829
NC_050070.1	194260250	199351820	0.895438	0.012443	0.009544	0.628609
NC_050070.1	199748166	200813675	-0.045917	-0.015635	-0.006192	-0.018509
NC_050070.1	201048112	201676254	-0.854869	-0.179800	-0.110052	-0.854869
NC_050070.1	201951847	203712128	-0.962642	-0.214542	-0.119571	-0.906252
NC_050070.1	204038248	205609855	-0.414623	-0.203385	-0.077034	-0.292868
NC_050070.1	206304462	207470410	1.000000	0.147060	0.099804	1.000000
NC_050070.1	207470511	209492388	-0.828660	-0.114776	-0.072761	-0.828660
NC_050070.1	209855510	210282100	-0.337135	-0.049428	-0.032963	-0.122811
NC_050070.1	210282109	211338605	1.000000	0.025234	0.021196	0.391767
NC_050071.1	982257	1689088	-0.002886	-0.001237	-0.000816	-0.003368
NC_050071.1	1689284	4661902	0.992379	0.107869	0.073876	0.992379
NC_050071.1	5294682	6909810	0.138508	0.018171	0.011179	-0.003658
NC_050071.1	6909907	7741592	-0.434851	-0.158549	-0.088645	-0.434496
NC_050071.1	7743865	9199624	0.164703	0.020143	0.011678	0.149469
NC_050071.1	9751586	11717217	0.998026	0.093481	0.072241	0.354902
NC_050071.1	11717407	12869800	1.000000	0.132466	0.103477	1.000000
NC_050071.1	13632782	15480212	0.005659	0.000908	0.000463	0.005659
NC_050071.1	15480434	18743789	-0.751901	-0.112182	-0.073434	-0.256896
NC_050071.1	19074310	21037122	-0.399554	-0.022413	-0.021059	-0.234243
NC_050071.1	21037387	23382434	-0.716430	-0.042378	-0.027517	-0.409102
NC_050071.1	23382489	25125768	-0.241298	-0.084034	-0.063736	-0.286473
NC_050071.1	25529177	30116110	-0.641208	-0.068818	-0.043605	-0.253731
NC_050071.1	30171598	35923778	1.000000	0.029202	0.021433	1.000000
NC_050071.1	36200764	38427869	0.373415	0.093669	0.052361	0.374724
NC_050071.1	38428224	40879603	0.038672	0.007804	0.005054	0.034130
NC_050071.1	41027046	45449457	0.999813	0.067516	0.050208	0.576580
NC_050071.1	45449649	46473563	0.999348	0.222200	0.194122	0.250125
NC_050071.1	47587325	47587699	0.590878	0.063138	0.039767	0.590878
NC_050071.1	47587700	49541707	-0.792694	-0.165202	-0.099989	-0.688138
NC_050071.1	49541888	53190624	0.983497	0.085183	0.061915	0.780285
NC_050071.1	53190648	57218950	0.271858	0.004682	0.003495	0.082237
NC_050071.1	57218959	57920682	0.223199	0.005913	0.005122	0.223199
NC_050071.1	57920855	60670167	0.270239	0.005689	0.003634	0.206280
NC_050071.1	60670170	60763064	0.412373	0.034400	0.021792	0.141571
NC_050071.1	61077341	64714493	-0.400084	-0.034671	-0.023907	-0.322642
NC_050071.1	64714679	65182280	0.060344	0.017556	0.010409	0.030628
NC_050071.1	66186124	68090402	0.762287	0.084886	0.059013	0.541962
NC_050071.1	68090453	68651643	0.459537	0.134898	0.101938	0.459537
NC_050071.1	68703113	71654993	-0.933208	-0.108036	-0.076640	-0.463449
NC_050071.1	72621763	77378535	0.672400	0.083163	0.050697	0.417142
NC_050071.1	77632363	82831426	0.982680	0.054119	0.040730	0.724052
NC_050071.1	82831678	83273556	0.960611	0.066161	0.054047	0.960611
NC_050071.1	84441923	86171973	0.092550	0.018965	0.012016	0.026164
NC_050071.1	86172038	90396095	-0.916991	-0.144503	-0.085544	-0.916991
NC_050071.1	90758176	92201645	-0.892653	-0.339977	-0.107855	-0.892653
NC_050071.1	92542999	93482392	0.952218	0.043582	0.034418	0.419746
NC_050071.1	93482475	95653688	0.014437	0.002722	0.001541	0.014437
NC_050071.1	96650956	97513711	0.398180	0.081893	0.046787	0.398180
NC_050071.1	97513951	99607790	0.939588	0.025559	0.021290	0.697870
NC_050071.1	99608127	103940562	0.969323	0.051183	0.032713	0.280610
NC_050071.1	103940706	108896657	0.312267	0.086516	0.037423	0.173773
NC_050071.1	109413960	112022576	0.011982	0.001417	0.001085	0.013723
NC_050071.1	112022595	114434965	0.092401	0.010003	0.008354	0.092401
NC_050071.1	114435245	114941328	-0.891689	-0.803111	-0.430826	-0.852781
NC_050071.1	114941340	115787102	-0.406525	-0.217895	-0.130563	-0.387833
NC_050071.1	115972595	118026754	-0.761596	-0.114643	-0.060488	-0.714701
NC_050071.1	118050545	118050861	-0.371693	-0.016161	-0.011148	-0.036536
NC_050071.1	118050873	119798740	0.967619	0.082366	0.073668	0.770673
NC_050071.1	120439935	123361158	0.157430	0.015159	0.009898	0.082533
NC_050071.1	123361324	127653445	-0.154894	-0.040484	-0.025263	-0.154749
NC_050071.1	129480797	131082548	-0.752487	-0.116557	-0.085347	-0.398886
NC_050071.1	132544423	133007590	-0.391449	-0.097218	-0.038458	-0.213621
NC_050071.1	133007603	134380076	0.689844	0.130851	0.068558	0.577061
NC_050071.1	134380262	135185992	-0.252754	-0.056414	-0.027911	-0.239033
NC_050071.1	135186000	136533862	0.519803	0.051917	0.036122	0.521036
NC_050071.1	137206127	138422335	-0.074835	-0.002907	-0.002467	-0.204071
NC_050071.1	138446678	140846663	-0.787583	-0.160357	-0.074526	-0.775101
NC_050071.1	140932513	142642046	-0.594976	-0.210762	-0.104013	-0.691849
NC_050071.1	142674788	143404773	0.417712	0.138580	0.065134	0.258376
NC_050072.1	6434430	7862330	0.213670	0.025517	0.015973	0.201004
NC_050072.1	7962773	11191412	0.440724	0.054543	0.034601	0.441325
NC_050072.1	11335773	12354991	0.001181	0.000043	0.000030	0.000703
NC_050072.1	12355035	15726368	0.128535	0.020465	0.016572	0.083096
NC_050072.1	15726632	19461778	0.912210	0.022673	0.013773	0.118315
NC_050072.1	19461810	22210387	-0.429981	-0.038484	-0.030656	-0.333809
NC_050072.1	22210449	23109143	0.909377	0.110883	0.068196	0.347095
NC_050072.1	23109186	25772642	-0.536585	-0.043080	-0.028155	-0.506369
NC_050072.1	26086319	28357776	0.436420	0.081608	0.054656	0.473968
NC_050072.1	28556235	34054666	0.979977	0.067058	0.048139	0.154472
NC_050072.1	34054971	36714197	0.049870	0.013577	0.009251	0.049870
NC_050072.1	37302747	40155329	0.193797	0.022854	0.015293	0.107392
NC_050072.1	40155576	43519291	0.852968	0.103178	0.082513	0.844540
NC_050072.1	43918067	45673004	-0.390476	-0.040892	-0.028090	-0.389597
NC_050072.1	45673005	51332037	0.014091	0.001892	0.001235	0.014091
NC_050072.1	51385245	53932014	1.000000	0.105963	0.092595	1.000000
NC_050072.1	53968015	58915168	-0.930126	-0.119225	-0.074505	-0.939969
NC_050072.1	59629533	62763068	0.990086	0.128641	0.084475	0.505377
NC_050072.1	62892884	66135821	-0.905662	-0.064297	-0.052812	-0.369173
NC_050072.1	67172201	69961821	-0.716354	-0.067855	-0.039323	-0.669695
NC_050072.1	69961887	73233535	-0.042654	-0.004762	-0.002980	-0.030976
NC_050072.1	73233574	76709373	0.745053	0.132160	0.077295	0.400181
NC_050072.1	76709390	81784052	-0.282293	-0.014259	-0.010539	-0.127611
NC_050072.1	82720485	86470079	-0.279220	-0.085489	-0.036629	-0.265673
NC_050072.1	87664571	90411182	-0.060387	-0.005537	-0.004003	-0.048558
NC_050072.1	90411218	97497944	-0.938525	-0.092226	-0.058495	-0.424016
NC_050072.1	98472104	100426033	-0.106891	-0.013272	-0.009159	-0.237395
NC_050072.1	100778805	104474532	0.170556	0.020362	0.016676	-0.131043
NC_050072.1	104474538	105013808	-0.874168	-0.172495	-0.096307	-0.105302
NC_050072.1	105437535	107065041	0.657795	0.301451	0.189355	0.657795
NC_050072.1	107065092	109200594	1.000000	0.150356	0.107104	0.927102
NC_050072.1	109200606	110808082	0.812730	0.023773	0.021749	0.179911
NC_050072.1	110865686	115382722	0.102257	0.010908	0.006086	0.051010
NC_050072.1	115382728	117501892	-0.736643	-0.160848	-0.093675	-0.646059
NC_050072.1	117546662	119245749	-0.901688	-0.184917	-0.116902	-0.706822
NC_050072.1	119513331	121092267	0.996300	0.004035	0.002993	0.033930
NC_050072.1	121092459	122410614	-0.936190	-0.183905	-0.097918	-0.837555
NC_050072.1	122410645	125903220	0.124559	0.020887	0.009823	0.113571
NC_050072.1	125903278	126829138	0.538333	0.108031	0.080265	0.310533
NC_050072.1	127121090	128323307	-0.646953	-0.020302	-0.015654	-0.646953
NC_050072.1	128375903	131684529	0.483310	0.106515	0.064008	0.442139
NC_050072.1	131684764	133417657	1.000000	0.186811	0.147967	1.000000
NC_050072.1	134148520	137289997	0.044302	0.010347	0.007031	0.035189
NC_050073.1	2515499	2753978	0.741274	0.533489	0.519286	0.580709
NC_050073.1	2753982	2754019	0.051194	0.259184	0.132110	0.022244
NC_050073.1	2754023	2754159	0.205034	0.073620	0.073567	0.096593
NC_050073.1	2754185	2754246	-0.309849	-0.485777	-0.138534	-0.187699
NC_050073.1	2754280	2754556	0.071968	0.048430	0.040947	0.032359
NC_050073.1	2754566	2820622	0.198025	0.137958	0.098477	0.108781
NC_050073.1	2838361	2891382	0.591905	0.284298	0.235496	0.274741
NC_050073.1	3133206	3379002	0.062744	0.006723	0.005074	0.053938
NC_050073.1	3379008	3379254	0.368608	0.400963	0.373593	0.115949
NC_050073.1	4749122	5895983	0.869762	0.073820	0.062373	0.869762
NC_050073.1	5997453	7599584	0.999605	0.259334	0.214189	0.457127
NC_050073.1	7753871	11020820	0.557416	0.064221	0.034324	0.385030
NC_050073.1	11021012	15393649	-0.746024	-0.082764	-0.049255	-0.690193
NC_050073.1	16158758	16705570	-0.680101	-0.039242	-0.026109	-0.680101
NC_050073.1	16705850	17293331	0.522339	0.275104	0.181669	0.402176
NC_050073.1	17293334	17865218	-0.243450	-0.014576	-0.009733	-0.116663
NC_050073.1	17917656	18504250	-0.285775	-0.200825	-0.098298	-0.266847
NC_050073.1	18554138	21380097	-0.439514	-0.099233	-0.065633	-0.388936
NC_050073.1	21380126	22492972	0.167413	0.026226	0.017391	0.166139
NC_050073.1	22816033	25232938	0.987399	0.149354	0.095303	0.987399
NC_050073.1	25233163	26797541	-0.520802	-0.075058	-0.063269	-0.475806
NC_050073.1	26797586	32166014	0.950108	0.141024	0.065989	0.965862
NC_050073.1	32166031	36471430	0.057832	0.007782	0.005477	0.055046
NC_050073.1	36968868	39732278	0.058331	0.011505	0.005964	-0.084762
NC_050073.1	41519732	41825887	0.997358	0.106865	0.088421	0.390530
NC_050073.1	41928635	44290590	0.496836	0.131386	0.078460	0.472531
NC_050073.1	44300114	44971348	0.913046	0.271749	0.180376	0.492964
NC_050073.1	45345972	50473961	-0.556720	-0.073745	-0.039309	-0.346693
NC_050073.1	50474218	52655081	0.981829	0.069936	0.052005	0.729135
NC_050073.1	52878812	52904473	-1.000000	-0.170416	-0.039035	-1.000000
NC_050073.1	52930394	53287709	-0.775915	-0.157061	-0.074141	-0.773937
NC_050073.1	53287719	55274116	-0.745694	-0.151441	-0.079476	-0.428692
NC_050073.1	55286053	58359500	0.688113	0.117382	0.076109	0.352214
NC_050073.1	59413007	63227819	-0.309630	-0.040448	-0.026321	-0.291947
NC_050073.1	63227820	63468489	-0.767565	-0.027143	-0.019128	-0.041620
NC_050073.1	64209608	65195382	0.113241	0.020320	0.012505	-0.210026
NC_050073.1	65195475	68657027	0.981894	0.068402	0.043207	0.264070
NC_050073.1	68991127	70073891	-0.424153	-0.194528	-0.093293	-0.527392
NC_050073.1	70073958	76266272	0.999617	0.080807	0.057235	0.507527
NC_050073.1	76266280	78164096	-0.771113	-0.095047	-0.067252	-0.608560
NC_050073.1	78731755	83857546	-0.818643	-0.081284	-0.043212	-0.745356
NC_050073.1	84138811	85828258	0.814242	0.077015	0.063090	0.240112
NC_050073.1	85828512	86610742	0.071695	0.016152	0.010502	0.065668
NC_050073.1	87315975	87915145	-0.244578	-0.049939	-0.028918	-0.090738
NC_050073.1	88165794	89419527	0.099512	0.019485	0.010594	0.054229
NC_050073.1	89625401	93365647	-0.733462	-0.043475	-0.027674	-0.716729
NC_050073.1	93365694	97656786	-0.702311	-0.076539	-0.051966	-0.360553
NC_050073.1	97769399	101430839	-0.391647	-0.137316	-0.071378	-0.359697
NC_050073.1	101789378	105172087	0.095652	0.009630	0.007214	0.050139
NC_050073.1	105414955	110721454	-0.830504	-0.138126	-0.073421	-0.763863
NC_050073.1	111281539	112454496	-0.304824	-0.160700	-0.095535	-0.183409
NC_050073.1	112454506	112454603	-1.000000	5.046565	-0.107236	-0.689720
NC_050073.1	112454792	116300256	0.303142	0.062905	0.038652	0.303142
NC_050073.1	116300274	118466332	0.964667	0.080559	0.049254	0.336816
NC_050073.1	118466341	120984408	-0.233693	-0.042941	-0.029215	-0.233655
NC_050073.1	121020119	121902468	-0.017322	-0.002508	-0.001523	-0.008893
NC_050073.1	122734002	125844164	0.427587	0.036963	0.022685	0.422582
NC_050073.1	127080676	128647996	0.884971	0.098310	0.079614	0.653575
NC_050073.1	128648230	129504124	0.030024	0.017217	0.009063	0.030024
NC_050074.1	458443	3245022	-0.771159	-0.055736	-0.045451	-0.383874
NC_050074.1	5198838	9010841	0.356786	0.055450	0.036737	0.339827
NC_050074.1	9011072	9599767	-0.803232	-0.157755	-0.076083	-0.838667
NC_050074.1	9600086	12758158	0.705900	0.022179	0.014173	0.297014
NC_050074.1	12758159	14330270	-0.962486	-0.867780	-0.263485	-0.309338
NC_050074.1	14630540	16246590	0.009892	0.000420	0.000246	0.004892
NC_050074.1	16254869	19715358	0.975588	0.049601	0.028645	0.975588
NC_050074.1	19715371	21170324	0.918387	0.046046	0.033103	0.108199
NC_050074.1	21239276	22618829	0.094310	0.011375	0.008011	0.088633
NC_050074.1	22820567	23729537	0.943689	0.045678	0.037457	0.143399
NC_050074.1	24229617	24582017	-0.158088	-0.003556	-0.002308	-0.004580
NC_050074.1	24582034	28338663	-0.090898	-0.006017	-0.004147	-0.085551
NC_050074.1	28338683	31732349	-0.073914	-0.009368	-0.005467	-0.073257
NC_050074.1	31732370	34133537	0.068105	0.011975	0.008158	0.063242
NC_050074.1	34367188	37104641	-0.123503	-0.034981	-0.027328	-0.114817
NC_050074.1	37104847	39925526	-0.101801	-0.004137	-0.002781	-0.171935
NC_050074.1	39925772	40259384	0.751467	0.013821	0.010333	0.060414
NC_050074.1	40259403	42789344	0.535571	0.014516	0.012330	0.219395
NC_050074.1	43696812	45148465	-0.132662	-0.033221	-0.018318	-0.301166
NC_050074.1	45252060	46691938	0.666583	0.017045	0.014211	0.666583
NC_050074.1	46692214	49501034	-0.385999	-0.154465	-0.110860	-0.385999
NC_050074.1	50760486	54474782	-0.642109	-0.036956	-0.021033	-0.748871
NC_050074.1	54634145	56383822	0.941120	0.020196	0.012398	0.024966
NC_050074.1	56642575	58293261	-0.831594	-0.174676	-0.105759	-0.782119
NC_050074.1	58293555	59999550	-0.898266	-0.179240	-0.106040	-0.707101
NC_050074.1	60544571	63925788	0.929393	0.052305	0.038511	0.629847
NC_050074.1	64519989	67792086	-0.148307	-0.022467	-0.014191	-0.225602
NC_050074.1	68821445	72221493	-0.145329	-0.011318	-0.006484	-0.130338
NC_050074.1	72747525	77738421	0.986427	0.070106	0.040468	0.776371
NC_050074.1	78292847	82657716	0.988219	0.014172	0.009224	0.109927
NC_050074.1	82813961	84550405	-0.023514	-0.005145	-0.003925	-0.012258
NC_050074.1	85198766	87770246	0.781358	0.032804	0.027248	0.825573
NC_050074.1	88461330	89889369	-0.849427	-0.133709	-0.074716	-0.612795
NC_050074.1	90418448	94521304	0.982534	0.088995	0.061397	0.982534
NC_050074.1	94521312	98290139	0.017574	0.002124	0.001479	0.005999
NC_050074.1	98290154	99148146	-0.759782	-0.110895	-0.073209	-0.219456
NC_050074.1	99148148	101587692	0.344863	0.014616	0.011948	0.036065
NC_050074.1	101587862	103075334	-0.755057	-0.086164	-0.049965	-0.755057
NC_050074.1	103119622	107410339	0.297957	0.017147	0.011621	-0.029746
NC_050074.1	109008738	109830646	0.104572	0.017760	0.012495	0.097420
NC_050074.1	110057413	110141979	-0.884448	-0.164435	-0.116104	-0.692037
NC_050074.1	110142177	115097941	0.162734	0.026815	0.018510	0.164115
NC_050074.1	115098211	115936152	-0.350753	-0.119910	-0.068989	-0.350753
NC_050074.1	116002055	117843615	-0.894840	-0.118281	-0.047210	-0.805673
NC_050074.1	117843620	120244517	-0.094029	-0.008779	-0.004898	-0.303135
NC_050074.1	120670851	121360409	-0.944046	-0.242929	-0.149338	-0.941425
NC_050074.1	121360464	122603035	-0.261767	-0.003108	-0.001913	-0.261767
NC_050075.1	1923354	3117972	-0.542292	-0.051245	-0.030739	-0.538491
NC_050075.1	3118001	3923970	-0.155189	-0.002873	-0.001972	-0.006288
NC_050075.1	4015483	5001551	-0.617408	-0.007918	-0.005166	-0.617408
NC_050075.1	5004926	5771018	-0.304174	-0.098967	-0.051535	-0.180133
NC_050075.1	6117269	7202191	0.486568	0.050567	0.036708	0.475283
NC_050075.1	7202200	8115999	0.751318	0.025684	0.021089	0.207494
NC_050075.1	8116041	9424354	0.533157	0.121043	0.108176	0.533157
NC_050075.1	9424377	10587974	0.992746	0.329821	0.259107	0.930211
NC_050075.1	10588007	11028929	0.999697	0.157224	0.145580	0.688234
NC_050075.1	11028993	11915476	-0.511211	-0.069477	-0.049346	-0.304235
NC_050075.1	12132979	17266872	0.966014	0.061781	0.039143	0.191166
NC_050075.1	17404216	18071247	0.139208	0.022129	0.015374	0.083936
NC_050075.1	18133828	20112229	0.987703	0.080621	0.061125	0.265174
NC_050075.1	20195214	21556438	0.977691	0.053402	0.036446	0.703167
NC_050075.1	22444149	25188181	-0.129893	-0.005197	-0.003135	-0.088721
NC_050075.1	25479612	30562376	-0.706877	-0.032201	-0.020512	-0.256811
NC_050075.1	30562388	34068541	0.727400	0.094311	0.061866	0.727400
NC_050075.1	34476288	36635953	0.224578	0.014852	0.010233	-0.032944
NC_050075.1	36677475	38962391	0.217289	0.022260	0.014493	0.104242
NC_050075.1	39118116	41578023	1.000000	0.134332	0.074401	0.519665
NC_050075.1	41578239	44928065	0.057146	0.008527	0.005448	0.028832
NC_050075.1	44928295	47783407	0.734960	0.072178	0.052509	0.538051
NC_050075.1	47783411	50302621	0.846478	0.124337	0.083905	0.443649
NC_050075.1	50302902	52295360	-0.754035	-0.058442	-0.038186	-0.186905
NC_050075.1	52351240	54502225	0.147839	0.015013	0.009679	0.117280
NC_050075.1	54813560	56472830	-0.496038	-0.089669	-0.051897	-0.440096
NC_050075.1	56472886	59643202	0.738071	0.007806	0.004672	0.203660
NC_050075.1	59688429	60821069	0.983596	0.144054	0.086835	0.908548
NC_050075.1	63064413	66725971	-0.818775	-0.112975	-0.059712	-0.870118
NC_050075.1	66790801	68795642	0.847086	0.062434	0.052269	0.847086
NC_050075.1	68795963	73046320	-0.059495	-0.006064	-0.004397	-0.054035
NC_050075.1	74902211	77648865	0.108117	0.016343	0.009518	-0.154446
NC_050075.1	77955990	80659292	-0.650131	-0.068602	-0.044284	-0.227564
NC_050075.1	80659534	85194294	0.284586	0.039696	0.030989	-0.018061
NC_050075.1	85194493	88211383	-0.726852	-0.060032	-0.035286	-0.225055
NC_050075.1	90346197	90986453	-0.495875	-0.032563	-0.021842	-0.542476
NC_050075.1	90986454	90986818	-0.837429	-0.290290	-0.175918	-0.837007
NC_050075.1	91621633	92389910	0.077867	0.009944	0.004299	0.027169
NC_050075.1	92389911	92389922	-0.321322	-0.054298	-0.048871	-0.154657
NC_050075.1	92389924	92389949	0.999075	0.051837	0.051837	0.772893
NC_050075.1	92389950	95176565	-0.491762	-0.060235	-0.036030	-0.166251
NC_050075.1	95332346	97566026	0.487336	0.073421	0.048479	0.191691
NC_050075.1	99528875	101691096	0.984066	0.011088	0.007265	0.074595
NC_050075.1	102168963	104597658	-0.802024	-0.216193	-0.131712	-0.801843
NC_050075.1	104597718	105872448	-0.336085	-0.015733	-0.011587	-0.336085
NC_050075.1	105872449	106932422	0.994181	0.118498	0.100178	0.925395
NC_050076.1	1273482	3123731	0.960812	0.059057	0.032463	0.372011
NC_050076.1	3369997	4712473	-0.647408	-0.083563	-0.042134	-0.344444
NC_050076.1	4732368	4950917	-0.507986	-0.291110	-0.163971	-0.554830
NC_050076.1	5264903	6179922	0.667222	0.140067	0.102434	0.395387
NC_050076.1	7313454	7634295	-0.887115	-0.312308	-0.146661	-0.863977
NC_050076.1	7634558	8687264	-0.646562	-0.161421	-0.099037	-0.715948
NC_050076.1	8687265	13573385	-0.287757	-0.013083	-0.008893	-0.554864
NC_050076.1	13573387	17938616	-0.109368	-0.010836	-0.007540	-0.424105
NC_050076.1	18066028	21638278	0.116745	0.017932	0.008926	0.109450
NC_050076.1	21795785	24353424	-0.418696	-0.133270	-0.083876	-0.589228
NC_050076.1	24353597	26603593	-0.692089	-0.109127	-0.071575	-0.691929
NC_050076.1	26603603	30430767	-0.807816	-0.053285	-0.034032	-0.807816
NC_050076.1	30581904	32568519	-0.850861	-0.098855	-0.054098	-0.285286
NC_050076.1	32839643	34923617	0.975093	0.131083	0.104609	0.773736
NC_050076.1	34923620	37951446	0.997182	0.084954	0.061440	0.907085
NC_050076.1	38738815	41870907	-0.657993	-0.036057	-0.025342	-0.253798
NC_050076.1	41871202	45877740	0.161699	0.037330	0.022361	-0.007133
NC_050076.1	46195927	46919553	0.154056	0.006941	0.005240	0.154056
NC_050076.1	46919640	49891986	0.917396	0.039242	0.026934	0.135720
NC_050076.1	50189162	51302784	0.440235	0.153455	0.091069	0.429687
NC_050076.1	52322674	53615831	0.780522	0.170832	0.085624	0.749165
NC_050076.1	53872487	55037302	0.982303	0.195723	0.129213	0.746724
NC_050076.1	55211510	56687740	0.605437	0.009784	0.006793	0.051912
NC_050076.1	56687748	57425879	0.320248	0.004787	0.003511	0.320248
NC_050076.1	57426093	59122936	-0.286904	-0.025512	-0.017635	-0.277283
NC_050076.1	61287984	63636214	-0.886687	-0.063876	-0.043563	-0.419105
NC_050076.1	63636220	66150908	0.998711	0.017891	0.010366	0.135367
NC_050076.1	67006280	72822604	0.096156	0.009576	0.005940	-0.226237
NC_050076.1	72822605	76204320	0.804889	0.240354	0.166314	0.626901
NC_050076.1	77130617	79474298	0.696905	0.010247	0.007205	0.632212
NC_050076.1	79474362	81357122	1.000000	0.020946	0.013250	1.000000
NC_050076.1	82884661	85228165	-0.501939	-0.022026	-0.016339	-0.368308
NC_050076.1	85299319	86989963	0.009477	0.001436	0.001198	0.004512
NC_050076.1	87257460	89560898	0.269402	0.035023	0.025388	0.199585
NC_050076.1	89750233	93285887	-0.035545	-0.005438	-0.003887	-0.174671
NC_050076.1	93337381	95318409	0.349419	0.095692	0.063476	0.018206
NC_050076.1	95409070	98479073	-0.397180	-0.083946	-0.049127	-0.339866
NC_050076.1	98863878	102756813	-0.396429	-0.086335	-0.058221	-0.396429
NC_050076.1	102756839	102895561	0.250620	0.011758	0.009016	-0.013549
NC_050076.1	102895574	104067612	0.991105	0.164948	0.109723	0.991105
NC_050077.1	822782	832981	0.928886	0.159205	0.137792	0.928886
NC_050077.1	832982	1404924	-0.976133	-0.382009	-0.169457	-0.976133
NC_050077.1	1417190	2749938	0.232012	0.036535	0.020873	0.239234
NC_050077.1	3090913	4034420	-0.522153	-0.121492	-0.066081	-0.495634
NC_050077.1	4100372	5571014	0.242028	0.006201	0.003966	0.193707
NC_050077.1	5617954	7091044	0.999377	0.220744	0.183861	0.958764
NC_050077.1	7091213	10365728	-0.091700	-0.023014	-0.011195	-0.181219
NC_050077.1	11453777	12131299	-0.198861	-0.019127	-0.015544	-0.129647
NC_050077.1	12131310	12913485	0.958764	0.082880	0.042696	0.730106
NC_050077.1	12981767	17476774	-0.113733	-0.012425	-0.007154	-0.226513
NC_050077.1	17518059	20020587	-0.117013	-0.013809	-0.008861	-0.085916
NC_050077.1	20020642	22681222	0.001845	0.000083	0.000060	-0.166172
NC_050077.1	24868581	25057367	0.218496	0.004300	0.002948	0.106454
NC_050077.1	25057378	26577222	-0.595044	-0.126365	-0.071435	-0.645437
NC_050077.1	27885559	30700232	0.092627	0.007373	0.004493	0.049954
NC_050077.1	30700296	34061060	0.067386	0.003255	0.002766	-0.192850
NC_050077.1	34409415	35905415	1.000000	0.076102	0.054157	0.892170
NC_050077.1	35905464	36021686	0.891339	0.316024	0.212660	0.775172
NC_050077.1	36021709	39992924	0.109986	0.026727	0.018978	-0.027385
NC_050077.1	41347621	42078198	-0.490947	-0.058333	-0.037893	-0.603660
NC_050077.1	42078492	43587189	-0.738044	-0.098165	-0.071696	-0.738044
NC_050077.1	43587352	43921562	1.000000	0.299293	0.206275	0.757067
NC_050077.1	43921566	44709432	-0.898306	-0.071547	-0.052047	-0.153910
NC_050077.1	44709459	47157544	0.839126	0.007107	0.004744	0.045007
NC_050077.1	47157751	50944266	0.084045	0.005487	0.003849	0.051328
NC_050077.1	50948686	53697335	-0.339083	-0.094010	-0.057050	-0.318970
NC_050077.1	55268547	58832829	0.940802	0.034175	0.021752	0.786755
NC_050077.1	59042689	64749197	0.215894	0.017741	0.013647	0.106327
NC_050077.1	64749427	67324001	-0.498525	-0.051779	-0.029747	-0.371891
NC_050077.1	67324014	69656541	0.980392	0.067973	0.049557	0.856443
NC_050077.1	69656543	70900010	-0.156862	-0.005485	-0.003530	-0.450500
NC_050077.1	71472367	73041797	1.000000	0.061935	0.038517	0.733468
NC_050077.1	73041804	73759240	-0.592627	-0.090229	-0.046130	-0.531723
NC_050077.1	74397533	74841288	0.077475	0.002015	0.001604	0.066865
NC_050077.1	75028440	75903103	-0.645331	-0.071965	-0.049083	-0.645331
NC_050077.1	75903127	78149092	-0.484448	-0.092710	-0.057712	-0.440915
NC_050077.1	78149109	79249254	0.414064	0.158817	0.084498	0.296503
NC_050077.1	79617287	81777606	0.982487	0.149155	0.106889	0.917928
NC_050077.1	82099688	83829623	-0.852968	-0.283778	-0.179191	-0.902720
NC_050077.1	83921410	86005508	1.000000	0.139894	0.110307	1.000000
NC_050078.2	401453	3616773	0.355644	0.057238	0.033344	0.224329
NC_050078.2	3814875	3916204	0.572769	0.118693	0.051481	0.572769
NC_050078.2	4153110	6138532	-0.777427	-0.085169	-0.043423	-0.581035
NC_050078.2	6138580	7978349	-0.906425	-0.065977	-0.036732	-0.906425
NC_050078.2	7978565	10944842	-0.425775	-0.030272	-0.019887	-0.425775
NC_050078.2	11228181	11629021	0.721323	0.018325	0.009634	0.412927
NC_050078.2	11637149	14155641	0.976975	0.046648	0.035214	0.356867
NC_050078.2	14155661	17057556	-0.888940	-0.182839	-0.096963	-0.866466
NC_050078.2	17057625	21016700	0.046005	0.014782	0.008833	-0.023977
NC_050078.2	21904190	25738280	-0.869272	-0.186686	-0.093050	-0.888582
NC_050078.2	25738317	28547405	0.987115	0.129920	0.095734	0.448516
NC_050078.2	28547431	32871624	0.999468	0.086676	0.040260	0.340156
NC_050078.2	33136097	36855785	-0.386161	-0.084792	-0.052163	-0.593397
NC_050078.2	37698730	38634523	0.957471	0.270848	0.169878	0.957471
NC_050078.2	39541125	45863444	-0.729340	-0.047724	-0.024596	-0.262187
NC_050078.2	46124662	49227713	0.212704	0.013576	0.010486	-0.001672
NC_050078.2	49227941	49758708	0.947148	0.146158	0.127297	0.490915
NC_050078.2	49758735	52449681	1.000000	0.304524	0.267283	0.654917
NC_050078.2	52449970	54059119	0.192711	0.049984	0.035766	0.091353
NC_050078.2	54059122	56212802	-0.780607	-0.078108	-0.065400	-0.434902
NC_050078.2	56371059	57557689	0.999968	0.336313	0.279321	0.721269
NC_050078.2	57557699	60420327	-0.145848	-0.015682	-0.009108	-0.057905
NC_050078.2	60420373	64354506	-0.069330	-0.010373	-0.006437	0.058360
NC_050078.2	64354532	66621047	1.000000	0.083111	0.054765	0.757520
NC_050078.2	66621050	66621321	0.979462	0.352258	0.283709	0.952202
NC_050078.2	66621322	68842063	1.000000	0.031933	0.023894	0.518390
NC_050078.2	68842079	70398396	-0.718080	-0.048424	-0.030541	-0.491696
NC_050078.2	70490714	73259431	0.979515	0.188816	0.139238	0.979515
NC_050078.2	73259452	75518783	0.513897	0.194842	0.151878	0.342372
NC_050078.2	75518784	77538903	0.632643	0.213846	0.131053	0.545057
NC_050078.2	77539731	79756012	-0.147366	-0.023707	-0.019025	-0.085487
NC_050079.1	942317	2104587	-0.182229	-0.060421	-0.027960	-0.098009
NC_050079.1	2104729	2580145	-0.051126	-0.016961	-0.011993	-0.032347
NC_050079.1	2580146	2580387	-0.137678	-2.676334	-0.504274	-0.074081
NC_050079.1	3218535	6089111	-0.559301	-0.055010	-0.028936	-0.335974
NC_050079.1	6089211	9497489	-0.349775	-0.036162	-0.023438	-0.216262
NC_050079.1	9748288	11941719	-0.094330	-0.019833	-0.013693	-0.077768
NC_050079.1	12218412	16044762	-0.053479	-0.009271	-0.004957	0.027421
NC_050079.1	16045029	17826992	-0.759155	-0.135241	-0.075762	-0.381802
NC_050079.1	18124152	21220516	0.384308	0.058050	0.030564	0.027685
NC_050079.1	21220579	25995696	-0.407505	-0.028102	-0.018774	-0.584726
NC_050079.1	25995762	28357739	-0.406446	-0.120334	-0.060685	-0.260141
NC_050079.1	28357747	28357969	-1.000000	-0.112180	-0.099853	-0.792299
NC_050079.1	28358002	31880537	-0.191905	-0.030563	-0.020938	-0.316198
NC_050079.1	31880863	34915421	0.454734	0.052505	0.031429	0.385576
NC_050079.1	34915628	36852118	-0.746060	-0.081114	-0.054520	-0.806135
NC_050079.1	36852189	38316386	0.962208	0.096154	0.067276	0.800948
NC_050079.1	38316398	39112950	0.968790	0.213478	0.132270	0.658064
NC_050079.1	39169750	42357251	-0.250334	-0.025704	-0.017660	-0.235073
NC_050080.1	1368893	4088094	-0.283854	-0.040132	-0.024621	-0.269734
NC_050080.1	4408284	5485653	0.917401	0.128257	0.097544	0.855566
NC_050080.1	5485792	7127845	0.140573	0.012661	0.008231	-0.176528
NC_050080.1	7127847	8604666	0.852766	0.063605	0.056272	0.629146
NC_050080.1	8661737	10366423	-0.567121	-0.039601	-0.032664	-0.391577
NC_050080.1	11560729	13463554	-0.399444	-0.018755	-0.012203	-0.374046
NC_050080.1	13675910	15322655	1.000000	0.078782	0.064762	0.887860
NC_050080.1	15329307	17074517	0.930285	0.047265	0.034146	0.930285
NC_050080.1	17106588	20789483	-0.171398	-0.020579	-0.011608	-0.142254
NC_050080.1	20945956	22335033	0.406102	0.037509	0.017383	0.047087
NC_050080.1	22335098	26557032	-0.499660	-0.138782	-0.073893	-0.499660
NC_050080.1	26816940	29134103	0.350274	0.052138	0.030173	0.182228
NC_050080.1	29168669	31538269	-0.108300	-0.015088	-0.010889	-0.051303
NC_050080.1	31538286	33032585	0.101616	0.018981	0.012805	0.150593
NC_050080.1	33176984	36733183	0.368888	0.052450	0.035116	0.368888
NC_050080.1	36733375	40039892	-0.887433	-0.097820	-0.072426	-0.363674
NC_050081.1	1751322	2916210	-0.850063	-0.082991	-0.056595	-0.347359
NC_050081.1	2972077	4380608	0.188841	0.044492	0.029368	0.041281
NC_050081.1	4380611	7064814	0.932456	0.051644	0.035431	0.932456
NC_050081.1	7663870	11403387	-0.776419	-0.148408	-0.100067	-0.750288
NC_050081.1	11561994	13523180	-0.781908	-0.082443	-0.051912	-0.824940
NC_050081.1	13800292	14189500	-0.869913	-0.357529	-0.184739	-0.818846
NC_050081.1	14344178	17468552	-0.151911	-0.041749	-0.022287	-0.157813
NC_050081.1	17468566	18107788	0.297200	0.082848	0.051651	-0.040107
NC_050081.1	19029728	22039879	0.997501	0.070455	0.036501	0.227678
NC_050081.1	22039883	24022671	-0.524391	-0.028386	-0.012830	-0.364877
NC_050081.1	24022678	24891369	0.056998	0.013159	0.008095	0.056998
NC_050081.1	24891485	25017305	-0.300345	-0.204762	-0.085260	-0.184467
NC_050081.1	25101746	25816409	0.306223	0.101591	0.062671	0.334636
NC_050081.1	26413147	28337979	-0.739805	-0.071639	-0.047957	-0.649702
NC_050081.1	29377949	32133615	0.365782	0.035634	0.026096	0.305978
NC_050081.1	32133716	32245582	0.633820	0.521773	0.337332	0.435350
NC_050081.1	32245593	32245946	0.275698	0.251500	0.151308	0.054886
NC_050081.1	32245978	32439466	-0.548990	-0.596572	-0.246554	-0.345866
NC_050081.1	32439787	33490295	-0.381277	-0.405918	-0.215706	-0.268577
NC_050081.1	33490299	33704235	0.710947	0.425152	0.305058	0.522080
NC_050081.1	33968842	34363087	0.083011	0.008252	0.004899	0.022218
NC_050081.1	34363151	34363407	0.151612	0.096486	0.082855	0.067041
NC_050081.1	34363410	35492575	-0.854579	-0.330102	-0.190458	-0.536178
NC_050081.1	35842945	36005629	0.981255	0.508364	0.250571	0.942916
NC_050081.1	36005632	36005648	1.000000	0.107713	0.107713	1.000000
NC_050081.1	36005651	36958187	0.148309	0.016890	0.010799	-0.177381
NC_050081.1	36958203	36958268	-0.226967	1.856591	-0.393724	-0.096455
NC_050081.1	36958275	36958316	-0.205542	-0.841840	-0.165697	-0.077372
NC_050081.1	36958435	36958524	-0.054151	-0.104718	-0.030727	-0.022288
NC_050081.1	36958536	37333867	-0.570184	-0.606234	-0.203971	-0.506539
NC_050081.1	37620157	37654835	0.031346	0.014609	0.008426	0.015865
NC_050081.1	37654838	39897461	-0.547713	-0.283027	-0.126685	-0.497632
NC_050082.1	2512981	5782469	-0.012945	-0.001201	-0.000830	-0.006658
NC_050082.1	6981702	8484100	0.099277	0.014425	0.010155	0.055390
NC_050082.1	8484116	10426610	0.073601	0.022699	0.014643	0.067877
NC_050082.1	10570374	13575926	-0.205746	-0.037494	-0.019241	-0.258160
NC_050082.1	13576213	14691731	0.529504	0.014438	0.010917	0.306825
NC_050082.1	14691732	15604428	0.292274	0.139152	0.059181	0.287430
NC_050082.1	15604511	17412928	-0.984369	-0.508166	-0.218266	-0.984166
NC_050082.1	17632737	18988637	-0.002425	-0.000260	-0.000198	0.002633
NC_050082.1	18988797	21985420	0.143149	0.018032	0.013453	0.010108
NC_050082.1	21985421	23627464	-0.058581	-0.018422	-0.009493	-0.042644
NC_050082.1	23864988	24904006	0.997505	0.064885	0.045100	0.482931
NC_050082.1	25288932	26425183	1.000000	0.049609	0.033161	0.570243
NC_050082.1	26505722	28162375	-0.859367	-0.326317	-0.166704	-0.859367
NC_050082.1	28314101	28493378	-0.177020	-0.023156	-0.010754	-0.080099
NC_050082.1	28515014	29707657	-0.041395	-0.007826	-0.005992	-0.178376
NC_050082.1	29707662	31288377	0.123579	0.024021	0.015204	-0.062368
NC_050082.1	31654488	32550327	0.097906	0.009495	0.006846	0.037980
NC_050083.1	1089335	2791165	-0.547950	-0.084495	-0.062433	-0.640657
NC_050083.1	3319104	4134296	-0.837213	-0.220877	-0.122752	-0.806125
NC_050083.1	4156565	5114868	-0.370782	-0.169322	-0.099419	-0.370381
NC_050083.1	5114932	6318801	0.110171	0.030951	0.021019	0.109819
NC_050083.1	6380199	7704830	-0.060155	-0.008143	-0.005686	-0.121161
NC_050083.1	7723900	9457642	0.963286	0.062122	0.044258	0.876731
NC_050083.1	9457665	10452191	0.052356	0.008772	0.006678	0.027388
NC_050083.1	10452550	12222206	0.400171	0.051238	0.033601	0.338684
NC_050083.1	12344156	13668987	0.850997	0.246483	0.113200	0.850997
NC_050083.1	13900535	14079512	0.007876	0.002275	0.001723	0.007773
NC_050083.1	14079667	14783853	-0.937099	-0.177207	-0.127484	-0.937099
NC_050083.1	14805788	17028585	-0.910939	-0.210157	-0.113932	-0.943451
NC_050083.1	17228905	18009956	-0.149504	-0.049948	-0.032553	-0.139247
NC_050083.1	18010143	18658736	0.804215	0.116082	0.084681	0.752390
NC_050083.1	18970409	19085401	-0.968624	-0.239288	-0.109407	-0.349690
NC_050083.1	19183730	21462013	-0.821048	-0.076153	-0.037641	-0.209897
NC_050083.1	22002467	24090751	-0.928321	-0.144022	-0.079329	-0.494044
NC_050083.1	24090758	25538396	0.982749	0.223988	0.139418	0.213217
NC_050083.1	25538424	26307530	-0.430349	-0.045362	-0.034088	-0.585613
NC_050084.1	1327129	1969419	1.000000	0.078917	0.049937	1.000000
NC_050084.1	1969585	3848419	0.492989	0.073167	0.048265	0.187862
NC_050084.1	3848693	4668844	-0.329572	-0.055881	-0.031284	-0.369732
NC_050084.1	4669082	7027317	-0.804815	-0.170413	-0.106782	-0.730501
NC_050084.1	7040982	9812586	-0.899355	-0.129190	-0.080952	-0.944869
NC_050084.1	10028062	12042552	0.388890	0.022011	0.012688	0.078081
NC_050084.1	12185969	14134592	-0.171617	-0.015538	-0.010633	-0.352265
NC_050084.1	14134872	16219280	-0.407782	-0.101142	-0.059983	-0.407572
NC_050084.1	16219440	17351234	-0.738767	-0.066317	-0.043347	-0.660346
NC_050084.1	17351475	19720506	0.124825	0.031901	0.019232	-0.174904
NC_050084.1	19792509	20327754	0.990701	0.163205	0.123872	0.509130
NC_050084.1	20349658	22752426	0.990427	0.206614	0.126232	0.684921
NC_050085.1	380666	1480998	0.698279	0.015179	0.010535	0.622284
NC_050085.1	1837819	2849974	-0.228093	-0.046884	-0.030999	-0.186838
NC_050085.1	2850177	5745024	-0.009404	-0.001373	-0.001152	-0.007362
NC_050085.1	5745105	8354697	-0.807137	-0.086706	-0.056160	-0.807137
NC_050085.1	8386397	8920560	-0.809843	-0.143570	-0.110125	-0.871104
NC_050085.1	8920605	10127352	-0.852552	-0.223350	-0.144936	-0.868216
NC_050085.1	10186654	12262355	-0.902675	-0.079593	-0.050409	-0.814958
NC_050085.1	12262448	14312537	0.954448	0.096657	0.060755	0.389780
NC_050085.1	14678264	15553023	0.460650	0.107821	0.095070	0.402142
NC_050085.1	15611597	15817659	0.934287	0.008599	0.005800	0.005662
NC_050085.1	15817660	16454696	-0.149167	-0.033422	-0.018643	-0.147659
NC_050085.1	16571263	18051926	-0.214511	-0.015567	-0.007427	-0.051549
NC_050085.1	19425295	21261980	-0.811602	-0.058460	-0.043444	-0.775741
NC_050085.1	21403304	22509463	-0.762596	-0.166233	-0.075432	-0.465319
NC_050086.2	608899	2615520	-0.058469	-0.006495	-0.003978	-0.191007
NC_050086.2	2615830	4023340	0.999055	0.105912	0.072559	0.369394
NC_050086.2	4023611	4737370	-0.064691	-0.009791	-0.006571	-0.064691
NC_050086.2	4737632	5833881	-0.787571	-0.113891	-0.064471	-0.796466
NC_050086.2	5834230	6484874	0.340015	0.121312	0.086716	0.329207
NC_050086.2	6484935	7683363	-0.620520	-0.063203	-0.044088	-0.619946
NC_050086.2	8100085	8501785	-0.203226	-0.101011	-0.058465	-0.113390
NC_050086.2	8501786	8807389	-0.206255	-0.097585	-0.044981	-0.069674
NC_050086.2	8859308	10395059	-0.667184	-0.085748	-0.054831	-0.666750
NC_050086.2	10395076	11218979	0.825363	0.012213	0.007460	0.048221
NC_050086.2	11218989	11285374	0.911960	0.541731	0.337535	0.911960
NC_050086.2	11285383	12867771	-0.153575	-0.051009	-0.035705	-0.075541
NC_050086.2	13114609	13510535	0.906594	0.034659	0.023812	0.099171
NC_050086.2	13510536	13510554	1.000000	0.192174	0.192174	1.000000
NC_050086.2	13510575	14054487	0.896600	0.021845	0.016733	0.896600
NC_050086.2	14054721	19674583	-0.168022	-0.034192	-0.018178	-0.175888
NC_050087.2	2275047	4050218	0.456875	0.210302	0.116731	0.425195
NC_050087.2	4050263	5479715	1.000000	0.010175	0.007491	1.000000
NC_050087.2	5714291	6979992	-0.023881	-0.003584	-0.001716	0.091498
NC_050087.2	6980007	8278582	0.945940	0.075566	0.044077	0.316258
NC_050087.2	8278606	8343520	0.391124	0.077996	0.062147	0.241819
NC_050087.2	8343528	8972455	0.134969	0.044249	0.027776	0.068500
NC_050087.2	8972460	9434360	-0.042821	-0.013778	-0.008612	-0.027399
NC_050087.2	9434444	9908775	0.606377	0.203932	0.184710	0.261230
NC_050087.2	10122081	10966786	0.128918	0.095429	0.041727	0.114552
NC_050087.2	10966794	12136196	1.000000	0.039131	0.032905	0.632631
NC_050087.2	12136295	17141141	0.903192	0.108953	0.068342	0.435043
NC_050087.2	17141177	18708215	0.174332	0.088420	0.061670	0.105474
NC_050087.2	18708267	18708490	0.514688	0.019759	0.019556	0.002854
NC_050087.2	18708491	18708506	0.536308	0.030369	0.030369	0.003962
NC_050087.2	18708507	18708517	0.530864	0.030500	0.030500	0.003926
NC_050087.2	18708521	18708536	0.548519	0.030617	0.030574	0.004342
NC_050088.1	3590324	5794280	-0.682437	-0.016138	-0.010294	-0.741698
NC_050088.1	6250987	8174515	0.025201	0.003147	0.001777	0.025201
NC_050088.1	8258711	8851230	-0.889680	-0.148073	-0.075564	-0.331857
NC_050088.1	8937863	11137033	1.000000	0.149520	0.104558	1.000000
NC_050088.1	11137164	12056584	0.073546	0.011647	0.007362	0.073546
NC_050088.1	12056621	12276786	-0.963585	-0.525241	-0.336943	-0.360858
NC_050088.1	12342154	13003275	0.826179	0.186929	0.133956	0.620868
NC_050088.1	13077395	13777995	1.000000	0.074413	0.055835	1.000000
NC_050088.1	13778036	15815417	-0.440392	-0.044997	-0.030397	-0.435028
NC_050089.1	2410592	3419797	-0.481237	-0.078038	-0.053023	-0.384312
NC_050089.1	3841546	4592849	0.758832	0.006780	0.005442	0.043340
NC_050089.1	4593026	6686752	0.932071	0.211188	0.148302	0.846672
NC_050089.1	7057260	8862482	0.338650	0.055231	0.037354	0.338495
NC_050089.1	8862483	10115592	0.630757	0.011398	0.007719	0.071419
NC_050089.1	10115631	10498951	1.000000	0.138352	0.106211	0.952035
NC_050089.1	10499218	11643520	0.037695	0.008205	0.003984	-0.297142
NC_050089.1	11721219	13469765	0.320972	0.032725	0.023830	0.004918
NC_050089.1	13576983	14193231	-0.896426	-0.208598	-0.116928	-0.646629
NC_050089.1	14439377	16980583	-0.252988	-0.030287	-0.021288	-0.238602
NC_050089.1	16980776	17534135	0.202949	0.008032	0.006162	0.093928
NC_050090.1	1165563	2218399	0.013009	0.002000	0.001336	0.012080
NC_050090.1	2218466	3670322	-0.646598	-0.062002	-0.046857	-0.447122
NC_050090.1	3847430	3847773	0.081674	0.003537	0.002277	0.010732
NC_050090.1	3847780	4141439	-0.081561	-0.039783	-0.021886	-0.081561
NC_050090.1	4141717	5436600	0.168616	0.020624	0.015538	-0.012828
NC_050090.1	5436609	5753096	-0.103427	-0.066660	-0.029487	-0.008992
NC_050090.1	5753394	12157870	0.573609	0.106499	0.083488	0.320619
NC_050090.1	12781778	13919128	0.076450	0.032358	0.019181	0.050810
NC_050091.1	1257457	2973590	1.000000	0.098317	0.076831	0.496856
NC_050091.1	2973641	3889388	0.975734	0.093945	0.067923	0.795880
NC_050091.1	3889415	4583130	0.993579	0.299240	0.168775	0.993609
NC_050091.1	4583432	5750120	-0.447221	-0.159215	-0.089358	-0.447653
NC_050091.1	5764736	7256655	0.597260	0.138546	0.094040	0.542626
NC_050091.1	7800334	10957572	0.052759	0.006252	0.004117	0.052759
NC_050091.1	11346100	12781942	-0.381952	-0.471225	-0.165304	-0.496237
NC_050091.1	12902049	15939959	-0.271664	-0.075421	-0.044070	-0.271664
NC_050092.1	4404293	5064800	0.722428	0.028765	0.022939	0.455794
NC_050092.1	5064845	6727183	-0.771204	-0.291600	-0.150047	-0.392428
NC_050092.1	6727410	7739665	-0.496619	-0.072505	-0.046188	-0.495267
NC_050092.1	7883075	9220885	0.304103	0.052302	0.031797	0.286473
NC_050092.1	9334830	10544667	0.981001	0.073523	0.055134	0.415130
NC_050092.1	11017688	12864516	-0.323077	-0.030784	-0.016691	-0.140384
NC_050092.1	12864832	14105021	-0.427831	-0.071899	-0.032448	-0.361912
NC_050093.1	556695	1789194	0.001150	0.000276	0.000142	0.001145
NC_050093.1	1789488	3085766	0.351282	0.030313	0.020006	0.316267
NC_050093.1	3085769	4926545	0.300407	0.071671	0.052486	0.178465
NC_050093.1	4926765	5808075	-0.084171	-0.013423	-0.010583	-0.084171
NC_050093.1	5857908	9087464	-0.536296	-0.061538	-0.042445	-0.295523
NC_050093.1	9610613	12248533	0.312627	0.039551	0.028258	0.264992
NC_050093.1	12248769	12721223	0.992550	0.406828	0.249674	0.709455
NC_050093.1	13074294	14703425	-0.435188	-0.034743	-0.022859	-0.304514
NC_050094.1	634163	3347635	-0.544115	-0.066010	-0.039749	-0.103439
NC_050094.1	4000687	6281409	1.000000	0.120571	0.077909	1.000000
NC_050094.1	6281494	8342103	-0.792873	-0.070724	-0.030624	-0.292234
NC_050094.1	8970477	9255807	-0.004349	-0.000529	-0.000423	-0.004091
NC_050094.1	9518969	11378160	1.000000	0.098546	0.066144	0.806147
NC_050094.1	11378414	12366780	0.907960	0.119947	0.100259	0.907960
NC_050094.1	12366801	12367023	-0.824896	-0.114550	-0.101668	-0.824896
NC_050094.1	12367086	13035192	-0.334348	-0.095759	-0.073585	-0.228104
NC_050094.1	13035221	16017381	-0.332456	-0.099230	-0.053056	-0.229992
NC_050095.1	4293809	4700244	0.714326	0.036972	0.026412	0.238904
NC_050095.1	4700254	5586155	-0.125242	-0.054488	-0.030271	-0.044588
NC_050095.1	5586180	6461298	-0.289044	-0.159476	-0.096069	-0.158974
