chr	windowStart	windowEnd	D	f_d	f_dM	d_f
NC_050068.2	3692397	4552173	0.564686	0.181815	0.129852	0.323378
NC_050068.2	4552263	5294381	-0.186437	-0.046911	-0.027879	-0.153937
NC_050068.2	5294527	7380454	-0.001692	-0.000093	-0.000049	-0.018912
NC_050068.2	7396088	9169865	-0.350681	-0.091930	-0.043828	-0.336384
NC_050068.2	9170128	11044604	-0.183020	-0.027606	-0.020488	-0.219036
NC_050068.2	11044649	14714167	-0.116061	-0.006816	-0.003995	-0.110769
NC_050068.2	15416521	21201731	0.242135	0.024449	0.016107	0.220690
NC_050068.2	21853019	26519923	0.790833	0.014699	0.011576	0.385579
NC_050068.2	27320152	28299453	-0.393054	-0.065650	-0.045802	-0.333570
NC_050068.2	28299475	38233128	0.017458	0.001123	0.000815	0.016770
NC_050068.2	38233330	41457168	0.623684	0.094398	0.068199	0.623684
NC_050068.2	41457372	43563408	0.576986	0.108131	0.082373	0.646102
NC_050068.2	44250138	46581161	0.903898	0.130717	0.097657	0.719358
NC_050068.2	46626945	52166287	0.489423	0.071369	0.051694	0.441244
NC_050068.2	52166399	54413997	0.077779	0.000530	0.000403	0.046918
NC_050068.2	55485420	58965169	0.349494	0.018168	0.013532	0.213761
NC_050068.2	59778019	61947039	-0.596470	-0.068820	-0.044784	-0.535021
NC_050068.2	62720046	67547334	0.839587	0.034381	0.025577	0.848090
NC_050068.2	69040453	71687303	-0.830468	-0.108968	-0.072091	-0.475688
NC_050068.2	71687374	75711486	-0.614231	-0.013646	-0.008495	-0.608138
NC_050068.2	75711489	81896030	0.381933	0.047022	0.033122	0.280510
NC_050068.2	83318022	88901729	0.611877	0.019641	0.013233	0.473335
NC_050068.2	91494696	97470112	0.138104	0.006829	0.004742	0.076085
NC_050068.2	97586278	109773994	0.230465	0.016270	0.010952	0.249710
NC_050068.2	109898285	113956579	0.699666	0.030261	0.023019	0.595781
NC_050068.2	114020566	120570072	0.195060	0.019511	0.013056	0.096372
NC_050068.2	121025026	127321491	-0.544208	-0.005286	-0.003866	-0.502676
NC_050068.2	128240174	134837557	0.827916	0.073360	0.057273	0.664535
NC_050068.2	136305267	140515137	0.861411	0.031017	0.021792	0.312040
NC_050068.2	143223698	147386083	0.487170	0.033320	0.025181	0.616437
NC_050068.2	147386297	157375196	-0.724685	-0.020609	-0.015187	-0.720708
NC_050068.2	157621428	165254321	-0.981245	-0.048940	-0.034642	-0.647412
NC_050068.2	165254336	167621837	0.027203	0.004097	0.002794	0.022875
NC_050068.2	168334868	173140549	-0.818685	-0.011696	-0.008743	-0.384194
NC_050068.2	173521625	178942738	-0.761561	-0.044697	-0.032957	-0.393445
NC_050068.2	181883247	185125027	0.564960	0.015911	0.010275	0.207293
NC_050068.2	186698663	192042473	0.453841	0.026170	0.018350	0.405881
NC_050068.2	192218218	197226041	-0.106930	-0.012023	-0.008889	-0.101952
NC_050068.2	197226085	199283031	0.412113	0.068889	0.052880	0.224544
NC_050068.2	199766950	202179623	-0.099184	-0.008407	-0.006460	-0.069841
NC_050068.2	202179634	206094611	0.032942	0.002262	0.001737	0.172481
NC_050068.2	206955099	207445510	-0.614638	-0.022786	-0.017317	-0.151415
NC_050068.2	207445704	211950824	0.421846	0.013317	0.009581	0.110441
NC_050068.2	212028294	213703247	0.969166	0.172802	0.138565	0.611242
NC_050068.2	213703266	216029362	-0.180512	-0.020544	-0.013702	-0.081099
NC_050068.2	216029363	216067767	-0.287211	-0.076463	-0.039027	-0.071297
NC_050068.2	216067821	218237964	0.671102	0.163004	0.102198	0.486893
NC_050068.2	218238222	221285974	-0.304618	-0.032395	-0.019716	-0.304849
NC_050068.2	221628171	226500867	0.586101	0.021779	0.014268	0.510582
NC_050068.2	226501112	230333674	-0.704371	-0.009927	-0.008036	-0.184683
NC_050068.2	230964973	238247928	0.953395	0.045104	0.033573	0.904422
NC_050068.2	239650138	244273686	-0.342613	-0.025548	-0.019191	-0.342613
NC_050068.2	244966439	249305598	-0.569547	-0.038191	-0.028124	-0.333767
NC_050068.2	249471539	251800271	0.030981	0.005187	0.002822	0.028700
NC_050068.2	253097316	257083901	-0.357001	-0.026729	-0.018852	-0.222249
NC_050068.2	257625675	260027894	-0.874239	-0.070677	-0.055233	-0.527645
NC_050068.2	260097756	260767900	-0.973848	-0.173265	-0.092657	-0.533475
NC_050068.2	261622392	262500086	-0.642026	-0.146615	-0.094702	-0.510569
NC_050068.2	262500106	265930494	0.801107	0.111034	0.077756	0.727671
NC_050068.2	266345860	273940840	-0.463171	-0.002910	-0.002108	-0.123273
NC_050068.2	274913699	281241460	-0.916177	-0.061770	-0.039745	-0.805311
NC_050068.2	281242598	282663585	-0.750277	-0.092004	-0.064781	-0.397235
NC_050068.2	282925643	286949195	-0.373459	-0.069642	-0.044674	-0.338657
NC_050068.2	286949279	294712629	-0.687772	-0.014894	-0.010344	-0.659265
NC_050068.2	294712685	301581403	-0.249463	-0.018238	-0.014707	-0.114301
NC_050068.2	302775126	309547814	-0.862407	-0.013827	-0.010440	-0.236760
NC_050068.2	310139464	310378312	-0.448571	-0.102989	-0.062537	-0.356358
NC_050068.2	310424115	316522739	0.850312	0.049172	0.038482	0.766313
NC_050068.2	316773965	318405155	0.659690	0.050112	0.032143	0.343154
NC_050068.2	318405199	327675295	0.779431	0.035623	0.026072	0.690394
NC_050068.2	327675299	336454024	-0.987520	-0.014695	-0.010500	-0.854014
NC_050068.2	338378757	341646267	0.804881	0.059936	0.049466	0.629878
NC_050068.2	342588711	345970628	-0.162483	-0.017553	-0.011054	-0.141695
NC_050068.2	345991498	349570045	0.058367	0.004132	0.002646	0.050963
NC_050069.1	6311205	8474105	-0.200020	-0.021708	-0.014177	-0.133225
NC_050069.1	8474127	12722362	0.173287	0.020828	0.013941	0.131876
NC_050069.1	12843224	17837798	-0.037714	-0.004348	-0.002889	-0.025312
NC_050069.1	17837836	23472022	0.050193	0.002566	0.001719	0.045129
NC_050069.1	23511020	30615929	-0.065624	-0.003929	-0.002705	-0.059072
NC_050069.1	32164259	37165869	-0.056969	-0.003405	-0.002198	0.008853
NC_050069.1	38869313	41032290	-0.728798	-0.031375	-0.021353	-0.302194
NC_050069.1	41037325	43569465	0.449788	0.025954	0.017603	0.253203
NC_050069.1	44794828	46669847	0.113163	0.012322	0.009388	0.100905
NC_050069.1	46669893	48981140	0.015076	0.002183	0.001649	0.015046
NC_050069.1	49137882	52203599	0.373759	0.019102	0.014668	0.252139
NC_050069.1	52270629	58741463	-0.838819	-0.014844	-0.010625	-0.386967
NC_050069.1	59196547	70770681	-0.197979	-0.006169	-0.004412	-0.163392
NC_050069.1	71331782	74493251	0.828249	0.040221	0.025571	0.297040
NC_050069.1	74493312	82268982	0.700640	0.014650	0.011184	0.510853
NC_050069.1	82744069	84122604	0.451168	0.006416	0.005025	0.074084
NC_050069.1	84969094	87340121	-0.225033	-0.035158	-0.022786	-0.157128
NC_050069.1	88422531	97980505	0.628583	0.023366	0.017923	0.446284
NC_050069.1	97980693	104189597	-0.169569	-0.017627	-0.011442	-0.164019
NC_050069.1	104565607	108838911	0.567455	0.023512	0.015243	0.112297
NC_050069.1	108977451	117193968	0.337158	0.009761	0.007079	0.311032
NC_050069.1	117504362	123008868	0.149211	0.013086	0.008345	0.098217
NC_050069.1	123143949	126396992	-0.204115	-0.019436	-0.015985	-0.199933
NC_050069.1	126928544	132745138	0.186771	0.011974	0.007593	0.122638
NC_050069.1	134094513	138289152	0.031032	0.002807	0.002434	-0.135912
NC_050069.1	138289189	144599604	-0.001099	-0.000040	-0.000030	0.110785
NC_050069.1	144599626	153782312	0.831850	0.042816	0.035769	0.603862
NC_050069.1	156071246	161285156	-0.368330	-0.029404	-0.022408	-0.328835
NC_050069.1	161465451	166226113	0.311896	0.003849	0.003143	0.091805
NC_050069.1	167577511	173457115	0.320447	0.022744	0.015578	0.341036
NC_050069.1	173457149	173490992	-0.980562	-0.222418	-0.174921	-0.953782
NC_050069.1	173490993	173491005	-1.000000	-0.241379	-0.194444	-1.000000
NC_050069.1	173491006	173491017	-0.963636	-0.229721	-0.186152	-0.460870
NC_050069.1	173491018	173491039	-0.963636	-0.229721	-0.186152	-0.460870
NC_050069.1	173491041	173491051	-0.963636	-0.229721	-0.186152	-0.460870
NC_050069.1	173491053	177911909	0.824772	0.048501	0.040725	0.483544
NC_050069.1	178028008	183304832	-0.299720	-0.013797	-0.010949	-0.051745
NC_050069.1	183305013	186022160	0.685981	0.050573	0.035564	0.566160
NC_050069.1	186022443	189204855	-0.634859	-0.020476	-0.012888	-0.228489
NC_050069.1	189253064	193780463	0.328970	0.019549	0.013289	0.250090
NC_050069.1	194022124	200236644	-0.338257	-0.013737	-0.009896	-0.066456
NC_050069.1	201985979	206502276	0.431192	0.015114	0.009816	0.294239
NC_050069.1	206903171	214084312	0.152941	0.011885	0.009555	0.136332
NC_050069.1	214188533	221938052	-0.375897	-0.019191	-0.015205	-0.307025
NC_050069.1	222735815	226235814	0.927611	0.041237	0.034177	0.745348
NC_050069.1	226879833	229517160	-0.295777	-0.033428	-0.021904	-0.195902
NC_050069.1	231712360	238145574	-0.297249	-0.021649	-0.015616	-0.246054
NC_050069.1	239805172	243585384	0.747528	0.033784	0.027930	0.255426
NC_050069.1	244897778	252057121	0.893780	0.077493	0.051771	0.794188
NC_050069.1	252260736	256723607	-0.931711	-0.050486	-0.039918	-0.805390
NC_050069.1	257862499	260106793	0.120546	0.011970	0.008465	0.072245
NC_050069.1	260510547	263663463	0.300899	0.025479	0.017890	0.300899
NC_050069.1	264230822	266419633	-0.690453	-0.060801	-0.045348	-0.682338
NC_050069.1	266419647	270676078	-0.303193	-0.013847	-0.007389	-0.055963
NC_050069.1	270676089	271095011	0.122727	0.012489	0.008035	0.024683
NC_050070.1	2836375	5360202	0.106667	0.010600	0.008366	0.153280
NC_050070.1	5360208	8497391	-0.476952	-0.037972	-0.026391	-0.469737
NC_050070.1	8682396	10971508	0.007200	0.000404	0.000271	0.056068
NC_050070.1	10971518	16523731	0.900112	0.057162	0.044945	0.703348
NC_050070.1	17924966	20605069	-0.070684	-0.004756	-0.003111	-0.067249
NC_050070.1	20859083	26735913	-0.789506	-0.065917	-0.039915	-0.695768
NC_050070.1	28364749	32027414	-0.106552	-0.017214	-0.012511	-0.108448
NC_050070.1	33351187	44661057	0.266062	0.011286	0.008828	0.209902
NC_050070.1	44661117	52057792	-0.052087	-0.002959	-0.002111	-0.013323
NC_050070.1	53347730	63642559	0.823404	0.024646	0.018944	0.551253
NC_050070.1	63807143	75377052	-0.816108	-0.038932	-0.024789	-0.766890
NC_050070.1	75747178	77766382	0.915539	0.180315	0.131583	0.847890
NC_050070.1	79245690	85100930	0.216517	0.003619	0.002715	0.132228
NC_050070.1	85296703	98638039	0.415687	0.021493	0.014911	0.387438
NC_050070.1	98638044	101652337	-0.269006	-0.038857	-0.027743	-0.268709
NC_050070.1	101652357	104045237	0.385709	0.034198	0.028991	0.172907
NC_050070.1	104045286	104712078	0.107398	0.101709	0.031334	0.054970
NC_050070.1	104712085	118848316	-0.334860	-0.011571	-0.009114	-0.290771
NC_050070.1	118848493	122020265	0.664078	0.057322	0.045813	0.541702
NC_050070.1	123457591	132221638	-0.520102	-0.026550	-0.018521	-0.440142
NC_050070.1	132584864	137711213	0.199192	0.014570	0.010567	0.198037
NC_050070.1	137885644	142547871	0.071219	0.008121	0.005775	0.002815
NC_050070.1	142784072	146378607	-0.784010	-0.122747	-0.081574	-0.805858
NC_050070.1	146378761	150187611	0.971192	0.029220	0.023044	0.356076
NC_050070.1	150874958	155226577	0.573844	0.060813	0.037895	0.531747
NC_050070.1	155294662	158725738	0.606631	0.090229	0.059926	0.341627
NC_050070.1	159330633	163163723	0.231548	0.024030	0.014822	0.149300
NC_050070.1	164080687	171805325	0.440293	0.013206	0.010208	0.501466
NC_050070.1	172299188	181220512	0.276095	0.015814	0.010362	0.347888
NC_050070.1	181220788	183386887	0.462864	0.065539	0.047939	0.408557
NC_050070.1	184173312	192302513	0.011495	0.001313	0.000814	0.011398
NC_050070.1	192604206	199889750	0.690790	0.045660	0.032614	0.502632
NC_050070.1	200536775	202315952	0.778977	0.025044	0.018528	0.663949
NC_050070.1	202349318	204038494	0.194792	0.007303	0.004399	0.036459
NC_050070.1	204248327	206463008	-0.318419	-0.046977	-0.030661	-0.212939
NC_050070.1	207119133	210087617	0.393046	0.028305	0.019101	0.383463
NC_050071.1	1689036	6434561	0.501213	0.029994	0.021510	0.332597
NC_050071.1	6566426	8934782	0.456903	0.024444	0.017822	0.529784
NC_050071.1	10043850	12550083	-0.679088	-0.065394	-0.044413	-0.589458
NC_050071.1	12763601	16428267	0.354861	0.021821	0.014983	0.223578
NC_050071.1	17490224	24354122	-0.493993	-0.015872	-0.011689	-0.202439
NC_050071.1	24526776	33516505	0.311873	0.009177	0.007127	0.048201
NC_050071.1	34658781	38174788	0.800672	0.066990	0.043611	0.694849
NC_050071.1	40212908	45686229	0.171464	0.001061	0.000845	0.033364
NC_050071.1	45686258	49054791	0.512453	0.017333	0.012157	0.241269
NC_050071.1	49055122	57218685	-0.540161	-0.062848	-0.041307	-0.524874
NC_050071.1	57219020	60670170	-0.826299	-0.072507	-0.045738	-0.756270
NC_050071.1	60670172	62980375	-0.696290	-0.049749	-0.036088	-0.619440
NC_050071.1	64708249	67005923	0.761157	0.018796	0.013941	0.740394
NC_050071.1	67154881	70291509	-0.057112	-0.005371	-0.004023	-0.035922
NC_050071.1	70291599	74748054	-0.233714	-0.015348	-0.011960	-0.215098
NC_050071.1	74990908	81501691	0.513935	0.066244	0.045218	0.387149
NC_050071.1	81632560	83273556	0.839750	0.025820	0.020486	0.780696
NC_050071.1	84130594	92197125	0.720548	0.019391	0.013481	0.394353
NC_050071.1	92895623	96650979	-0.416118	-0.043072	-0.028684	-0.416118
NC_050071.1	97231007	103380341	0.197123	0.022005	0.015294	0.253258
NC_050071.1	103380369	113687528	0.300116	0.007297	0.005465	0.268562
NC_050071.1	113916577	118050569	0.503862	0.006163	0.004551	0.055232
NC_050071.1	118050573	127857851	-0.049741	-0.001256	-0.000986	-0.047157
NC_050071.1	127857946	132544423	0.535702	0.018777	0.013159	0.105151
NC_050071.1	132544658	133007633	-0.159590	-0.044432	-0.020246	-0.121654
NC_050071.1	133945005	137893203	0.119981	0.003851	0.002783	0.085686
NC_050071.1	138422532	142542301	-0.684881	-0.017675	-0.010536	-0.240198
NC_050072.1	5141266	8923819	-0.723015	-0.034779	-0.023796	-0.477884
NC_050072.1	8924027	14106608	-0.115363	-0.001062	-0.000804	-0.016505
NC_050072.1	15385613	19461808	-0.196333	-0.020593	-0.013318	-0.027408
NC_050072.1	19474756	23882654	0.462771	0.019431	0.014867	0.330476
NC_050072.1	23882673	28011151	-0.223132	-0.027908	-0.019472	-0.155822
NC_050072.1	28357776	34054971	-0.019450	-0.002415	-0.001799	-0.019393
NC_050072.1	34128635	37563132	0.185652	0.022943	0.017414	0.053890
NC_050072.1	37563369	41968967	-0.438879	-0.045746	-0.034502	-0.281538
NC_050072.1	42099268	47863300	0.076841	0.003751	0.002938	0.072664
NC_050072.1	47863302	55992060	0.387332	0.010716	0.008435	0.190702
NC_050072.1	56202441	64429051	-0.877566	-0.035932	-0.024053	-0.728469
NC_050072.1	66135821	71753094	0.248932	0.013841	0.009968	0.248932
NC_050072.1	71852748	80897337	-0.880196	-0.025185	-0.018065	-0.424326
NC_050072.1	80897338	87955050	0.144968	0.004668	0.003163	0.066950
NC_050072.1	90766864	99029424	-0.494688	-0.035681	-0.023556	-0.520279
NC_050072.1	99029649	100813255	-0.324730	-0.018697	-0.012686	-0.038569
NC_050072.1	100813569	106132749	0.463021	0.026081	0.021232	0.407912
NC_050072.1	106132752	110865686	0.040725	0.008508	0.006361	0.035797
NC_050072.1	110865741	114901589	0.225810	0.021238	0.014248	0.086012
NC_050072.1	115101049	117788590	-0.624304	-0.033144	-0.021732	-0.300925
NC_050072.1	118176560	122095702	-0.852566	-0.038426	-0.026289	-0.569135
NC_050072.1	122410614	126752689	0.199716	0.024796	0.015002	0.143182
NC_050072.1	126752703	131684764	0.698784	0.014428	0.011442	0.696222
NC_050072.1	132927953	137289966	0.506947	0.039526	0.030588	0.243273
NC_050073.1	2753978	2754370	0.182889	0.056137	0.041715	0.102392
NC_050073.1	2754454	2820570	-0.385887	-0.165632	-0.097149	-0.296508
NC_050073.1	2820613	2855410	0.122058	0.142573	0.059088	0.082754
NC_050073.1	2855426	3133319	0.415726	0.049055	0.039759	0.106424
NC_050073.1	3378981	5896203	-0.910809	-0.110286	-0.077424	-0.469545
NC_050073.1	5896254	10519098	0.609843	0.064497	0.043844	0.337193
NC_050073.1	10519106	17186788	0.532232	0.019633	0.013017	0.488971
NC_050073.1	17293318	17293340	-0.145423	-0.142216	-0.043568	-0.054662
NC_050073.1	17293349	23395551	0.643318	0.012215	0.009107	0.468009
NC_050073.1	24360559	29086477	-0.551934	-0.041461	-0.027939	-0.306813
NC_050073.1	29679899	35771732	-0.003957	-0.000387	-0.000299	0.051733
NC_050073.1	36074699	41825887	0.021627	0.001465	0.001090	0.227109
NC_050073.1	41902772	45345880	0.443167	0.066860	0.044959	0.381735
NC_050073.1	46306598	52955685	0.823266	0.053229	0.036722	0.659587
NC_050073.1	52981165	57161628	-0.195522	-0.018593	-0.012558	-0.189400
NC_050073.1	59876366	63461466	0.766328	0.064841	0.048677	0.619179
NC_050073.1	65920620	69259010	0.469061	0.019044	0.014056	0.236044
NC_050073.1	69593762	71617462	-0.552859	-0.060924	-0.038522	-0.498853
NC_050073.1	71617536	76266550	-0.762376	-0.023482	-0.018986	-0.617441
NC_050073.1	76750711	79355544	-0.992481	-0.031490	-0.021312	-0.290705
NC_050073.1	81435664	86576696	-0.090463	-0.007748	-0.005702	-0.079214
NC_050073.1	86610740	89861074	-0.834153	-0.026590	-0.016184	-0.258419
NC_050073.1	89861255	94633990	-0.261707	-0.024177	-0.015632	-0.435391
NC_050073.1	94634068	100575819	-0.550353	-0.049844	-0.033131	-0.308164
NC_050073.1	100575887	107663742	0.440605	0.026477	0.019550	0.425230
NC_050073.1	108898029	111203695	0.032284	0.003876	0.002610	0.031954
NC_050073.1	111719149	116300575	0.968838	0.081823	0.059031	0.471862
NC_050073.1	116567376	121902110	0.566558	0.011940	0.007835	0.222863
NC_050073.1	122734090	128648272	-0.258348	-0.008374	-0.006223	-0.150730
NC_050074.1	3244711	9011072	-0.507948	-0.028901	-0.021659	-0.257691
NC_050074.1	9011079	10744220	0.757299	0.022849	0.013963	0.837256
NC_050074.1	10744276	19576209	-0.771717	-0.024343	-0.016756	-0.360747
NC_050074.1	19715371	24581998	-0.895330	-0.045755	-0.028594	-0.801954
NC_050074.1	24855974	29071971	-0.378253	-0.033000	-0.022865	-0.155057
NC_050074.1	29072045	37104641	0.198010	0.011859	0.008496	0.130620
NC_050074.1	37104910	40237495	0.718008	0.034693	0.025451	0.606744
NC_050074.1	41618944	45252369	0.369224	0.020417	0.014928	0.357055
NC_050074.1	45516688	54763596	-0.225194	-0.007264	-0.005300	-0.336132
NC_050074.1	54763880	59999550	-0.774792	-0.039967	-0.025159	-0.628645
NC_050074.1	60848451	68821457	0.940067	0.031246	0.023201	0.463448
NC_050074.1	68821635	78292820	-0.653960	-0.044722	-0.026470	-0.525103
NC_050074.1	78292831	84188818	-0.715072	-0.019710	-0.014973	-0.270306
NC_050074.1	84617404	90418449	-0.302288	-0.021493	-0.015845	-0.239804
NC_050074.1	90418650	96031174	0.124703	0.016004	0.011759	0.100010
NC_050074.1	96955235	99148224	-0.148342	-0.007423	-0.004334	-0.096304
NC_050074.1	101587648	107410339	0.133472	0.006072	0.004173	0.068135
NC_050074.1	109008738	110141979	0.818672	0.044037	0.032815	0.751017
NC_050074.1	110142177	115702893	0.517771	0.021767	0.016565	0.290232
NC_050074.1	116002055	119936576	-0.909586	-0.048931	-0.023852	-0.869468
NC_050074.1	121807237	125199058	-0.968282	-0.023494	-0.017330	-0.572517
NC_050075.1	3117947	6748350	-0.591109	-0.034398	-0.024692	-0.416753
NC_050075.1	6838854	8874481	0.299685	0.021332	0.018221	0.293659
NC_050075.1	9047974	10922969	0.983406	0.153492	0.133091	0.975269
NC_050075.1	10923016	16526436	-0.341415	-0.032149	-0.018776	-0.211673
NC_050075.1	17266518	19481957	0.665051	0.061387	0.042889	0.453281
NC_050075.1	19654663	32785766	0.146825	0.003817	0.002812	0.132225
NC_050075.1	33703057	37022549	-0.381700	-0.050737	-0.034363	-0.380439
NC_050075.1	38872416	41578239	0.189626	0.006828	0.004383	0.148092
NC_050075.1	41578240	47521072	0.367381	0.019009	0.015677	0.272522
NC_050075.1	47783142	50302900	-0.168312	-0.020874	-0.014264	-0.144621
NC_050075.1	50302902	52616976	0.812052	0.034880	0.024303	0.779385
NC_050075.1	52824683	56981798	0.416609	0.024176	0.016633	0.401249
NC_050075.1	59643056	63674824	0.024877	0.002335	0.001504	0.009922
NC_050075.1	63674878	72543116	0.504876	0.059032	0.045283	0.438199
NC_050075.1	73046006	78212403	0.401448	0.015851	0.011270	0.380879
NC_050075.1	78212419	90986759	-0.824678	-0.023700	-0.017487	-0.784821
NC_050075.1	91621596	94679509	-0.762919	-0.111934	-0.061639	-0.659053
NC_050075.1	95332346	100612981	-0.037440	-0.001652	-0.001176	-0.055321
NC_050075.1	101018986	105872449	-0.700496	-0.036090	-0.026042	-0.493201
NC_050076.1	940998	4209479	0.442888	0.014526	0.009420	0.173111
NC_050076.1	4209537	4769017	-0.602275	-0.092703	-0.059286	-0.389481
NC_050076.1	4950858	5714512	0.087122	0.014376	0.011580	0.089625
NC_050076.1	6179922	7950257	-0.407789	-0.030250	-0.017198	-0.266166
NC_050076.1	7950338	15444279	0.822360	0.025375	0.019522	0.792558
NC_050076.1	16007446	22743966	0.155741	0.005363	0.003810	0.082096
NC_050076.1	23267602	30786020	0.599738	0.015205	0.010486	0.398276
NC_050076.1	33226487	37242084	0.300003	0.022461	0.016028	0.299311
NC_050076.1	37463596	40905490	0.650589	0.027715	0.021762	0.529772
NC_050076.1	44240347	47717669	-0.410506	-0.015466	-0.010825	-0.246208
NC_050076.1	48349956	52048299	-0.904894	-0.075093	-0.048763	-0.832874
NC_050076.1	52084432	54438807	-0.195439	-0.018205	-0.011911	-0.189279
NC_050076.1	54521714	57426076	-0.084681	-0.009435	-0.006443	-0.080940
NC_050076.1	59017461	63319668	0.587523	0.018239	0.014597	0.701316
NC_050076.1	64869124	66150881	-0.411594	-0.033785	-0.023207	-0.411594
NC_050076.1	66150884	71841917	0.600685	0.043127	0.030267	0.547256
NC_050076.1	72822321	78390214	-0.093767	-0.006536	-0.004391	-0.050631
NC_050076.1	78935447	82805512	0.151693	0.010816	0.007398	0.083692
NC_050076.1	86005226	88983966	-0.613915	-0.025283	-0.019695	-0.594037
NC_050076.1	89560852	93553769	-0.167135	-0.008124	-0.006294	-0.082185
NC_050076.1	94260578	102272461	-0.086444	-0.002508	-0.001930	-0.057325
NC_050076.1	102756512	104259124	0.412188	0.032615	0.025332	0.414474
NC_050077.1	955290	3657282	-0.069231	-0.005359	-0.003284	-0.037115
NC_050077.1	3657296	5112914	0.425838	0.025361	0.015378	0.421027
NC_050077.1	5112939	7604867	-0.568105	-0.081022	-0.056319	-0.524292
NC_050077.1	9025062	11856543	-0.276134	-0.027639	-0.019031	-0.175723
NC_050077.1	12443502	13521251	-0.179860	-0.016745	-0.009295	-0.155167
NC_050077.1	13744605	19519096	-0.000390	-0.000026	-0.000019	-0.000353
NC_050077.1	19519139	22262833	-0.764601	-0.066031	-0.038847	-0.684487
NC_050077.1	22263130	27885587	-0.841897	-0.016545	-0.011858	-0.178818
NC_050077.1	30044092	32553976	-0.243166	-0.011590	-0.008576	-0.226682
NC_050077.1	32554095	36415233	-0.133724	-0.007972	-0.006300	-0.093840
NC_050077.1	36415235	42078539	-0.248890	-0.017808	-0.013072	-0.086871
NC_050077.1	43600382	50948729	0.872119	0.038518	0.026765	0.764330
NC_050077.1	52967890	62655567	0.549277	0.024154	0.019324	0.494266
NC_050077.1	63186793	69573513	-0.255805	-0.024302	-0.016567	-0.233580
NC_050077.1	69573663	71472367	-0.056631	-0.003504	-0.002369	0.001482
NC_050077.1	71727453	73451372	0.006956	0.000834	0.000543	0.006956
NC_050077.1	73451661	75028440	-0.693883	-0.018330	-0.013918	-0.424686
NC_050077.1	75506228	79249254	-0.869023	-0.035178	-0.025087	-0.757401
NC_050077.1	79531177	82866245	0.253011	0.025447	0.019513	0.242136
NC_050077.1	83401929	85115275	0.645507	0.024159	0.020059	0.227768
NC_050078.2	4416991	7978658	-0.841284	-0.023290	-0.012454	-0.429448
NC_050078.2	8475600	15359831	-0.435530	-0.022748	-0.015553	-0.343124
NC_050078.2	16365067	21016601	0.508963	0.023090	0.017912	0.379443
NC_050078.2	21016611	25882105	0.909440	0.064148	0.044877	0.680246
NC_050078.2	25882136	33136027	-0.474550	-0.057746	-0.032659	-0.434183
NC_050078.2	33136097	38451672	0.251253	0.007969	0.006961	-0.062589
NC_050078.2	38451696	42237892	-0.178605	-0.034599	-0.021522	-0.133607
NC_050078.2	44745021	49758675	-0.170991	-0.011224	-0.008523	-0.115214
NC_050078.2	49758708	51485046	0.947831	0.213218	0.176242	0.925051
NC_050078.2	52789031	56698471	0.866472	0.052142	0.043638	0.887254
NC_050078.2	57035806	58809032	0.449691	0.139085	0.092032	0.449691
NC_050078.2	59369205	64932585	-0.186441	-0.009827	-0.006680	-0.104424
NC_050078.2	66266809	66621147	1.000000	0.056851	0.053209	1.000000
NC_050078.2	66621286	70490714	0.342943	0.007751	0.005634	0.092553
NC_050078.2	71627712	75287611	0.695897	0.069502	0.061267	0.735190
NC_050078.2	75518567	77799805	0.202751	0.023902	0.017012	0.165594
NC_050079.1	605681	2580127	-0.813829	-0.064892	-0.050043	-0.638735
NC_050079.1	2580130	3222404	0.172934	0.050484	0.027389	0.089855
NC_050079.1	3230962	12342954	-0.591620	-0.026404	-0.019765	-0.177250
NC_050079.1	12559839	18307763	-0.160212	-0.031433	-0.018869	-0.155430
NC_050079.1	18307832	31880863	-0.955527	-0.012216	-0.008927	-0.694859
NC_050079.1	31965563	36550686	0.652905	0.025113	0.017670	0.593259
NC_050079.1	36852118	39245583	-0.436032	-0.054632	-0.035880	-0.422802
NC_050079.1	39765498	43225341	-0.851645	-0.016766	-0.012154	-0.267831
NC_050080.1	4437587	7629156	-0.165240	-0.005965	-0.004715	-0.160182
NC_050080.1	8355758	9639125	0.553317	0.020293	0.017663	0.502742
NC_050080.1	10366314	13649016	-0.001874	-0.000125	-0.000094	0.088411
NC_050080.1	13649057	19551323	-0.184854	-0.012136	-0.008178	-0.078154
NC_050080.1	20167665	25788598	-0.608911	-0.035192	-0.019819	-0.424974
NC_050080.1	26816925	28810478	0.028263	0.002960	0.001901	0.023393
NC_050080.1	29133872	32060946	0.515171	0.045292	0.035760	0.420356
NC_050080.1	33032511	37768698	0.189319	0.016552	0.012243	0.189319
NC_050081.1	4215159	9349607	0.419056	0.026205	0.019866	0.374141
NC_050081.1	10082283	13915726	-0.822615	-0.030995	-0.023018	-0.661827
NC_050081.1	15773833	21100198	0.322845	0.014527	0.010620	0.116598
NC_050081.1	21366286	24508995	-0.659480	-0.038953	-0.024705	-0.658139
NC_050081.1	24852543	25558958	0.425658	0.068585	0.043913	0.359651
NC_050081.1	25703663	31500446	0.122818	0.003943	0.002764	0.278754
NC_050081.1	31500485	32138762	-0.240833	-0.050388	-0.037300	-0.095250
NC_050081.1	32138763	32245946	-0.248526	-0.366412	-0.060640	-0.130556
NC_050081.1	32245965	33490295	-0.312149	-0.136443	-0.083646	-0.164015
NC_050081.1	33490360	34363151	-0.248667	-0.034893	-0.024749	-0.146178
NC_050081.1	34363153	34363396	0.016324	0.013992	0.008891	0.009452
NC_050081.1	34363401	35843013	0.033566	0.009640	0.005625	0.024912
NC_050081.1	35843222	36958203	-0.056321	-0.006234	-0.003738	-0.046914
NC_050081.1	36958211	36958456	-0.192340	-0.599432	-0.092714	-0.077397
NC_050081.1	36958539	37898090	-0.472232	-0.096102	-0.056848	-0.149566
NC_050082.1	2513030	5695193	0.835924	0.059843	0.045319	0.746673
NC_050082.1	7354904	9970601	0.627894	0.028443	0.020919	0.466165
NC_050082.1	9970699	16765419	0.804705	0.030702	0.019937	0.459267
NC_050082.1	17823348	20224779	-0.358268	-0.019754	-0.014660	-0.310232
NC_050082.1	20334588	22113153	0.735919	0.031360	0.024129	0.453338
NC_050082.1	22473890	26425183	-0.064239	-0.005505	-0.003724	-0.059506
NC_050082.1	26505470	28493339	0.601551	0.019301	0.011526	0.415836
NC_050082.1	28493378	32480380	-0.043814	-0.003402	-0.002576	-0.037634
NC_050083.1	5114946	7671666	-0.215766	-0.031090	-0.022247	-0.187489
NC_050083.1	7723639	10954804	0.230432	0.015036	0.011478	0.230432
NC_050083.1	11024786	14079456	0.145712	0.010233	0.007560	0.114617
NC_050083.1	14662627	18009900	0.335145	0.012097	0.008926	0.115951
NC_050083.1	18009917	21449962	0.203192	0.017333	0.011779	0.163212
NC_050083.1	21450021	25438918	-0.942530	-0.055145	-0.031310	-0.728410
NC_050084.1	1504515	2642878	-0.078445	-0.010994	-0.006610	0.243534
NC_050084.1	3193352	5771161	0.800347	0.066902	0.045571	0.483182
NC_050084.1	5771171	10411131	-0.556681	-0.050953	-0.038748	-0.367158
NC_050084.1	10437295	13019627	-0.136865	-0.008869	-0.006019	-0.011350
NC_050084.1	13019897	18653060	-0.123786	-0.004115	-0.002640	-0.036989
NC_050084.1	18784806	21993256	0.817407	0.045923	0.035150	0.828255
NC_050085.1	1378143	5460445	-0.374136	-0.032753	-0.026296	-0.373211
NC_050085.1	5744817	8920340	0.255711	0.019535	0.015014	0.074387
NC_050085.1	9445323	12420694	0.302158	0.009819	0.007186	0.322570
NC_050085.1	13335875	15552845	0.394932	0.018206	0.014083	0.400011
NC_050085.1	15552846	16571313	-0.121115	-0.009552	-0.006261	-0.115736
NC_050085.1	16571324	23004370	-0.105525	-0.003231	-0.002472	0.111940
NC_050086.2	182283	3175304	-0.220967	-0.020273	-0.013621	-0.188769
NC_050086.2	3175410	4389144	0.020259	0.002501	0.001427	0.127851
NC_050086.2	4389418	5874355	-0.014900	-0.001338	-0.001067	-0.010018
NC_050086.2	6221802	10395363	-0.265257	-0.019447	-0.013013	-0.151252
NC_050086.2	10555474	12543789	-0.049832	-0.009588	-0.006444	-0.047160
NC_050086.2	12762930	13510541	0.093036	0.010304	0.007198	0.093036
NC_050086.2	13510542	13510579	1.000000	0.429148	0.429148	1.000000
NC_050086.2	13510580	17192184	-0.761866	-0.023532	-0.015096	-0.517896
NC_050087.2	2275115	5127531	0.055439	0.005785	0.004398	0.051274
NC_050087.2	5967156	8278606	-0.428389	-0.026972	-0.018272	-0.248017
NC_050087.2	8278612	8972520	0.193374	0.038645	0.024035	0.051576
NC_050087.2	8972834	9908719	-0.095865	-0.013530	-0.010399	-0.103538
NC_050087.2	9908726	14250423	0.900745	0.045383	0.037271	0.692478
NC_050088.1	4863111	8825750	0.164557	0.006741	0.003981	0.121101
NC_050088.1	8825918	10258141	0.502518	0.042896	0.029472	0.356800
NC_050088.1	10988693	12916608	0.269274	0.020411	0.014639	0.154219
NC_050088.1	12916684	13777739	0.615211	0.089165	0.064392	0.574544
NC_050089.1	2515104	3420025	-0.452469	-0.047212	-0.035349	-0.354286
NC_050089.1	3931471	7625541	-0.550536	-0.023295	-0.018066	-0.504011
NC_050089.1	8000229	10498892	-0.565594	-0.040178	-0.028514	-0.231806
NC_050089.1	10498917	11159752	-0.125158	-0.019507	-0.012131	-0.133900
NC_050089.1	11159906	13288725	0.047895	0.009507	0.006939	0.070640
NC_050089.1	13469765	15013855	0.307702	0.022947	0.016370	0.460445
NC_050089.1	15061860	18273122	0.938646	0.037677	0.029381	0.522789
NC_050090.1	3422643	4125934	-0.493987	-0.049472	-0.037419	-0.313941
NC_050090.1	4141439	5226318	0.491894	0.046323	0.038987	0.223975
NC_050090.1	5692889	13312020	0.327107	0.029364	0.018316	0.183657
NC_050091.1	2154383	3779557	0.885176	0.047565	0.037054	0.736382
NC_050091.1	3779573	5787203	-0.890751	-0.071184	-0.044151	-0.824058
NC_050091.1	6479934	7800343	0.545829	0.073418	0.050485	0.351206
NC_050091.1	10957253	13841724	0.749254	0.023031	0.014492	0.219362
NC_050091.1	13961198	15907167	-0.236523	-0.104460	-0.042793	-0.100289
NC_050092.1	4404330	6597669	-0.899811	-0.055711	-0.034805	-0.832426
NC_050092.1	6727459	9335142	-0.225562	-0.023840	-0.017168	-0.211716
NC_050092.1	9415941	11035402	0.041982	0.003786	0.002538	0.039420
NC_050092.1	11379103	15563136	-0.579984	-0.035570	-0.022520	-0.429552
NC_050093.1	1789194	4926534	0.271441	0.043602	0.030237	0.302703
NC_050093.1	5808325	10295780	0.095399	0.004056	0.003039	0.084703
NC_050093.1	11396576	13098798	0.368517	0.046799	0.033343	0.312572
NC_050094.1	634211	5348213	-0.216356	-0.032498	-0.021945	-0.215057
NC_050094.1	5389175	8262299	-0.094224	-0.005586	-0.003749	-0.051771
NC_050094.1	8321171	11188073	0.604175	0.059123	0.044822	0.482309
NC_050094.1	11378414	15438840	0.825497	0.046886	0.037857	0.730542
NC_050094.1	15532870	16017398	-0.573469	-0.101280	-0.064982	-0.257820
NC_050095.1	5586087	6128280	-0.504074	-0.088408	-0.052908	-0.172611
