chr	windowStart	windowEnd	D	f_d	f_dM	d_f
NC_050068.2	5191681	16709846	-0.067771	-0.007304	-0.004523	-0.071601
NC_050068.2	9170128	28299453	-0.010062	-0.000844	-0.000587	-0.020311
NC_050068.2	19901044	42127835	0.212422	0.021576	0.015579	0.231126
NC_050068.2	28299475	52166287	0.557621	0.073501	0.053937	0.539976
NC_050068.2	43339737	60478795	0.443829	0.040130	0.029132	0.364259
NC_050068.2	52166399	71687303	-0.140943	-0.008499	-0.006122	-0.057487
NC_050068.2	60478874	84660914	0.047324	0.002903	0.001970	0.042418
NC_050068.2	71687374	109773994	0.210941	0.011522	0.007704	0.139741
NC_050068.2	85602031	121943220	0.258692	0.014913	0.010484	0.182742
NC_050068.2	109898285	140515137	0.588595	0.030113	0.021979	0.337588
NC_050068.2	124174670	161170795	0.369196	0.016759	0.012270	0.218209
NC_050068.2	143223698	173140549	-0.230300	-0.010935	-0.008010	-0.164322
NC_050068.2	162882373	190572675	-0.169284	-0.007535	-0.005327	-0.107055
NC_050068.2	173521625	199283031	0.120484	0.008743	0.006162	0.076281
NC_050068.2	190572710	207445442	0.083805	0.008043	0.006014	0.088872
NC_050068.2	199766950	213703247	0.336553	0.024575	0.018599	0.214859
NC_050068.2	207445443	216067938	0.529507	0.058918	0.041895	0.189479
NC_050068.2	213703266	226500867	0.130220	0.014261	0.008979	0.051147
NC_050068.2	216067975	242472890	0.092245	0.004582	0.003329	0.100366
NC_050068.2	226501112	251800271	-0.078421	-0.004506	-0.003333	0.004090
NC_050068.2	243166860	260764118	-0.425401	-0.039717	-0.027098	-0.297658
NC_050068.2	253097316	265930494	-0.262111	-0.030253	-0.021023	-0.200083
NC_050068.2	260764434	282599925	-0.349296	-0.024716	-0.017078	-0.258398
NC_050068.2	266345860	294712629	-0.666003	-0.037180	-0.025542	-0.472508
NC_050068.2	282599926	310336288	-0.381565	-0.024371	-0.017762	-0.258716
NC_050068.2	294712685	318405155	-0.047042	-0.002994	-0.002227	0.007214
NC_050068.2	310336457	339617775	0.370447	0.018571	0.013526	0.282472
NC_050068.2	318405199	349570045	0.210960	0.011757	0.008293	0.192336
NC_050069.1	12251602	39973987	-0.080407	-0.005557	-0.003727	-0.048629
NC_050069.1	23511020	46669847	-0.027055	-0.001732	-0.001176	-0.002994
NC_050069.1	40056322	54016580	0.128251	0.010294	0.007553	0.085621
NC_050069.1	46669893	74493251	0.065250	0.003360	0.002415	0.031437
NC_050069.1	57300987	86285080	0.298041	0.009472	0.006793	0.153867
NC_050069.1	74493312	104189597	0.110614	0.005972	0.004369	0.116373
NC_050069.1	86285086	120533042	0.084591	0.004647	0.003284	0.085742
NC_050069.1	104565607	132745138	0.166280	0.009512	0.006500	0.093678
NC_050069.1	121121387	150286326	0.026290	0.001613	0.001218	-0.007259
NC_050069.1	134094513	166226113	0.064225	0.003595	0.002866	0.012367
NC_050069.1	150510731	173491000	-0.007657	-0.000598	-0.000445	0.030010
NC_050069.1	167577511	173491039	-0.461229	-0.056591	-0.040633	-0.260244
NC_050069.1	173491001	181397874	-0.378090	-0.037312	-0.029474	-0.176937
NC_050069.1	173491041	189204855	0.052536	0.003167	0.002381	0.097946
NC_050069.1	181470184	204127299	0.078692	0.003731	0.002604	0.121281
NC_050069.1	189253064	221938052	-0.013513	-0.000727	-0.000537	-0.005121
NC_050069.1	206033309	235634203	-0.057586	-0.003393	-0.002604	-0.052134
NC_050069.1	222735815	252057121	0.328002	0.023414	0.017116	0.237502
NC_050069.1	236763971	262178915	0.234815	0.017583	0.012808	0.166538
NC_050069.1	252260736	270676078	-0.247723	-0.018351	-0.012767	-0.153497
NC_050070.1	5325232	24691817	-0.040339	-0.002652	-0.001854	0.054798
NC_050070.1	10971518	44661057	0.014777	0.001140	0.000821	0.069633
NC_050070.1	25337571	68629016	-0.088886	-0.006381	-0.004656	-0.066676
NC_050070.1	44661117	85100930	0.142238	0.006651	0.004731	0.154097
NC_050070.1	70016549	102996721	0.107151	0.006747	0.004741	0.159886
NC_050070.1	85296703	118848316	0.030293	0.002262	0.001647	0.033755
NC_050070.1	102996733	133948623	0.207813	0.014149	0.010651	0.149024
NC_050070.1	118848493	146378607	-0.091411	-0.007928	-0.005703	-0.100953
NC_050070.1	134712926	156770845	-0.025058	-0.002378	-0.001635	-0.029285
NC_050070.1	146378761	171805325	0.528856	0.037641	0.026516	0.361206
NC_050070.1	157480244	189069441	0.370219	0.027754	0.019121	0.317994
NC_050070.1	172299188	202315952	0.360254	0.028972	0.019777	0.327251
NC_050070.1	189175183	208147253	0.255232	0.021365	0.014488	0.157024
NC_050071.1	6566426	33516505	-0.042293	-0.002151	-0.001559	-0.004861
NC_050071.1	13632743	46473563	0.210678	0.006237	0.004616	0.123515
NC_050071.1	34658781	60670170	-0.205983	-0.011566	-0.008114	-0.153796
NC_050071.1	47587277	68090473	-0.285434	-0.019572	-0.013560	-0.228698
NC_050071.1	60670172	81501691	0.126830	0.009337	0.006859	0.097352
NC_050071.1	68090717	93482769	0.173773	0.012129	0.008829	0.147732
NC_050071.1	81632560	113687528	0.157318	0.008237	0.005902	0.172322
NC_050071.1	93482889	129480837	0.103606	0.004299	0.003189	0.114157
NC_050071.1	113916577	137893203	0.100214	0.003207	0.002360	0.035894
NC_050072.1	7615890	31942921	-0.190237	-0.011834	-0.008442	-0.107757
NC_050072.1	19474756	41968967	-0.060329	-0.006240	-0.004641	-0.059051
NC_050072.1	32079174	62892917	0.093239	0.005810	0.004501	0.050852
NC_050072.1	42099268	80897337	-0.170881	-0.006689	-0.004911	-0.112680
NC_050072.1	62893163	100426001	-0.388260	-0.020912	-0.014327	-0.266944
NC_050072.1	80897338	110865686	-0.049820	-0.003937	-0.002818	-0.041738
NC_050072.1	100426030	119179212	0.028927	0.002769	0.001969	0.009466
NC_050072.1	110865741	131684764	-0.026209	-0.001512	-0.001053	-0.033416
NC_050073.1	2754280	6062209	-0.042614	-0.011505	-0.008061	-0.027927
NC_050073.1	2855426	17293340	0.172344	0.014542	0.009806	0.095261
NC_050073.1	7590279	32085048	0.084952	0.004334	0.003004	0.112663
NC_050073.1	17293349	45345880	0.074990	0.005081	0.003698	0.143819
NC_050073.1	32166014	60303221	0.362888	0.030496	0.022083	0.386584
NC_050073.1	46306598	71617462	0.324141	0.023086	0.016286	0.291368
NC_050073.1	61680532	85269381	-0.152369	-0.008146	-0.005827	-0.071940
NC_050073.1	71617536	94633990	-0.364397	-0.021024	-0.014473	-0.279830
NC_050073.1	85269411	111106812	-0.110650	-0.007903	-0.005321	-0.124768
NC_050073.1	94634068	121902110	0.332677	0.021103	0.014665	0.204892
NC_050074.1	5844486	34367188	-0.134056	-0.006474	-0.004342	0.006238
NC_050074.1	19715371	45252369	-0.005565	-0.000330	-0.000231	0.027362
NC_050074.1	35106124	62584995	-0.079322	-0.003586	-0.002564	-0.082464
NC_050074.1	45516688	84188818	-0.303272	-0.012262	-0.008497	-0.222820
NC_050074.1	65955950	98289964	-0.127044	-0.008231	-0.005778	-0.077727
NC_050074.1	84617404	110141979	0.067019	0.004784	0.003357	0.093578
NC_050074.1	98290169	122603116	0.074250	0.003337	0.002274	0.106675
NC_050075.1	6838854	32785766	0.394552	0.025102	0.018523	0.322868
NC_050075.1	13645961	44928295	-0.032321	-0.002015	-0.001408	-0.027288
NC_050075.1	33703057	52616976	-0.066005	-0.005255	-0.003696	-0.058740
NC_050075.1	46050572	65631237	0.160151	0.013528	0.009217	0.121303
NC_050075.1	52824683	90986759	0.205205	0.013243	0.009448	0.194423
NC_050075.1	68189890	103818591	0.018418	0.000908	0.000661	0.068559
NC_050076.1	4209537	22743966	0.051741	0.003394	0.002431	0.041938
NC_050076.1	7945114	38921197	0.407264	0.016169	0.011624	0.281376
NC_050076.1	23267602	52048299	0.041484	0.001985	0.001407	0.022325
NC_050076.1	39867541	62379538	-0.252178	-0.014156	-0.010122	-0.221768
NC_050076.1	52084432	71841917	-0.009986	-0.000692	-0.000496	0.074325
NC_050076.1	62379744	86989963	0.058730	0.003993	0.002821	0.107579
NC_050076.1	72822321	102272461	-0.166602	-0.008024	-0.005960	-0.106077
NC_050077.1	2449043	15833218	-0.393128	-0.036669	-0.023186	-0.297164
NC_050077.1	9025062	27885587	-0.323458	-0.021594	-0.014256	-0.226651
NC_050077.1	17476593	39959744	-0.163223	-0.009268	-0.006735	-0.115595
NC_050077.1	30044092	62655567	0.210298	0.010754	0.008056	0.175806
NC_050077.1	39992652	71999166	0.159350	0.008714	0.006260	0.158385
NC_050077.1	63186793	79249254	-0.268111	-0.018312	-0.012703	-0.206549
NC_050078.2	3616773	26951107	0.003176	0.000185	0.000121	-0.033207
NC_050078.2	16365067	42237892	0.049994	0.003944	0.002784	0.031038
NC_050078.2	31172174	56212802	-0.001015	-0.000079	-0.000059	-0.021733
NC_050078.2	44745021	64932585	0.373866	0.037471	0.028023	0.378791
NC_050078.2	56212963	73259431	0.481768	0.040573	0.030148	0.402058
NC_050079.1	605681	31880863	-0.363531	-0.022546	-0.016021	-0.228964
NC_050079.1	10255869	42357251	-0.234257	-0.012362	-0.008721	-0.169937
NC_050080.1	8355758	28810478	-0.111945	-0.007154	-0.004858	-0.052951
NC_050080.1	17106577	39845386	-0.024687	-0.002140	-0.001413	0.000373
NC_050081.1	15773833	32138762	0.066176	0.004512	0.003111	0.061502
NC_050081.1	25101747	33968842	0.097202	0.009943	0.006874	0.105627
NC_050081.1	32138763	35843013	-0.115956	-0.036868	-0.022351	-0.072319
NC_050081.1	33968940	37654539	-0.101220	-0.026117	-0.014776	-0.063026
NC_050082.1	7354904	26425183	0.223650	0.012039	0.008472	0.177507
NC_050083.1	3632183	18970415	0.146557	0.009515	0.007099	0.108749
NC_050084.1	1504515	18653060	-0.045978	-0.003480	-0.002339	0.053182
NC_050085.1	2028037	21108048	0.145092	0.007753	0.005819	0.136822
NC_050086.2	4389418	13510579	-0.071708	-0.007904	-0.005586	-0.054547
NC_050088.1	8972834	10258141	0.414810	0.019920	0.013867	0.256881
NC_050088.1	807235	15815417	0.380800	0.022580	0.015321	0.282011
NC_050089.1	539329	12359872	-0.362505	-0.023326	-0.017038	-0.238136
NC_050089.1	8000229	18273122	0.064125	0.005836	0.004214	0.087381
NC_050091.1	4601357	7256655	0.060982	0.004729	0.003265	0.026775
NC_050091.1	2154383	15907167	0.047093	0.004379	0.002850	-0.020893
NC_050092.1	7662694	7959567	-0.077995	-0.008003	-0.005236	-0.041856
NC_050093.1	8342330	8682427	-0.044747	-0.003662	-0.002494	-0.050559
NC_050094.1	8682436	8995478	0.151087	0.013609	0.009671	0.104438
NC_050094.1	634211	16017398	0.109491	0.010459	0.007563	0.077173
