chr	windowStart	windowEnd	D	f_d	f_dM	d_f
NC_050068.2	3280112	5294381	0.117932	0.034912	0.023359	0.181964
NC_050068.2	4551970	7380454	-0.004890	-0.000617	-0.000345	-0.009555
NC_050068.2	5191681	9169865	-0.202717	-0.030644	-0.016012	-0.158484
NC_050068.2	7173007	11044604	-0.305973	-0.040738	-0.024253	-0.321209
NC_050068.2	7888647	14714167	-0.347922	-0.042995	-0.027194	-0.360283
NC_050068.2	9824543	21201731	-0.096535	-0.009472	-0.005937	-0.110232
NC_050068.2	14071750	26519923	0.393202	0.024124	0.017213	0.318367
NC_050068.2	19901044	28299453	-0.063211	-0.005123	-0.003641	-0.052291
NC_050068.2	23002216	38233128	-0.078958	-0.005723	-0.004213	-0.063557
NC_050068.2	27857759	41457168	0.256391	0.028823	0.020920	0.248943
NC_050068.2	29745725	43563408	0.648624	0.084428	0.064188	0.668892
NC_050068.2	40512244	46581161	0.604426	0.086020	0.065074	0.589303
NC_050068.2	43339737	52166287	0.742918	0.107162	0.078587	0.648734
NC_050068.2	44369427	54413997	0.525286	0.037280	0.027548	0.409809
NC_050068.2	51186626	58965169	-0.041202	-0.001713	-0.001310	-0.027328
NC_050068.2	53111598	61947039	-0.180328	-0.011648	-0.008445	-0.131805
NC_050068.2	56137168	67547334	0.096446	0.005424	0.003874	0.152452
NC_050068.2	60478874	71687303	-0.085919	-0.006185	-0.004456	0.009735
NC_050068.2	66463585	75711486	-0.508035	-0.028516	-0.018419	-0.268145
NC_050068.2	70178216	81896030	-0.253011	-0.015469	-0.010029	-0.188609
NC_050068.2	74482046	88901729	0.194073	0.009128	0.006118	0.035711
NC_050068.2	79047476	97470112	0.194075	0.008929	0.006027	0.125249
NC_050068.2	85602031	109773994	0.183505	0.010559	0.007256	0.163201
NC_050068.2	95003013	113956579	0.436486	0.026505	0.018802	0.422928
NC_050068.2	103779896	120570072	0.366877	0.022771	0.015988	0.254259
NC_050068.2	111262036	127321491	0.134841	0.005005	0.003631	0.058987
NC_050068.2	117562819	134837557	0.351912	0.017657	0.013197	0.186146
NC_050068.2	124174670	140515137	0.785774	0.036523	0.026746	0.452808
NC_050068.2	132927625	147386083	0.686607	0.035206	0.026229	0.480204
NC_050068.2	138068252	157375196	0.133054	0.005109	0.003794	0.065199
NC_050068.2	145555798	165254321	-0.441034	-0.018061	-0.013164	-0.260002
NC_050068.2	151718655	167621837	-0.481233	-0.030821	-0.022224	-0.415600
NC_050068.2	162882373	173140549	-0.391248	-0.020619	-0.015123	-0.307993
NC_050068.2	165989323	178942738	-0.634327	-0.020561	-0.015424	-0.336813
NC_050068.2	171656134	185125027	-0.200232	-0.007075	-0.004824	-0.082475
NC_050068.2	177010334	192042473	0.464619	0.017997	0.012293	0.222687
NC_050068.2	184184545	197226041	0.102230	0.007539	0.005297	0.091195
NC_050068.2	190572710	199283031	0.163570	0.020698	0.015111	0.118165
NC_050068.2	195642792	202179623	0.218910	0.026513	0.019997	0.148991
NC_050068.2	198884630	206094611	-0.187816	-0.013635	-0.010342	-0.060542
NC_050068.2	200900329	207445510	-0.084844	-0.006111	-0.004565	0.019541
NC_050068.2	204632531	211950824	0.140526	0.008230	0.006117	0.118212
NC_050068.2	207445443	213703247	0.763173	0.060758	0.045373	0.325424
NC_050068.2	209141304	216029362	0.668291	0.055361	0.040261	0.272506
NC_050068.2	212771879	216067767	0.464129	0.085714	0.059716	0.169476
NC_050068.2	215632817	218237964	0.265782	0.051786	0.031978	0.098489
NC_050068.2	216067720	221285974	0.101833	0.016012	0.009604	0.081437
NC_050068.2	216067975	226500867	0.043685	0.003548	0.002246	0.032944
NC_050068.2	219827863	230333674	0.078291	0.002910	0.002083	0.049895
NC_050068.2	223465379	238247928	0.641215	0.022314	0.016877	0.455197
NC_050068.2	228474679	244273686	0.183304	0.008738	0.006687	0.193330
NC_050068.2	234371560	249305598	-0.246661	-0.016338	-0.012242	-0.094936
NC_050068.2	243166860	251800271	-0.217622	-0.022568	-0.014946	-0.138428
NC_050068.2	247167094	257083901	-0.170895	-0.012209	-0.008587	-0.123524
NC_050068.2	251631747	260027894	-0.411550	-0.042947	-0.030618	-0.285189
NC_050068.2	255893124	260767900	-0.699743	-0.083102	-0.054654	-0.407847
NC_050068.2	259547210	262500086	-0.794916	-0.161129	-0.098141	-0.558343
NC_050068.2	260764434	265930494	0.098673	0.017191	0.011718	0.066727
NC_050068.2	262500025	273940840	0.203537	0.013444	0.009461	0.153484
NC_050068.2	264792675	281241460	0.021562	0.001140	0.000791	-0.007445
NC_050068.2	273692592	282663585	-0.807840	-0.062558	-0.042242	-0.484922
NC_050068.2	278627382	286949195	-0.634007	-0.070468	-0.048075	-0.455509
NC_050068.2	282599926	294712629	-0.444112	-0.037598	-0.025365	-0.375476
NC_050068.2	286019153	301581403	-0.234978	-0.014996	-0.011157	-0.192784
NC_050068.2	291752412	309547814	-0.332833	-0.012147	-0.009209	-0.149003
NC_050068.2	298229446	310378312	-0.722799	-0.043104	-0.032166	-0.478736
NC_050068.2	307314209	316522739	-0.016466	-0.001301	-0.000995	-0.013834
NC_050068.2	310336457	318405155	0.268188	0.023419	0.016514	0.204477
NC_050068.2	311114463	327675295	0.746040	0.040322	0.028951	0.531516
NC_050068.2	317798200	336454024	0.317634	0.010607	0.007710	0.265866
NC_050068.2	325977324	341646267	0.340374	0.011461	0.008524	0.244323
NC_050068.2	333454761	345970628	0.151292	0.012471	0.009034	0.143926
NC_050068.2	340451516	349570045	0.057541	0.004859	0.003226	0.070322
NC_050069.1	4547150	12722362	0.179333	0.017124	0.011561	0.117662
NC_050069.1	7903732	17837798	0.135211	0.016060	0.010960	0.100257
NC_050069.1	12251602	23472022	-0.008685	-0.000719	-0.000484	-0.006084
NC_050069.1	13046402	30615929	-0.195913	-0.012031	-0.008104	-0.153551
NC_050069.1	18237055	37165869	0.045768	0.002293	0.001513	0.072416
NC_050069.1	25987781	41032290	-0.168936	-0.010461	-0.006965	-0.105268
NC_050069.1	36390811	43569465	-0.090070	-0.005727	-0.003725	-0.054537
NC_050069.1	40056322	46669847	0.213471	0.016498	0.011664	0.151034
NC_050069.1	43035987	48981140	0.148621	0.020167	0.015249	0.137397
NC_050069.1	46201436	52203599	0.256126	0.027465	0.020879	0.231063
NC_050069.1	48923893	58741463	0.044079	0.002601	0.001892	0.000061
NC_050069.1	50167692	70770681	-0.026627	-0.000817	-0.000596	-0.051268
NC_050069.1	57300987	74493251	0.051064	0.001607	0.001122	0.027167
NC_050069.1	66589350	82268982	0.213741	0.007578	0.005173	0.126551
NC_050069.1	74205429	84122604	0.565295	0.010963	0.008394	0.225488
NC_050069.1	79130887	87340121	0.041406	0.002815	0.002049	0.029927
NC_050069.1	83909322	97980505	0.140977	0.008500	0.006277	0.139424
NC_050069.1	86285086	104189597	-0.063489	-0.004515	-0.003265	0.023589
NC_050069.1	94355750	108838911	0.271900	0.016556	0.011541	0.199729
NC_050069.1	100607427	117193968	0.154106	0.006178	0.004271	0.067018
NC_050069.1	106967340	123008868	0.320970	0.016732	0.011531	0.199765
NC_050069.1	116681198	126396992	-0.052615	-0.003940	-0.002804	-0.040640
NC_050069.1	121121387	132745138	0.030272	0.002551	0.001722	0.022093
NC_050069.1	124651276	138289152	0.028777	0.002531	0.001857	-0.059344
NC_050069.1	130214900	144599604	0.027233	0.001602	0.001233	-0.019745
NC_050069.1	135797991	153782312	0.316754	0.016153	0.012786	0.259986
NC_050069.1	140428345	161285156	0.220189	0.010405	0.008119	0.226204
NC_050069.1	150510731	166226113	0.108598	0.007395	0.005747	0.079499
NC_050069.1	158061367	173457115	-0.085172	-0.005253	-0.003758	0.011099
NC_050069.1	161588546	173490992	-0.018728	-0.001193	-0.000870	0.073399
NC_050069.1	169459996	173491005	-0.656207	-0.055685	-0.041531	-0.420108
NC_050069.1	173490987	173491017	-0.986207	-0.236923	-0.191286	-0.697561
NC_050069.1	173491001	173491039	-0.971429	-0.232195	-0.187919	-0.523077
NC_050069.1	173491012	173491051	-0.971429	-0.232195	-0.187919	-0.523077
NC_050069.1	173491032	177911909	-0.067179	-0.006352	-0.005297	-0.033728
NC_050069.1	173491046	183304832	0.057868	0.003407	0.002768	0.108221
NC_050069.1	176222486	186022160	0.427196	0.025462	0.019856	0.380499
NC_050069.1	181470184	189204855	0.034122	0.001749	0.001255	0.094796
NC_050069.1	184026809	193780463	0.230845	0.011701	0.007741	0.135286
NC_050069.1	186513480	200236644	-0.085754	-0.003900	-0.002709	0.013993
NC_050069.1	191261166	206502276	-0.027002	-0.001027	-0.000734	0.069149
NC_050069.1	195849082	214084312	0.084030	0.004356	0.003315	0.108709
NC_050069.1	206033309	221938052	-0.089424	-0.005453	-0.004300	-0.103604
NC_050069.1	210043516	226235814	-0.212522	-0.011050	-0.008647	-0.141013
NC_050069.1	219448018	229517160	0.134974	0.007665	0.006173	0.076492
NC_050069.1	225053407	238145574	-0.135893	-0.011025	-0.008010	-0.101449
NC_050069.1	227523702	243585384	0.004161	0.000289	0.000215	-0.000684
NC_050069.1	236763971	252057121	0.534892	0.045600	0.032879	0.373015
NC_050069.1	242627260	256723607	0.409158	0.033779	0.024457	0.311799
NC_050069.1	248872226	260106793	0.005685	0.000426	0.000308	-0.000831
NC_050069.1	254724768	263663463	0.139578	0.009579	0.006978	0.094600
NC_050069.1	258366336	266419633	-0.030031	-0.003226	-0.002281	-0.029922
NC_050069.1	262188368	270676078	-0.218173	-0.019608	-0.012698	-0.119773
NC_050069.1	265801406	271095011	-0.261271	-0.018693	-0.011065	-0.074677
NC_050070.1	1990702	8497391	-0.259035	-0.022248	-0.016197	-0.222711
NC_050070.1	5325232	10971508	-0.340800	-0.023662	-0.016512	-0.296182
NC_050070.1	7164555	16523731	0.413274	0.026346	0.018999	0.422370
NC_050070.1	9373361	20605069	0.463601	0.030965	0.022482	0.468001
NC_050070.1	11123186	26735913	-0.165049	-0.010106	-0.006867	-0.130482
NC_050070.1	19631329	32027414	-0.353580	-0.040536	-0.026148	-0.336072
NC_050070.1	25337571	44661057	-0.115883	-0.010292	-0.007573	-0.105229
NC_050070.1	30785731	52057792	-0.086068	-0.006084	-0.004477	-0.057527
NC_050070.1	44097337	63642559	0.119161	0.007219	0.005397	0.068413
NC_050070.1	48539787	75377052	-0.034774	-0.001465	-0.001018	-0.018799
NC_050070.1	58953439	77766382	0.185067	0.012784	0.008671	0.267875
NC_050070.1	70016549	85100930	0.317954	0.014217	0.009978	0.381557
NC_050070.1	76591077	98638039	0.510740	0.023997	0.017165	0.513629
NC_050070.1	82102035	101652337	0.062561	0.004162	0.002954	0.079058
NC_050070.1	88015116	104045237	-0.099878	-0.008152	-0.005806	-0.079783
NC_050070.1	100196907	104712078	0.178251	0.033310	0.022113	0.108543
NC_050070.1	102996733	118848316	0.066757	0.004659	0.003563	0.038123
NC_050070.1	104711830	122020265	0.089468	0.005470	0.004243	0.067430
NC_050070.1	112721059	132221638	0.005792	0.000355	0.000259	0.008312
NC_050070.1	121154514	137711213	0.172607	0.012032	0.008803	0.169523
NC_050070.1	128524972	142547871	-0.115479	-0.009777	-0.006912	-0.099496
NC_050070.1	134712926	146378607	-0.468151	-0.055758	-0.038099	-0.379820
NC_050070.1	141874120	150187611	-0.189186	-0.014483	-0.010808	-0.080449
NC_050070.1	143101713	155226577	0.683211	0.041168	0.028750	0.453246
NC_050070.1	147369646	158725738	0.628480	0.065783	0.043890	0.485580
NC_050070.1	151325204	163163723	0.458326	0.052206	0.032750	0.292075
NC_050070.1	157480244	171805325	0.543609	0.036606	0.026180	0.388104
NC_050070.1	161269017	181220512	0.392018	0.020410	0.014682	0.373350
NC_050070.1	171359441	183386887	0.376036	0.029809	0.020612	0.374272
NC_050070.1	177444972	192302513	0.267196	0.025418	0.017764	0.277769
NC_050070.1	181706768	199889750	0.233913	0.020690	0.014292	0.186725
NC_050070.1	189175183	202315952	0.548845	0.042261	0.029955	0.456365
NC_050070.1	196548205	204038494	0.570011	0.027124	0.018906	0.243933
NC_050070.1	201303117	206463008	-0.203027	-0.014249	-0.009262	-0.090531
NC_050070.1	203514016	210087617	0.055807	0.005154	0.003268	0.037358
NC_050071.1	4532275	12550083	-0.111495	-0.006927	-0.004874	-0.041651
NC_050071.1	8027215	16428267	-0.032789	-0.002927	-0.002028	0.007166
NC_050071.1	11539174	24354122	-0.209852	-0.011637	-0.008334	-0.118169
NC_050071.1	13632743	33516505	-0.008216	-0.000259	-0.000191	-0.006176
NC_050071.1	21037387	38174788	0.561202	0.019448	0.014637	0.363069
NC_050071.1	26952308	45686229	0.456751	0.010749	0.007945	0.158985
NC_050071.1	35923778	49054791	0.631113	0.018596	0.013403	0.338004
NC_050071.1	44707985	57218685	-0.312243	-0.024252	-0.016656	-0.210122
NC_050071.1	47587277	60670170	-0.507510	-0.047214	-0.030709	-0.462908
NC_050071.1	53388110	62980375	-0.821354	-0.059021	-0.040607	-0.756782
NC_050071.1	59667727	67005923	-0.104540	-0.004183	-0.003023	-0.092822
NC_050071.1	60670187	70291509	-0.078934	-0.004151	-0.003070	-0.058721
NC_050071.1	65215190	74748054	0.019109	0.001317	0.001001	0.014319
NC_050071.1	68090717	81501691	0.108807	0.010692	0.007803	0.089579
NC_050071.1	73188260	83273556	0.346323	0.031889	0.023844	0.286986
NC_050071.1	77904120	92197125	0.404400	0.016095	0.011705	0.306720
NC_050071.1	82854921	96650979	0.090272	0.004996	0.003459	0.091898
NC_050071.1	86006157	103380341	-0.078554	-0.005742	-0.003956	-0.007359
NC_050071.1	93482889	113687528	0.072079	0.004006	0.002837	0.128846
NC_050071.1	100560827	118050569	-0.257176	-0.010180	-0.007341	-0.130149
NC_050071.1	106806522	127857851	0.043919	0.000723	0.000553	0.027088
NC_050071.1	115786893	132544423	0.167989	0.004256	0.003207	0.073304
NC_050071.1	123831489	133007633	-0.213240	-0.012143	-0.008473	-0.092116
NC_050071.1	130258993	137893203	0.027039	0.001121	0.000757	-0.001877
NC_050071.1	133007354	142542301	-0.124753	-0.004491	-0.003021	-0.095089
NC_050072.1	52502	14106608	-0.569381	-0.017471	-0.012511	-0.430913
NC_050072.1	7615890	19461808	-0.173434	-0.005845	-0.004199	-0.020221
NC_050072.1	12354991	23882654	0.021402	0.001330	0.000964	0.094867
NC_050072.1	18495361	28011151	-0.096985	-0.009009	-0.006536	-0.045307
NC_050072.1	22414915	34054971	-0.117879	-0.011207	-0.008149	-0.089848
NC_050072.1	26086114	37563132	-0.065595	-0.008666	-0.006393	-0.073446
NC_050072.1	32079174	41968967	0.072619	0.008382	0.006635	0.023458
NC_050072.1	36568294	47863300	-0.132587	-0.010148	-0.007772	-0.140201
NC_050072.1	41697871	55992060	0.138720	0.006902	0.005409	0.110776
NC_050072.1	45672710	64429051	-0.127358	-0.005092	-0.003722	-0.073681
NC_050072.1	52641148	71753094	0.021863	0.001069	0.000746	0.025375
NC_050072.1	62893163	80897337	-0.389117	-0.019409	-0.013616	-0.281956
NC_050072.1	69737402	87955050	-0.178710	-0.005560	-0.003880	-0.096803
NC_050072.1	74984705	99029424	-0.490964	-0.023630	-0.016130	-0.360600
NC_050072.1	86292650	100813255	-0.360106	-0.023399	-0.015581	-0.246858
NC_050072.1	97497944	106132749	0.152792	0.009218	0.007207	0.134709
NC_050072.1	100426030	110865686	0.184949	0.019162	0.015117	0.161801
NC_050072.1	105013904	114901589	0.283708	0.034688	0.024709	0.215659
NC_050072.1	109200918	117788590	-0.189047	-0.019556	-0.013531	-0.181749
NC_050072.1	113564150	122095702	-0.785337	-0.040321	-0.026260	-0.527116
NC_050072.1	117501621	126752689	-0.333784	-0.026774	-0.017600	-0.233974
NC_050072.1	120584634	131684764	0.132057	0.005741	0.004186	0.107425
NC_050072.1	124621059	137289966	0.573464	0.025681	0.019480	0.323756
NC_050073.1	2515018	2820570	0.016946	0.004017	0.002932	0.003052
NC_050073.1	2754280	2855410	-0.012138	-0.007009	-0.004026	-0.016507
NC_050073.1	2820358	3133319	-0.029249	-0.014805	-0.008754	-0.014347
NC_050073.1	2855219	5896203	-0.633773	-0.126771	-0.082560	-0.299495
NC_050073.1	2891308	10519098	0.100161	0.010963	0.007628	0.054849
NC_050073.1	5445522	17186788	0.186366	0.014968	0.009996	0.133616
NC_050073.1	7590279	17293340	0.510131	0.026114	0.016827	0.290044
NC_050073.1	16408742	23395551	0.429147	0.016061	0.011874	0.283093
NC_050073.1	17293329	29086477	-0.162771	-0.006550	-0.004700	-0.040023
NC_050073.1	18131749	35771732	-0.089163	-0.005304	-0.003841	0.004369
NC_050073.1	26445753	41825887	-0.018171	-0.001460	-0.001084	0.140867
NC_050073.1	32166014	45345880	0.245657	0.021737	0.015889	0.282763
NC_050073.1	41519467	52955685	0.485176	0.042097	0.030360	0.444458
NC_050073.1	42464850	57161628	0.389783	0.030766	0.020610	0.303421
NC_050073.1	51533688	63461466	0.462065	0.040863	0.028650	0.450957
NC_050073.1	55914428	69259010	0.476999	0.033511	0.024985	0.391617
NC_050073.1	61680532	71617462	0.070987	0.004416	0.003060	0.082889
NC_050073.1	68657027	76266550	-0.239493	-0.015194	-0.011184	-0.220769
NC_050073.1	70362920	79355544	-0.543620	-0.022201	-0.016079	-0.294620
NC_050073.1	76266275	86576696	-0.266644	-0.018599	-0.013388	-0.190203
NC_050073.1	76800180	89861074	-0.333899	-0.019154	-0.012911	-0.223176
NC_050073.1	85269411	94633990	-0.314440	-0.022071	-0.014240	-0.278638
NC_050073.1	87915133	100575819	-0.403328	-0.026599	-0.016768	-0.283611
NC_050073.1	92052160	107663742	0.024587	0.001859	0.001332	-0.073744
NC_050073.1	97527981	111203695	0.240686	0.016463	0.012064	0.199143
NC_050073.1	106829163	116300575	0.529329	0.042625	0.029744	0.345102
NC_050073.1	111203446	121902110	0.640676	0.034782	0.023799	0.319617
NC_050073.1	112456277	128648272	0.455966	0.017311	0.012137	0.290826
NC_050074.1	697228	10744220	-0.495529	-0.031018	-0.022044	-0.246381
NC_050074.1	5844486	19576209	-0.069238	-0.002217	-0.001515	0.126042
NC_050074.1	9600086	24581998	-0.823244	-0.029665	-0.019641	-0.514655
NC_050074.1	12758210	29071971	-0.648243	-0.029571	-0.019275	-0.343840
NC_050074.1	22488605	37104641	-0.233157	-0.016751	-0.011554	-0.132066
NC_050074.1	27826638	40237495	0.344777	0.016869	0.011954	0.252525
NC_050074.1	35106124	45252369	0.205967	0.011103	0.008324	0.155308
NC_050074.1	37836459	54763596	0.224936	0.009628	0.007094	0.154661
NC_050074.1	44628393	59999550	-0.272714	-0.012234	-0.008553	-0.290916
NC_050074.1	49367506	68821457	-0.092454	-0.002717	-0.001876	-0.069003
NC_050074.1	58293561	78292820	-0.085052	-0.003823	-0.002589	-0.042347
NC_050074.1	65955950	84188818	-0.273113	-0.011327	-0.007822	-0.130570
NC_050074.1	73730281	90418449	-0.429377	-0.018924	-0.013688	-0.273818
NC_050074.1	82657716	96031174	-0.030073	-0.002358	-0.001814	-0.017636
NC_050074.1	88858202	99148224	0.051128	0.006467	0.004282	0.040804
NC_050074.1	94481145	107410339	0.296522	0.015137	0.010503	0.165791
NC_050074.1	98290169	110141979	0.325690	0.015501	0.010639	0.288169
NC_050074.1	104086132	115702893	0.446580	0.025949	0.019192	0.387998
NC_050074.1	110057718	119936576	0.045181	0.002128	0.001396	0.020900
NC_050074.1	111532810	125199058	-0.231918	-0.008037	-0.005389	-0.180411
NC_050075.1	2014200	8874481	-0.236121	-0.015492	-0.011819	-0.205649
NC_050075.1	5467793	10922969	0.507568	0.043496	0.034923	0.394243
NC_050075.1	7387510	16526436	0.428822	0.049754	0.035957	0.354259
NC_050075.1	10587973	19481957	0.357735	0.037881	0.025315	0.252586
NC_050075.1	13645961	32785766	0.159964	0.008451	0.005945	0.133619
NC_050075.1	17580273	37022549	-0.041711	-0.002445	-0.001743	-0.036328
NC_050075.1	25479612	41578239	-0.317556	-0.017560	-0.012229	-0.287709
NC_050075.1	35419177	47521072	-0.058819	-0.004264	-0.003116	-0.050326
NC_050075.1	39987804	50302900	0.104203	0.007267	0.005517	0.085986
NC_050075.1	46050572	52616976	0.199736	0.016013	0.011566	0.181272
NC_050075.1	49122262	56981798	0.388928	0.026160	0.018039	0.354898
NC_050075.1	51757447	63674824	0.319156	0.021564	0.014617	0.266562
NC_050075.1	54813614	72543116	0.392692	0.037181	0.026234	0.317286
NC_050075.1	63674583	78212403	0.480048	0.039871	0.029670	0.378179
NC_050075.1	68189890	90986759	0.289408	0.014245	0.010809	0.307148
NC_050075.1	75292777	94679509	-0.783275	-0.030112	-0.021118	-0.710440
NC_050075.1	90346197	100612981	-0.461691	-0.029136	-0.019817	-0.416051
NC_050075.1	92414761	105872449	-0.461543	-0.024151	-0.017217	-0.375387
NC_050076.1	2323479	5714512	-0.119191	-0.011179	-0.008153	-0.128043
NC_050076.1	4732547	7950257	-0.044434	-0.006189	-0.004231	-0.035669
NC_050076.1	5403714	15444279	0.091190	0.006669	0.004811	0.071974
NC_050076.1	7945114	22743966	0.418286	0.015341	0.010947	0.242657
NC_050076.1	14270494	30786020	0.327935	0.008870	0.006384	0.172905
NC_050076.1	20655832	37242084	0.182754	0.007975	0.005580	0.154521
NC_050076.1	26603593	40905490	0.424153	0.018160	0.013186	0.386957
NC_050076.1	34452810	47717669	0.123211	0.006425	0.004612	0.098769
NC_050076.1	39867541	52048299	-0.362321	-0.020536	-0.014125	-0.285800
NC_050076.1	45114100	54438807	-0.514277	-0.044446	-0.028843	-0.492929
NC_050076.1	50260580	57426076	-0.320616	-0.034006	-0.022735	-0.311018
NC_050076.1	53896862	63319668	0.304791	0.017856	0.013692	0.383380
NC_050076.1	55037302	66150881	-0.234777	-0.013073	-0.009566	-0.097146
NC_050076.1	62379744	71841917	0.134133	0.011841	0.008201	0.250996
NC_050076.1	65640450	78390214	0.158465	0.013076	0.009044	0.164067
NC_050076.1	67227178	82805512	0.218244	0.016230	0.011121	0.174177
NC_050076.1	76191515	88983966	-0.237477	-0.012136	-0.008881	-0.150454
NC_050076.1	79664567	93553769	-0.288825	-0.012638	-0.009497	-0.174211
NC_050076.1	87290370	102272461	-0.363822	-0.015085	-0.011653	-0.219964
NC_050076.1	92234243	104259124	0.195808	0.008906	0.006867	0.172879
NC_050077.1	822796	5112914	-0.020261	-0.001958	-0.001238	-0.013810
NC_050077.1	2449043	7604867	-0.394209	-0.038534	-0.024989	-0.295371
NC_050077.1	4474202	11856543	-0.434667	-0.044432	-0.029883	-0.339506
NC_050077.1	6876665	13521251	-0.188645	-0.017556	-0.010866	-0.140090
NC_050077.1	11454043	19519096	-0.178818	-0.013764	-0.008979	-0.159319
NC_050077.1	12875736	22262833	-0.299409	-0.019712	-0.012763	-0.282725
NC_050077.1	17476593	27885587	-0.227335	-0.011229	-0.007828	-0.155313
NC_050077.1	20020642	32553976	-0.522277	-0.018443	-0.013222	-0.304037
NC_050077.1	25610567	36415233	-0.303727	-0.014363	-0.010676	-0.195470
NC_050077.1	30700232	42078539	-0.233094	-0.013570	-0.010580	-0.107973
NC_050077.1	35754728	50948729	0.130753	0.007612	0.005354	0.070678
NC_050077.1	39992652	62655567	0.513566	0.022215	0.016542	0.353972
NC_050077.1	46140624	69573513	0.234378	0.014851	0.010792	0.270612
NC_050077.1	59042911	71472367	-0.004632	-0.000389	-0.000273	0.100974
NC_050077.1	64998047	73451372	-0.294293	-0.023595	-0.015595	-0.204373
NC_050077.1	69670611	75028440	-0.303627	-0.018161	-0.012368	-0.183753
NC_050077.1	72071020	79249254	-0.386007	-0.023713	-0.016930	-0.343682
NC_050077.1	74677184	82866245	-0.032625	-0.002131	-0.001589	-0.035709
NC_050077.1	78082844	85115275	0.244777	0.017791	0.013648	0.164113
NC_050078.2	3616773	15359831	-0.590664	-0.027584	-0.016927	-0.426258
NC_050078.2	7968978	21016601	-0.202212	-0.010747	-0.007523	-0.249880
NC_050078.2	13573498	25882105	0.415294	0.022029	0.016142	0.315100
NC_050078.2	20255619	33136027	0.001794	0.000156	0.000100	0.044202
NC_050078.2	24549977	38451672	-0.151466	-0.010574	-0.007420	-0.188527
NC_050078.2	31172174	42237892	-0.347420	-0.028595	-0.019816	-0.312075
NC_050078.2	36767952	49758675	-0.120774	-0.009328	-0.006939	-0.081023
NC_050078.2	41164077	51485046	0.020966	0.002257	0.001669	0.032885
NC_050078.2	46500185	56698471	0.915066	0.093785	0.076562	0.908039
NC_050078.2	49759016	58809032	0.642090	0.091214	0.070939	0.674774
NC_050078.2	56212963	64932585	0.392846	0.055626	0.038692	0.412973
NC_050078.2	57557689	66621147	0.135471	0.012454	0.008905	0.117471
NC_050078.2	63584958	70490714	0.694361	0.022756	0.016898	0.272025
NC_050078.2	66621058	75287611	0.640967	0.036728	0.028861	0.432003
NC_050078.2	66621355	77799805	0.406181	0.026805	0.020507	0.354182
NC_050079.1	795178	12342954	-0.355411	-0.024943	-0.018041	-0.146174
NC_050079.1	2580339	18307763	-0.206911	-0.021743	-0.014598	-0.122885
NC_050079.1	10255869	31880863	-0.275449	-0.014319	-0.010170	-0.167259
NC_050079.1	16045029	36550686	0.400296	0.013351	0.009557	0.329479
NC_050079.1	25995696	39245583	-0.157180	-0.006880	-0.004702	-0.161819
NC_050079.1	35259414	43225341	-0.531896	-0.029157	-0.020343	-0.379971
NC_050080.1	2926714	9639125	0.523095	0.028663	0.023136	0.484061
NC_050080.1	5228538	13649016	0.291277	0.013759	0.010992	0.298182
NC_050080.1	8769038	19551323	-0.112106	-0.007498	-0.005233	-0.009239
NC_050080.1	12818673	25788598	-0.174645	-0.010702	-0.006763	-0.070207
NC_050080.1	17106577	28810478	-0.334158	-0.025160	-0.015052	-0.231533
NC_050080.1	22176247	32060946	-0.013379	-0.001319	-0.000848	0.003554
NC_050080.1	28321315	37768698	0.176902	0.016798	0.012482	0.173076
NC_050081.1	4700719	21100198	0.071438	0.003324	0.002471	0.009415
NC_050081.1	13800292	24508995	-0.107958	-0.004929	-0.003444	-0.148785
NC_050081.1	17412443	25558958	0.093637	0.007368	0.004911	0.078152
NC_050081.1	22167770	31500446	0.350514	0.020101	0.013637	0.346149
NC_050081.1	25101747	32138762	0.266206	0.020088	0.014125	0.249851
NC_050081.1	26684349	32245946	-0.130742	-0.012305	-0.007887	0.007365
NC_050081.1	31971214	33490295	-0.122126	-0.055718	-0.028365	-0.038897
NC_050081.1	32245689	34363151	-0.288269	-0.070795	-0.046697	-0.155963
NC_050081.1	32262863	34363396	-0.219915	-0.060889	-0.041345	-0.146579
NC_050081.1	33968940	35843013	-0.073037	-0.027676	-0.016165	-0.052362
NC_050081.1	34363323	36958203	0.065024	0.011161	0.006778	0.050553
NC_050081.1	35268583	36958456	0.047818	0.009626	0.005635	0.032616
NC_050081.1	36059383	37898090	-0.531092	-0.075219	-0.044594	-0.228354
NC_050082.1	470933	9970601	0.422105	0.025175	0.018820	0.275992
NC_050082.1	3424941	16765419	0.657919	0.026676	0.018360	0.419476
NC_050082.1	8484100	20224779	0.156554	0.006365	0.004435	0.124847
NC_050082.1	14747918	22113153	0.230443	0.010926	0.007872	0.175146
NC_050082.1	18690398	26425183	0.178010	0.012302	0.008660	0.148843
NC_050082.1	21985399	28493339	0.075448	0.004546	0.002931	0.063480
NC_050082.1	25288932	32480380	0.112684	0.007546	0.005313	0.097456
NC_050083.1	3632183	10954804	0.045039	0.003279	0.002439	0.042163
NC_050083.1	6071823	14079456	-0.048492	-0.003531	-0.002618	-0.043946
NC_050083.1	10009455	18009900	0.203591	0.012008	0.008860	0.138829
NC_050083.1	13194042	21449962	0.288763	0.020801	0.014736	0.197790
NC_050083.1	15444353	25438918	-0.101882	-0.007567	-0.004788	-0.076353
NC_050084.1	407533	5771161	0.100434	0.010750	0.007030	0.204579
NC_050084.1	1844611	10411131	0.058269	0.005032	0.003487	0.079972
NC_050084.1	3963663	13019627	-0.200371	-0.014460	-0.010133	-0.102259
NC_050084.1	8618587	18653060	-0.292544	-0.019205	-0.012986	-0.154887
NC_050084.1	10668256	21993256	0.480467	0.018919	0.013419	0.335352
NC_050085.1	2028037	12420694	0.154153	0.009027	0.006918	0.093522
NC_050085.1	7148647	15552845	0.081859	0.003674	0.002721	0.047342
NC_050085.1	10863544	16571313	0.256978	0.012738	0.009229	0.274275
NC_050085.1	15026331	23004370	-0.069442	-0.003587	-0.002608	0.019472
NC_050086.2	1711222	5874355	-0.104632	-0.008607	-0.006269	-0.001358
NC_050086.2	4287715	10395363	-0.132284	-0.010821	-0.007630	-0.084077
NC_050086.2	5833955	12543789	0.025287	0.003175	0.002209	0.019992
NC_050086.2	8142793	13510541	-0.003078	-0.000431	-0.000287	-0.002722
NC_050086.2	11219336	13510579	0.194968	0.024807	0.018791	0.183083
NC_050086.2	13510535	17192184	-0.684899	-0.018580	-0.011913	-0.471876
NC_050087.2	89852	8278606	-0.007056	-0.000513	-0.000380	0.017967
NC_050087.2	3148219	8972520	-0.512425	-0.043739	-0.030799	-0.287965
NC_050087.2	7061907	9908719	-0.112218	-0.010426	-0.007138	-0.034820
NC_050087.2	8623367	14250423	0.327583	0.026157	0.020576	0.180595
NC_050088.1	807235	10258141	0.232652	0.009437	0.006204	0.156628
NC_050088.1	8236129	12916608	0.232154	0.016665	0.011165	0.158384
NC_050088.1	9557136	13777739	0.504178	0.045501	0.033139	0.357604
NC_050089.1	539329	7625541	-0.501444	-0.020090	-0.015230	-0.426511
NC_050089.1	3332746	10498892	-0.467221	-0.026007	-0.019586	-0.255310
NC_050089.1	5264788	11159752	-0.296909	-0.021756	-0.015162	-0.174962
NC_050089.1	8862482	13288725	-0.179322	-0.025340	-0.017361	-0.104733
NC_050089.1	10643799	15013855	0.217463	0.025219	0.017781	0.258070
NC_050089.1	12359937	18273122	0.357014	0.029732	0.022162	0.379347
NC_050090.1	1524501	5226318	-0.283148	-0.021881	-0.016003	-0.134459
NC_050090.1	3841060	13312020	0.132647	0.012180	0.008669	0.087881
NC_050091.1	966690	5787203	-0.308599	-0.015921	-0.011263	-0.318509
NC_050091.1	3203981	7800343	0.047743	0.004803	0.003208	-0.063743
NC_050091.1	3891296	13841724	0.225742	0.015277	0.010162	0.094566
NC_050091.1	7662694	15907167	-0.151941	-0.018152	-0.010289	-0.106449
NC_050092.1	1930904	9335142	-0.393909	-0.033157	-0.023039	-0.278616
NC_050092.1	5692171	11035402	-0.284258	-0.030567	-0.021017	-0.258543
NC_050092.1	8342330	15563136	-0.317607	-0.024234	-0.016144	-0.306362
NC_050093.1	661620	10295780	0.098036	0.009023	0.006293	0.122318
NC_050093.1	4505460	13098798	0.125623	0.013179	0.009634	0.131402
NC_050094.1	3347513	11188073	0.213846	0.021252	0.014983	0.167443
NC_050094.1	6157404	15438840	0.504963	0.033228	0.024772	0.427697
NC_050094.1	9157515	16017398	0.107055	0.008940	0.006841	0.069736
