Model	Replicate	log-likelihood	AIC	chi-squared	theta	optimized_params(nu1, nu2, T)
no_mig	Round_1_Replicate_1	-62271.85	124549.7	256312.0	4640.75	0.7304,4.6932,2.7458
no_mig	Round_1_Replicate_2	-86179.02	172364.04	46985567.43	6715.5	0.1697,2.6304,2.3638
no_mig	Round_1_Replicate_3	-122370.25	244746.5	2584076.62	4794.97	3.8595,3.2904,1.4129
no_mig	Round_1_Replicate_4	-17893.85	35793.7	67597.49	12609.86	0.8021,0.2274,1.0101
no_mig	Round_1_Replicate_5	-60275.7	120557.4	1.245689511004622e+20	10194.19	0.2125,0.1153,3.5256
no_mig	Round_1_Replicate_6	-62192.27	124390.54	18066007.4	11409.37	0.1541,0.7754,1.8079
no_mig	Round_1_Replicate_7	-27725.67	55457.34	212143.59	4409.88	3.3806,0.585,3.8467
no_mig	Round_1_Replicate_8	-61172.91	122351.82	298669.59	3829.34	0.7863,4.9021,4.0564
no_mig	Round_1_Replicate_9	-38384.97	76775.94	1961379.36	5215.1	4.2746,0.2355,2.4471
no_mig	Round_1_Replicate_10	-202031.34	404068.68	39178077.53	7576.1	2.1921,5.1898,0.5013
no_mig	Round_2_Replicate_1	-51224.93	102455.86	228162.33	10958.73	1.4254,0.4244,0.5112
no_mig	Round_2_Replicate_2	-41297.94	82601.88	140527.97	13851.19	0.6102,0.4068,0.4096
no_mig	Round_2_Replicate_3	-45062.41	90130.82	7.433560571729306e+19	10706.62	0.4098,0.0436,3.0029
no_mig	Round_2_Replicate_4	-20855.92	41717.84	10964601.95	18222.65	0.4169,0.0662,0.799
no_mig	Round_2_Replicate_5	-17516.25	35038.5	55683.26	14971.75	0.7082,0.1418,0.614
no_mig	Round_2_Replicate_6	-31249.56	62505.12	112144.9	9563.6	2.1034,0.1697,0.9046
no_mig	Round_2_Replicate_7	-20642.16	41290.32	665486.59	10523.9	0.8443,0.2181,1.8293
no_mig	Round_2_Replicate_8	-20588.97	41183.94	63650.62	11510.73	1.0037,0.2776,0.9632
no_mig	Round_2_Replicate_9	-16110.93	32227.86	65265.62	16286.93	0.4698,0.183,0.7793
no_mig	Round_2_Replicate_10	-22408.18	44822.36	628720.95	11943.32	0.6127,0.2185,1.7054
no_mig	Round_3_Replicate_1	-26978.85	53963.7	2.782193966455753e+19	16561.64	0.5817,0.0196,0.8112
no_mig	Round_3_Replicate_2	-27498.83	55003.66	1.7306575028053285e+19	12293.64	0.7646,0.0408,1.5959
no_mig	Round_3_Replicate_3	-19012.06	38030.12	57770.85	19000.7	0.2789,0.2388,0.4876
no_mig	Round_3_Replicate_4	-15806.27	31618.54	57300.25	15413.51	0.5903,0.1646,0.7221
no_mig	Round_3_Replicate_5	-16045.73	32097.46	56862.09	16747.48	0.4284,0.2043,0.7144
no_mig	Round_4_Replicate_1	-18571.08	37148.16	118522.65	12051.31	0.7778,0.2182,1.2979
no_mig	Round_4_Replicate_2	-17647.08	35300.16	85059.65	13158.34	0.687,0.2153,1.092
no_mig	Round_4_Replicate_3	-14137.36	28280.72	40044.58	18006.17	0.4515,0.133,0.4529
no_mig	Round_4_Replicate_4	-13659.68	27325.36	43267.09	18429.59	0.4152,0.1345,0.5031
no_mig	Round_4_Replicate_5	-20114.19	40234.38	78546.89	10685.56	1.0853,0.2588,1.2286
Model	Replicate	log-likelihood	AIC	chi-squared	theta	optimized_params(nu1, nu2, T)
no_mig	Round_1_Replicate_1	-171681.95	343369.9	13712776.01	4864.98	5.2022,4.2248,1.1308
no_mig	Round_1_Replicate_2	-53611.57	107229.14	247968.84	12713.57	0.961,0.3753,0.3712
no_mig	Round_1_Replicate_3	-37315.26	74636.52	121599.71	13709.77	0.6783,0.3647,0.4332
no_mig	Round_1_Replicate_4	-170928.07	341862.14	13780066.7	8989.28	1.4661,2.8993,0.4
no_mig	Round_1_Replicate_5	-45366.71	90739.42	887232181.58	13047.16	0.2379,0.2058,2.1653
no_mig	Round_1_Replicate_6	-17202.52	34411.04	49850.09	15499.96	0.5013,0.2567,0.6528
no_mig	Round_1_Replicate_7	-53773.91	107553.82	12440483723.22	5692.68	0.3952,0.858,5.8297
no_mig	Round_1_Replicate_8	-40838.81	81683.62	177816920.71	9290.77	0.3849,0.3677,3.189
no_mig	Round_1_Replicate_9	-25509.01	51024.02	74041.92	11638.46	0.7713,0.4781,0.8812
no_mig	Round_1_Replicate_10	-46997.08	94000.16	170841.27	13883.36	0.5435,0.4722,0.3868
no_mig	Round_2_Replicate_1	-14339.86	28685.72	36453.68	19234.34	0.3893,0.1138,0.3253
no_mig	Round_2_Replicate_2	-18822.32	37650.64	316938.2	18453.79	0.391,0.0939,0.762
no_mig	Round_2_Replicate_3	-31177.25	62360.5	336129.98	8967.39	0.5517,0.591,2.6105
no_mig	Round_2_Replicate_4	-21396.11	42798.22	120380.42	9916.22	0.7819,0.4095,1.8942
no_mig	Round_2_Replicate_5	-18441.98	36889.96	76139.96	11721.59	0.8537,0.2573,1.1912
no_mig	Round_2_Replicate_6	-37825.52	75657.04	8115284.51	10065.3	0.3827,0.4265,2.6416
no_mig	Round_2_Replicate_7	-30070.94	60147.88	1970216025.74	12493.53	0.4902,0.1198,1.973
no_mig	Round_2_Replicate_8	-25493.92	50993.84	89574.78	11216.59	1.3979,0.1574,0.82
no_mig	Round_2_Replicate_9	-22175.02	44356.04	126195.0	13623.84	0.4763,0.285,1.2943
no_mig	Round_2_Replicate_10	-13351.66	26709.32	41758.15	18919.7	0.3959,0.1263,0.4709
no_mig	Round_3_Replicate_1	-24587.61	49181.22	1999879.42	12838.13	0.5167,0.1896,1.6576
no_mig	Round_3_Replicate_2	-19865.78	39737.56	118581.32	9827.26	1.0775,0.2782,1.6287
no_mig	Round_3_Replicate_3	-15707.2	31420.4	53865.61	15400.23	0.5712,0.1826,0.7273
no_mig	Round_3_Replicate_4	-18933.94	37873.88	146809.36	11815.29	0.7841,0.2162,1.3832
no_mig	Round_3_Replicate_5	-11797.0	23600.0	35968.76	22407.06	0.2609,0.0993,0.3417
no_mig	Round_4_Replicate_1	-10026.89	20059.78	25662.06	26207.04	0.1508,0.0646,0.1746
no_mig	Round_4_Replicate_2	-9988.27	19982.54	26597.89	25758.9	0.17,0.0598,0.1883
no_mig	Round_4_Replicate_3	-12946.61	25899.22	40356.83	19659.25	0.3619,0.1202,0.4412
no_mig	Round_4_Replicate_4	-12375.02	24756.04	38218.57	20728.92	0.3271,0.1022,0.3833
no_mig	Round_4_Replicate_5	-11699.27	23404.54	34770.58	22301.94	0.263,0.1002,0.3349
Model	Replicate	log-likelihood	AIC	chi-squared	theta	optimized_params(nu1, nu2, T)
no_mig	Round_1_Replicate_1	-21660.83	43327.66	86274.71	9955.19	0.7962,0.4958,1.6601
no_mig	Round_1_Replicate_2	-81299.37	162604.74	434915.49	14594.67	0.2305,0.9232,0.21
no_mig	Round_1_Replicate_3	-292740.93	585487.86	833378052.65	8777.15	3.0774,7.5509,0.2947
no_mig	Round_1_Replicate_4	-57969.64	115945.28	2.3798166241227874e+19	6752.08	0.3313,0.2385,5.6878
no_mig	Round_1_Replicate_5	-37029.4	74064.8	372706.98	5918.17	0.7193,1.2657,4.0361
no_mig	Round_1_Replicate_6	-41171.79	82349.58	142022.78	2652.88	2.9101,4.1461,6.1747
no_mig	Round_1_Replicate_7	-71900.42	143806.84	298127.0	13228.05	0.192,1.4205,0.3583
no_mig	Round_1_Replicate_8	-55142.32	110290.64	184651.45	16662.63	0.1631,0.5832,0.2744
no_mig	Round_1_Replicate_9	-41661.08	83328.16	3.234623393290769e+19	5961.22	0.7165,0.1842,6.0288
no_mig	Round_1_Replicate_10	-86256.39	172518.78	611346.06	3473.04	2.5541,7.0371,2.6048
no_mig	Round_2_Replicate_1	-33936.32	67878.64	111470.86	10065.15	1.5522,0.3716,0.7852
no_mig	Round_2_Replicate_2	-49919.14	99844.28	180528.84	7924.17	0.5526,1.869,1.4724
no_mig	Round_2_Replicate_3	-27744.7	55495.4	87740.14	9271.96	1.6148,0.3542,1.0936
no_mig	Round_2_Replicate_4	-34997.4	70000.8	3737570.87	8487.58	0.5067,0.5333,3.1559
no_mig	Round_2_Replicate_5	-27396.67	54799.34	81188.12	11880.8	1.194,0.2469,0.6371
no_mig	Round_2_Replicate_6	-34932.26	69870.52	245008.54	10818.17	0.3921,0.5907,1.9206
no_mig	Round_2_Replicate_7	-54579.9	109165.8	236455890569700.88	10152.95	0.2397,0.1843,3.3583
no_mig	Round_2_Replicate_8	-17574.61	35155.22	79491.99	13120.32	0.6913,0.2226,1.0782
no_mig	Round_2_Replicate_9	-34866.3	69738.6	109080.38	9120.62	0.958,0.8637,1.1756
no_mig	Round_2_Replicate_10	-24519.79	49045.58	77374.69	12375.6	1.2041,0.1441,0.659
no_mig	Round_3_Replicate_1	-19473.06	38952.12	116204.85	10695.54	1.0,0.235,1.4139
no_mig	Round_3_Replicate_2	-22781.03	45568.06	113108.68	7670.78	1.0408,0.631,2.5225
no_mig	Round_3_Replicate_3	-18849.4	37704.8	66958.69	14207.87	0.5079,0.3091,0.9455
no_mig	Round_3_Replicate_4	-20006.68	40019.36	59756.23	14878.08	0.4681,0.3361,0.7237
no_mig	Round_3_Replicate_5	-20214.78	40435.56	60767.48	12089.03	0.7789,0.3568,0.955
no_mig	Round_4_Replicate_1	-17657.57	35321.14	92012.15	13473.65	0.6561,0.2039,1.0822
no_mig	Round_4_Replicate_2	-17023.85	34053.7	65773.46	13648.22	0.6688,0.2201,0.9503
no_mig	Round_4_Replicate_3	-14203.92	28413.84	47249.35	17960.8	0.417,0.1542,0.5712
no_mig	Round_4_Replicate_4	-20034.04	40074.08	686358.93	11499.38	0.8261,0.1716,1.5172
no_mig	Round_4_Replicate_5	-17232.19	34470.38	69101.23	13482.62	0.6623,0.2297,1.0007
