Model	Replicate	log-likelihood	AIC	chi-squared	theta	optimized_params(nu1, nu2, m, T1, T2)
sec_contact_sym_mig	Round_1_Replicate_1	-192888.16	385786.32	31030914.82	2427.47	3.2864,3.8176,0.4476,0.4071,8.3697
sec_contact_sym_mig	Round_1_Replicate_2	-242964.64	485939.28	120411359.46	9384.51	0.2847,3.9715,4.1185,0.8087,1.9442
sec_contact_sym_mig	Round_1_Replicate_3	-336296.44	672602.88	3537935016.1	6954.21	2.3907,1.5409,3.4887,0.2583,0.7095
sec_contact_sym_mig	Round_1_Replicate_4	-95933.4	191876.8	1118338.07	4943.15	5.3563,1.3982,0.2106,1.2699,0.2891
sec_contact_sym_mig	Round_1_Replicate_5	-207166.27	414342.54	57848393.41	8489.81	2.9662,0.7946,2.2249,0.4599,0.154
sec_contact_sym_mig	Round_1_Replicate_6	-200706.92	401423.84	48680174.33	11473.53	1.2343,0.3336,3.2695,0.237,1.4882
sec_contact_sym_mig	Round_1_Replicate_7	-42089.13	84188.26	106964.25	13805.61	0.2481,0.4988,0.512,1.0753,2.7112
sec_contact_sym_mig	Round_1_Replicate_8	-176294.58	352599.16	9748935.29	8330.79	0.2553,3.5804,1.7514,0.6698,2.8137
sec_contact_sym_mig	Round_1_Replicate_9	-53002.51	106015.02	304195.85	4213.71	2.1306,0.2492,0.43,7.7769,1.9481
sec_contact_sym_mig	Round_1_Replicate_10	-320541.31	641092.62	2152599628.01	3607.34	3.0949,2.9974,1.7957,2.1582,1.3489
sec_contact_sym_mig	Round_2_Replicate_1	-65457.82	130925.64	221189.56	18131.44	0.114,0.4899,0.8821,1.5843,2.0339
sec_contact_sym_mig	Round_2_Replicate_2	-29467.34	58944.68	77124.75	13539.16	0.1797,0.4637,0.2169,0.8576,1.3402
sec_contact_sym_mig	Round_2_Replicate_3	-39473.33	78956.66	106242.76	11448.84	0.167,0.5988,0.2832,3.3176,10.0566
sec_contact_sym_mig	Round_2_Replicate_4	-26646.62	53303.24	56532.27	47971.84	0.0858,0.1098,1.4172,1.5978,7.5074
sec_contact_sym_mig	Round_2_Replicate_5	-65910.77	131831.54	469675.75	12236.6	0.957,0.251,0.813,0.3832,0.7526
sec_contact_sym_mig	Round_2_Replicate_6	-128300.01	256610.02	1250517.13	8033.57	0.1305,1.7945,0.9527,3.6125,1.8398
sec_contact_sym_mig	Round_2_Replicate_7	-101541.75	203093.5	707485.32	9023.22	0.2586,1.7213,0.5969,0.3418,1.9933
sec_contact_sym_mig	Round_2_Replicate_8	-84804.88	169619.76	696780.45	15884.04	0.3645,0.3616,1.418,0.942,1.4304
sec_contact_sym_mig	Round_2_Replicate_9	-127310.34	254630.68	1367137.53	18083.94	0.081,1.0751,1.8469,0.9979,4.4548
sec_contact_sym_mig	Round_2_Replicate_10	-122347.94	244705.88	1400351.01	15641.42	0.1332,0.8498,1.7512,0.6053,0.9491
sec_contact_sym_mig	Round_3_Replicate_1	-5748.82	11507.64	10888.75	71431.6	0.085,0.0229,1.5293,4.5589,21.1371
sec_contact_sym_mig	Round_3_Replicate_2	-7350.88	14711.76	14477.85	145516.58	0.0328,0.0162,2.882,0.5359,8.4012
sec_contact_sym_mig	Round_3_Replicate_3	-63071.66	126153.32	309755.2	40152.32	0.1504,0.1425,2.4917,2.2212,26.6078
sec_contact_sym_mig	Round_3_Replicate_4	-4393.25	8796.5	9332.21	82800.25	0.0619,0.016,1.5067,2.8996,2.4729
sec_contact_sym_mig	Round_3_Replicate_5	-19852.15	39714.3	49688.45	35160.42	0.255,0.0448,1.2435,0.5811,2.6162
sec_contact_sym_mig	Round_4_Replicate_1	-3761.34	7532.68	7357.16	46144.24	0.0932,0.017,1.3036,4.0613,1.2528
sec_contact_sym_mig	Round_4_Replicate_2	-4220.11	8450.22	8804.72	110352.91	0.0507,0.0109,2.0676,2.0192,2.8888
sec_contact_sym_mig	Round_4_Replicate_3	-4046.63	8103.26	8782.37	68449.22	0.0785,0.0139,1.3168,4.842,2.2199
sec_contact_sym_mig	Round_4_Replicate_4	-4153.63	8317.26	8896.36	63646.16	0.0864,0.0176,1.1646,4.7938,4.3722
sec_contact_sym_mig	Round_4_Replicate_5	-4141.55	8293.1	8986.72	86905.74	0.0634,0.0122,1.578,3.2471,3.4434
Model	Replicate	log-likelihood	AIC	chi-squared	theta	optimized_params(nu1, nu2, m, T1, T2)
sec_contact_sym_mig	Round_1_Replicate_1	-24171.69	48353.38	53038.83	16512.66	0.242,0.3861,0.3212,0.6114,0.2732
sec_contact_sym_mig	Round_1_Replicate_2	-62060.46	124130.92	207174.77	8530.23	0.3437,1.9982,0.2532,1.0931,0.2884
sec_contact_sym_mig	Round_1_Replicate_3	-202202.04	404414.08	28108152.05	5947.98	0.4314,1.7373,2.2115,4.1622,0.8491
sec_contact_sym_mig	Round_1_Replicate_4	-35560.39	71130.78	126401.94	11500.28	0.8535,0.1816,0.5471,1.4795,5.7898
sec_contact_sym_mig	Round_1_Replicate_5	-22568.84	45147.68	54331.48	21451.35	0.1755,0.2312,0.21,0.1986,0.1728
sec_contact_sym_mig	Round_1_Replicate_6	-84220.62	168451.24	556726.37	2525.43	1.9606,4.2669,0.1395,1.8042,8.2922
sec_contact_sym_mig	Round_1_Replicate_7	-79972.58	159955.16	376995.87	2205.91	1.2913,6.4038,0.1419,8.1564,2.0176
sec_contact_sym_mig	Round_1_Replicate_8	-136677.71	273365.42	2656697.82	9159.14	0.3039,1.6693,1.1339,0.9821,1.0849
sec_contact_sym_mig	Round_1_Replicate_9	-80077.09	160164.18	728259.35	5828.5	3.3381,0.8146,0.2522,0.7718,1.0053
sec_contact_sym_mig	Round_1_Replicate_10	-281484.28	562978.56	567385547.12	9911.17	0.711,1.462,3.9779,0.3637,0.3178
sec_contact_sym_mig	Round_2_Replicate_1	-37819.26	75648.52	120993.88	14993.79	0.5415,0.316,0.1396,0.2482,0.1224
sec_contact_sym_mig	Round_2_Replicate_2	-91052.11	182114.22	434518.9	17456.5	0.0586,0.7218,0.6546,0.0728,0.0518
sec_contact_sym_mig	Round_2_Replicate_3	-8451.89	16913.78	24222.48	20558.07	0.3253,0.0607,0.125,0.1716,0.633
sec_contact_sym_mig	Round_2_Replicate_4	-9438.79	18887.58	24528.88	26732.53	0.1518,0.0762,0.1204,0.1684,0.0591
sec_contact_sym_mig	Round_2_Replicate_5	-13607.17	27224.34	28580.19	16264.1	0.379,0.2691,0.2738,0.6502,0.1829
sec_contact_sym_mig	Round_2_Replicate_6	-5393.77	10797.54	11728.54	23566.96	0.2418,0.077,0.533,0.3748,0.0566
sec_contact_sym_mig	Round_2_Replicate_7	-12868.61	25747.22	26465.32	21969.34	0.1924,0.1854,0.5588,0.478,0.0674
sec_contact_sym_mig	Round_2_Replicate_8	-90386.83	180783.66	841957.68	12425.06	0.6179,0.7828,0.254,0.0762,0.2843
sec_contact_sym_mig	Round_2_Replicate_9	-29000.24	58010.48	86680.71	26910.95	0.0615,0.1553,0.4229,0.3506,0.4573
sec_contact_sym_mig	Round_2_Replicate_10	-69507.07	139024.14	283897.47	14967.52	0.099,0.8736,0.2866,0.0557,0.6809
sec_contact_sym_mig	Round_3_Replicate_1	-12274.1	24558.2	30760.43	17830.88	0.5037,0.0934,0.0886,0.3217,0.1732
sec_contact_sym_mig	Round_3_Replicate_2	-6275.51	12561.02	14604.62	26103.62	0.1945,0.0522,0.3177,0.1922,0.0898
sec_contact_sym_mig	Round_3_Replicate_3	-4698.07	9406.14	8493.47	18332.1	0.3542,0.0518,1.8666,0.9858,0.023
sec_contact_sym_mig	Round_3_Replicate_4	-4843.59	9697.18	7764.58	27983.52	0.1573,0.0424,1.0808,0.4218,0.1705
sec_contact_sym_mig	Round_3_Replicate_5	-7579.96	15169.92	20109.56	22365.4	0.2718,0.0823,0.4036,0.4558,0.0268
sec_contact_sym_mig	Round_4_Replicate_1	-3326.28	6662.56	5739.47	18707.91	0.3475,0.0163,2.1314,1.035,0.0268
sec_contact_sym_mig	Round_4_Replicate_2	-6039.48	12088.96	13857.56	19567.58	0.3473,0.0699,1.9404,0.7427,0.0138
sec_contact_sym_mig	Round_4_Replicate_3	-5910.01	11830.02	12803.49	14118.03	0.6207,0.0339,1.7324,1.3277,0.0193
sec_contact_sym_mig	Round_4_Replicate_4	-5894.06	11798.12	11340.22	17196.31	0.3372,0.0418,2.9478,1.2684,0.0134
sec_contact_sym_mig	Round_4_Replicate_5	-3470.59	6951.18	5564.33	17562.35	0.3758,0.0267,1.8395,1.1315,0.0301
Model	Replicate	log-likelihood	AIC	chi-squared	theta	optimized_params(nu1, nu2, m, T1, T2)
sec_contact_sym_mig	Round_1_Replicate_1	-75406.85	150823.7	685408.56	7696.71	4.5783,0.2049,0.4708,0.2556,0.8388
sec_contact_sym_mig	Round_1_Replicate_2	-178442.4	356894.8	25061027.79	7780.26	3.7716,0.3039,2.0699,0.1576,3.138
sec_contact_sym_mig	Round_1_Replicate_3	-158828.06	317666.12	255266913.1	1700.8	1.9631,7.5036,4.387,5.2241,2.3021
sec_contact_sym_mig	Round_1_Replicate_4	-167953.84	335917.68	14428212.09	11586.77	0.7478,0.5229,2.1208,0.3167,0.9621
sec_contact_sym_mig	Round_1_Replicate_5	-163971.08	327952.16	10708500.58	5162.62	1.0823,1.3722,1.0367,3.983,2.3362
sec_contact_sym_mig	Round_1_Replicate_6	-50723.66	101457.32	224999.79	5951.83	5.7845,0.2226,0.1752,0.5451,1.0677
sec_contact_sym_mig	Round_1_Replicate_7	-145020.72	290051.44	8496604.53	10048.99	1.9682,0.2302,1.9369,0.6346,0.8663
sec_contact_sym_mig	Round_1_Replicate_8	-63192.73	126395.46	346249.73	7200.99	1.4394,1.0569,0.8295,1.5108,0.1165
sec_contact_sym_mig	Round_1_Replicate_9	-259563.16	519136.32	286575721.31	6674.84	5.2295,1.8355,0.9107,0.2018,0.501
sec_contact_sym_mig	Round_1_Replicate_10	-137305.21	274620.42	2494415.55	11309.02	0.2088,1.4359,1.4338,1.1947,4.2226
sec_contact_sym_mig	Round_2_Replicate_1	-66907.92	133825.84	487090.4	9006.47	4.079,0.161,0.4477,0.1433,0.6065
sec_contact_sym_mig	Round_2_Replicate_2	-18143.3	36296.6	45914.58	7238.94	1.6122,0.0986,0.1837,0.4662,4.0605
sec_contact_sym_mig	Round_2_Replicate_3	-34519.01	69048.02	104817.84	7558.05	3.6677,0.0921,0.0817,0.85,0.382
sec_contact_sym_mig	Round_2_Replicate_4	-76222.73	152455.46	623842.23	6294.5	10.3614,0.3297,0.3351,0.6433,0.3882
sec_contact_sym_mig	Round_2_Replicate_5	-117569.81	235149.62	2689617.24	3447.32	18.0336,0.8281,0.276,0.5237,2.0715
sec_contact_sym_mig	Round_2_Replicate_6	-44727.83	89465.66	169400.81	3933.33	7.9284,0.1921,0.112,1.2823,2.0203
sec_contact_sym_mig	Round_2_Replicate_7	-43408.45	86826.9	149201.48	2978.45	11.448,0.2632,0.0679,1.9728,2.3078
sec_contact_sym_mig	Round_2_Replicate_8	-66358.03	132726.06	424506.15	3546.87	10.5218,0.5474,0.1383,0.4131,2.7093
sec_contact_sym_mig	Round_2_Replicate_9	-29395.44	58800.88	89939.97	10143.11	1.7469,0.056,0.2466,0.4634,0.7985
sec_contact_sym_mig	Round_2_Replicate_10	-37068.21	74146.42	134631.32	4551.27	4.0046,0.1194,0.1567,1.3424,3.4749
sec_contact_sym_mig	Round_3_Replicate_1	-22087.66	44185.32	88685.31	4818.86	3.1101,0.0508,0.0528,0.3749,4.3319
sec_contact_sym_mig	Round_3_Replicate_2	-25330.92	50671.84	73585.98	12021.79	0.9548,0.079,0.4356,0.4296,2.2844
sec_contact_sym_mig	Round_3_Replicate_3	-4159.61	8329.22	8997.12	8769.71	0.6301,0.1247,0.1584,0.163,16.3832
sec_contact_sym_mig	Round_3_Replicate_4	-27276.0	54562.0	83945.63	10076.21	1.1538,0.0537,0.3948,0.1868,9.0581
sec_contact_sym_mig	Round_3_Replicate_5	-6999.77	14009.54	21581.71	8020.73	0.8594,0.052,0.1295,1.43,5.8726
sec_contact_sym_mig	Round_4_Replicate_1	-4158.67	8327.34	8931.39	5549.83	1.0175,0.1948,0.1015,0.2829,25.4747
sec_contact_sym_mig	Round_4_Replicate_2	-4283.26	8576.52	9508.63	7780.81	0.7603,0.1261,0.1359,0.1258,11.1352
sec_contact_sym_mig	Round_4_Replicate_3	-4439.43	8888.86	9546.78	6577.22	0.8924,0.1953,0.1105,0.1298,10.6699
sec_contact_sym_mig	Round_4_Replicate_4	-4144.89	8299.78	8898.93	10403.84	0.5431,0.102,0.1918,0.1729,19.0976
sec_contact_sym_mig	Round_4_Replicate_5	-4170.0	8350.0	8999.07	8473.13	0.677,0.1225,0.1551,0.1782,15.2663
