Model	Replicate	log-likelihood	AIC	chi-squared	theta	optimized_params(nu1, nu2, m, T)
sym_mig	Round_1_Replicate_1	-225699.77	451407.54	101791781.07	14683.31	0.6439,0.3427,5.2091,2.3801
sym_mig	Round_1_Replicate_2	-102522.59	205053.18	1829440.78	7076.21	7.5624,0.1322,0.9523,1.8399
sym_mig	Round_1_Replicate_3	-96578.2	193164.4	540715.53	10447.93	0.1651,4.1823,0.2233,0.5277
sym_mig	Round_1_Replicate_4	-310782.8	621573.6	1571751025.69	11283.26	1.6997,1.8282,2.2916,0.1666
sym_mig	Round_1_Replicate_5	-240675.46	481358.92	140933954.1	5060.9	6.0119,5.7858,0.1098,0.9343
sym_mig	Round_1_Replicate_6	-352106.09	704220.18	5936401360.95	4899.49	2.0108,4.9012,2.591,1.6059
sym_mig	Round_1_Replicate_7	-35188.12	70384.24	96339.61	5941.07	1.0843,0.8987,0.1996,5.8631
sym_mig	Round_1_Replicate_8	-40801.95	81611.9	110538.59	7104.02	0.5039,1.4245,0.1127,3.1323
sym_mig	Round_1_Replicate_9	-111432.78	222873.56	2481580.11	3621.39	5.6334,0.9232,0.3355,4.5599
sym_mig	Round_1_Replicate_10	-19872.77	39753.54	50006.01	10498.23	0.2396,0.3736,0.1666,7.4461
sym_mig	Round_2_Replicate_1	-16391.03	32790.06	49576.05	13057.14	0.3224,0.2374,0.0662,2.2346
sym_mig	Round_2_Replicate_2	-63309.06	126626.12	392292.57	3844.33	0.1229,0.9946,0.0459,25.1189
sym_mig	Round_2_Replicate_3	-26135.58	52279.16	90124.69	15348.99	0.1691,0.1761,0.0739,2.1669
sym_mig	Round_2_Replicate_4	-30280.77	60569.54	87352.31	6325.59	0.2699,0.7505,0.1107,28.03
sym_mig	Round_2_Replicate_5	-4836.39	9680.78	10696.31	11736.47	0.4033,0.114,0.1998,18.9235
sym_mig	Round_2_Replicate_6	-66952.36	133912.72	398524.59	4588.23	0.1209,1.4826,0.0616,12.7356
sym_mig	Round_2_Replicate_7	-33218.92	66445.84	115734.17	9990.87	0.1468,0.3739,0.1072,5.9637
sym_mig	Round_2_Replicate_8	-19253.03	38514.06	47879.93	12727.56	0.7432,0.1172,0.4191,3.8912
sym_mig	Round_2_Replicate_9	-33879.15	67766.3	99304.72	6924.9	0.2743,0.9005,0.1063,7.3907
sym_mig	Round_2_Replicate_10	-9357.41	18722.82	18181.65	14691.52	0.4827,0.1183,0.3763,10.4513
sym_mig	Round_3_Replicate_1	-40001.41	80010.82	112454.17	18363.95	0.285,0.2985,0.7717,3.9475
sym_mig	Round_3_Replicate_2	-6411.43	12830.86	18475.07	19813.45	0.2665,0.0228,0.3215,20.8996
sym_mig	Round_3_Replicate_3	-18616.27	37240.54	37090.39	12868.62	0.4009,0.3048,0.3608,20.7452
sym_mig	Round_3_Replicate_4	-4191.53	8391.06	9372.44	14636.0	0.3755,0.0653,0.2608,16.7265
sym_mig	Round_3_Replicate_5	-7311.78	14631.56	14783.36	11872.32	0.3844,0.1958,0.2263,14.378
sym_mig	Round_4_Replicate_1	-4186.56	8381.12	9256.05	17804.79	0.3047,0.058,0.3153,7.7425
sym_mig	Round_4_Replicate_2	-4139.17	8286.34	8955.47	12643.11	0.444,0.0824,0.2316,26.3755
sym_mig	Round_4_Replicate_3	-4148.67	8305.34	8880.2	16371.76	0.3391,0.0677,0.3004,23.531
sym_mig	Round_4_Replicate_4	-4143.61	8295.22	8892.45	15279.31	0.3694,0.0696,0.2818,14.5145
sym_mig	Round_4_Replicate_5	-4154.75	8317.5	8914.95	10683.61	0.5339,0.0983,0.1974,15.5402
Model	Replicate	log-likelihood	AIC	chi-squared	theta	optimized_params(nu1, nu2, m, T)
sym_mig	Round_1_Replicate_1	-304974.66	609957.32	1211279909.28	12759.53	0.5676,1.3262,6.3482,0.1713
sym_mig	Round_1_Replicate_2	-118896.81	237801.62	3440202.08	12835.86	1.5259,0.2036,1.6317,0.4047
sym_mig	Round_1_Replicate_3	-326035.58	652079.16	2563191866.26	8221.74	6.036,0.7404,4.567,0.6316
sym_mig	Round_1_Replicate_4	-23781.2	47570.4	55991.04	18829.76	0.3485,0.2039,0.4947,0.5462
sym_mig	Round_1_Replicate_5	-129715.6	259439.2	4362010.05	9858.31	1.3975,0.5097,1.0515,0.9645
sym_mig	Round_1_Replicate_6	-117417.56	234843.12	2046508.04	17218.0	0.3062,0.4243,2.0651,0.9924
sym_mig	Round_1_Replicate_7	-130807.52	261623.04	1876892.06	11248.47	0.2188,5.1743,0.7978,0.3659
sym_mig	Round_1_Replicate_8	-147102.35	294212.7	8074491.19	28293.71	0.3812,0.1418,4.9117,4.8174
sym_mig	Round_1_Replicate_9	-160681.17	321370.34	12359771.38	12299.62	5.1268,0.2814,1.1543,0.1587
sym_mig	Round_1_Replicate_10	-161036.09	322080.18	6820112.22	11236.77	0.3072,2.0158,1.5426,0.6247
sym_mig	Round_2_Replicate_1	-37940.97	75889.94	95302.12	41237.05	0.1016,0.1342,1.7409,1.0869
sym_mig	Round_2_Replicate_2	-39583.48	79174.96	159984.46	17338.32	0.6999,0.0709,0.8511,0.5348
sym_mig	Round_2_Replicate_3	-44868.39	89744.78	130385.96	16420.95	0.1388,0.5526,0.3046,1.0411
sym_mig	Round_2_Replicate_4	-18589.8	37187.6	36526.71	40408.49	0.1202,0.0935,1.2177,1.2815
sym_mig	Round_2_Replicate_5	-54293.96	108595.92	245797.55	9061.78	1.2941,0.7464,0.1343,0.9803
sym_mig	Round_2_Replicate_6	-46101.88	92211.76	143354.27	17781.63	0.1566,0.4799,0.1199,0.3738
sym_mig	Round_2_Replicate_7	-45633.33	91274.66	123222.72	20125.42	0.1471,0.3308,0.5605,0.3185
sym_mig	Round_2_Replicate_8	-6395.25	12798.5	14002.59	17926.53	0.4209,0.0926,0.2302,1.1453
sym_mig	Round_2_Replicate_9	-28457.11	56922.22	84833.86	13002.47	1.0988,0.1263,0.2875,0.7494
sym_mig	Round_2_Replicate_10	-30316.88	60641.76	72225.83	18377.29	0.2602,0.3113,0.3593,0.4757
sym_mig	Round_3_Replicate_1	-6145.0	12298.0	17158.33	25115.07	0.2644,0.0191,0.4482,1.8579
sym_mig	Round_3_Replicate_2	-31538.23	63084.46	101187.03	11820.95	1.2562,0.147,0.3038,0.9491
sym_mig	Round_3_Replicate_3	-5293.28	10594.56	12308.97	31144.97	0.1473,0.0392,0.4502,0.3668
sym_mig	Round_3_Replicate_4	-10182.49	20372.98	25781.4	10356.49	1.0087,0.1216,0.0752,2.0012
sym_mig	Round_3_Replicate_5	-16773.54	33555.08	42779.22	16672.28	0.6267,0.093,0.0608,0.445
sym_mig	Round_4_Replicate_1	-7340.86	14689.72	17973.16	29860.83	0.1199,0.0438,0.2352,0.1756
sym_mig	Round_4_Replicate_2	-4531.79	9071.58	10025.24	29408.47	0.1898,0.0358,0.4957,0.5337
sym_mig	Round_4_Replicate_3	-5990.36	11988.72	14399.38	25844.04	0.2244,0.0513,0.2808,0.4422
sym_mig	Round_4_Replicate_4	-5088.93	10185.86	11857.18	30499.85	0.1606,0.0345,0.4504,0.3699
sym_mig	Round_4_Replicate_5	-4270.56	8549.12	9320.75	30437.55	0.1805,0.0355,0.5374,0.6673
Model	Replicate	log-likelihood	AIC	chi-squared	theta	optimized_params(nu1, nu2, m, T)
sym_mig	Round_1_Replicate_1	-56402.51	112813.02	305367.51	4886.07	6.0225,0.2145,0.2123,2.7587
sym_mig	Round_1_Replicate_2	-192397.39	384802.78	19797942.92	22322.64	0.1248,0.937,5.4765,8.4984
sym_mig	Round_1_Replicate_3	-239944.89	479897.78	114651328.88	4501.21	0.7384,5.924,1.6811,5.985
sym_mig	Round_1_Replicate_4	-317117.34	634242.68	1879855279.15	10867.34	1.5232,5.6528,1.2781,0.1696
sym_mig	Round_1_Replicate_5	-69312.5	138633.0	491393.63	5729.26	5.4216,0.4649,0.214,1.6215
sym_mig	Round_1_Replicate_6	-380541.54	761091.08	15270807281.02	11309.74	8.5821,2.1569,3.6323,0.1202
sym_mig	Round_1_Replicate_7	-162562.02	325132.04	4834636.03	6973.33	0.1973,7.1734,1.3438,7.2109
sym_mig	Round_1_Replicate_8	-6524.39	13056.78	13348.45	14743.42	0.3281,0.1459,0.2678,5.4663
sym_mig	Round_1_Replicate_9	-19871.47	39750.94	46560.6	15934.95	0.3121,0.3594,0.1699,0.9951
sym_mig	Round_1_Replicate_10	-314638.72	629285.44	1778967291.42	9109.31	2.1962,1.2659,3.2527,0.4415
sym_mig	Round_2_Replicate_1	-4154.99	8317.98	9125.66	41339.82	0.1363,0.0237,0.7527,18.6033
sym_mig	Round_2_Replicate_2	-10334.68	20677.36	23527.87	24318.95	0.1463,0.1067,0.3908,2.5501
sym_mig	Round_2_Replicate_3	-22134.13	44276.26	50038.11	26004.82	0.2495,0.1314,0.8686,5.0244
sym_mig	Round_2_Replicate_4	-26793.55	53595.1	80425.7	9471.17	1.1231,0.1216,0.3839,15.9709
sym_mig	Round_2_Replicate_5	-36339.14	72686.28	103833.83	12587.89	0.5424,0.4223,0.4198,1.6198
sym_mig	Round_2_Replicate_6	-9807.91	19623.82	23769.56	24067.79	0.1398,0.0708,0.336,2.97
sym_mig	Round_2_Replicate_7	-27751.34	55510.68	62322.48	11377.12	0.4457,0.427,0.3748,6.9585
sym_mig	Round_2_Replicate_8	-39318.64	78645.28	121762.48	12383.21	0.5741,0.4156,0.4544,1.6981
sym_mig	Round_2_Replicate_9	-5665.34	11338.68	12877.24	9327.12	0.8183,0.1336,0.1223,3.8984
sym_mig	Round_2_Replicate_10	-30797.74	61603.48	103955.49	8309.24	0.1756,0.2073,0.0837,10.1044
sym_mig	Round_3_Replicate_1	-11337.09	22682.18	27140.27	45340.42	0.1919,0.0119,1.1764,28.7274
sym_mig	Round_3_Replicate_2	-4234.41	8476.82	8934.07	48791.33	0.1113,0.0253,0.8972,21.3528
sym_mig	Round_3_Replicate_3	-6163.76	12335.52	15479.91	19664.89	0.2347,0.0336,0.3032,19.0149
sym_mig	Round_3_Replicate_4	-10076.9	20161.8	40915.62	20309.71	0.2562,0.0107,0.3172,29.6484
sym_mig	Round_3_Replicate_5	-14831.87	29671.74	41241.66	24826.38	0.1234,0.0171,0.3165,27.3509
sym_mig	Round_4_Replicate_1	-4141.31	8290.62	9000.84	33869.99	0.1633,0.0311,0.6149,24.7771
sym_mig	Round_4_Replicate_2	-4140.29	8288.58	8939.96	61784.51	0.0898,0.0173,1.1277,8.7243
sym_mig	Round_4_Replicate_3	-4204.75	8417.5	8949.92	50153.32	0.117,0.0203,0.947,10.5908
sym_mig	Round_4_Replicate_4	-5315.87	10639.74	14033.16	17993.22	0.3341,0.0305,0.3233,28.9335
sym_mig	Round_4_Replicate_5	-4651.09	9310.18	9422.17	64463.7	0.0838,0.0232,1.2273,8.1102
