Model	Replicate	log-likelihood	AIC	chi-squared	theta	optimized_params
no_mig	Round_4_Replicate_2	-9988.27	19982.54	26597.89	25758.9	0.17,0.0598,0.1883	
no_mig	Round_4_Replicate_1	-10026.89	20059.78	25662.06	26207.04	0.1508,0.0646,0.1746	
no_mig	Round_4_Replicate_5	-11699.27	23404.54	34770.58	22301.94	0.263,0.1002,0.3349	
no_mig	Round_3_Replicate_5	-11797.0	23600.0	35968.76	22407.06	0.2609,0.0993,0.3417	
no_mig	Round_4_Replicate_4	-12375.02	24756.04	38218.57	20728.92	0.3271,0.1022,0.3833	
sec_contact_sym_mig	Round_4_Replicate_1	-3326.28	6662.56	5739.47	18707.91	0.3475,0.0163,2.1314,1.035,0.0268	
sec_contact_sym_mig	Round_4_Replicate_5	-3470.59	6951.18	5564.33	17562.35	0.3758,0.0267,1.8395,1.1315,0.0301	
sec_contact_sym_mig	Round_4_Replicate_1	-3761.34	7532.68	7357.16	46144.24	0.0932,0.017,1.3036,4.0613,1.2528	
sec_contact_sym_mig	Round_4_Replicate_3	-4046.63	8103.26	8782.37	68449.22	0.0785,0.0139,1.3168,4.842,2.2199	
sec_contact_sym_mig	Round_4_Replicate_5	-4141.55	8293.1	8986.72	86905.74	0.0634,0.0122,1.578,3.2471,3.4434	
sym_mig	Round_4_Replicate_2	-4139.17	8286.34	8955.47	12643.11	0.444,0.0824,0.2316,26.3755	
sym_mig	Round_4_Replicate_2	-4140.29	8288.58	8939.96	61784.51	0.0898,0.0173,1.1277,8.7243	
sym_mig	Round_4_Replicate_1	-4141.31	8290.62	9000.84	33869.99	0.1633,0.0311,0.6149,24.7771	
sym_mig	Round_4_Replicate_4	-4143.61	8295.22	8892.45	15279.31	0.3694,0.0696,0.2818,14.5145	
sym_mig	Round_4_Replicate_3	-4148.67	8305.34	8880.2	16371.76	0.3391,0.0677,0.3004,23.531	
