Model	Replicate	log-likelihood	AIC	chi-squared	theta	optimized_params(nu1, nu2, T)
no_mig	Round_1_Replicate_1	-847.4	1700.8	2563.01	321.06	1.136,0.184,0.3817
no_mig	Round_1_Replicate_2	-1641.77	3289.54	21965.63	263.99	0.1571,1.1495,1.3735
no_mig	Round_1_Replicate_3	-516.23	1038.46	249746305621.69	92.36	2.9589,0.2411,6.4885
no_mig	Round_1_Replicate_4	-701.58	1409.16	2226.83	179.33	0.8469,0.9837,2.4741
no_mig	Round_1_Replicate_5	-2176.45	4358.9	9334.21	206.39	0.254,6.4793,0.6932
no_mig	Round_1_Replicate_6	-1866.24	3738.48	6709.97	333.61	0.1578,1.295,0.3443
no_mig	Round_1_Replicate_7	-2087.6	4181.2	8218.01	344.24	0.1288,1.4499,0.2537
no_mig	Round_1_Replicate_8	-1505.3	3016.6	5097.82	365.4	0.2915,0.5964,0.2877
no_mig	Round_1_Replicate_9	-2687.59	5381.18	26916.95	205.14	0.6285,6.0966,0.5493
no_mig	Round_1_Replicate_10	-619.59	1245.18	1399.8	313.89	0.6979,0.3702,0.7031
no_mig	Round_2_Replicate_1	-506.4	1018.8	860092213.99	39.21	6.4053,0.8851,17.033
no_mig	Round_2_Replicate_2	-474.32	954.64	16095.89	202.73	0.9651,0.3644,2.592
no_mig	Round_2_Replicate_3	-466.02	938.04	115127.02	140.7	1.6771,0.4224,3.8664
no_mig	Round_2_Replicate_4	-578.44	1162.88	6.76251047476365e+17	145.75	1.8855,0.0598,3.8695
no_mig	Round_2_Replicate_5	-792.57	1591.14	2470.55	120.74	2.9946,0.8992,2.7265
no_mig	Round_2_Replicate_6	-609.81	1225.62	6.906504047159626e+17	59.53	4.4032,0.1119,11.4004
no_mig	Round_2_Replicate_7	-505.09	1016.18	3132.81	171.24	1.1658,0.5974,2.9059
no_mig	Round_2_Replicate_8	-697.57	1401.14	668604394704.26	165.18	0.8137,0.1878,4.6788
no_mig	Round_2_Replicate_9	-875.82	1757.64	23125411993.24	103.29	0.9202,0.5056,8.483
no_mig	Round_2_Replicate_10	-898.22	1802.44	1.528479654814605e+18	127.61	0.7957,0.1643,7.0375
no_mig	Round_3_Replicate_1	-533.48	1072.96	1.0896316950645504e+17	157.12	1.6754,0.0953,3.5624
no_mig	Round_3_Replicate_2	-753.19	1512.38	3268.79	155.23	0.8506,1.157,3.2575
no_mig	Round_3_Replicate_3	-462.48	930.96	104634.07	151.45	1.6128,0.3719,3.4581
no_mig	Round_3_Replicate_4	-405.21	816.42	62453.36	350.64	0.6122,0.1075,1.0776
no_mig	Round_3_Replicate_5	-454.5	915.0	288853.25	206.1	1.2539,0.2055,2.2491
no_mig	Round_4_Replicate_1	-471.03	948.06	21634951.46	265.68	0.904,0.1043,1.7079
no_mig	Round_4_Replicate_2	-443.68	893.36	1501.56	305.17	0.9401,0.1609,0.8878
no_mig	Round_4_Replicate_3	-365.9	737.8	1717.19	369.49	0.5959,0.1383,0.8172
no_mig	Round_4_Replicate_4	-444.04	894.08	50117.06	272.09	0.7437,0.1946,1.7432
no_mig	Round_4_Replicate_5	-398.64	803.28	3961.76	321.84	0.7761,0.1389,1.0078
Model	Replicate	log-likelihood	AIC	chi-squared	theta	optimized_params(nu1, nu2, T)
no_mig	Round_1_Replicate_1	-1684.15	3374.3	5383.26	363.88	0.1653,0.8856,0.3024
no_mig	Round_1_Replicate_2	-2177.96	4361.92	24346.08	288.82	2.5413,0.2805,0.2293
no_mig	Round_1_Replicate_3	-3719.15	7444.3	195341.97	234.06	1.5405,1.5421,0.3736
no_mig	Round_1_Replicate_4	-1910.81	3827.62	494460729.18	110.42	0.2549,2.8247,5.0242
no_mig	Round_1_Replicate_5	-2134.19	4274.38	21581.01	271.58	1.7473,0.4541,0.3318
no_mig	Round_1_Replicate_6	-1739.3	3484.6	123700405284.93	94.48	0.3116,2.2559,7.6144
no_mig	Round_1_Replicate_7	-1054.13	2114.26	2653923.37	150.02	0.4745,0.9412,4.7281
no_mig	Round_1_Replicate_8	-5346.57	10699.14	1879239.6	242.59	1.3741,3.517,0.2609
no_mig	Round_1_Replicate_9	-7868.07	15742.14	65655840.55	239.83	4.0705,4.5289,0.2008
no_mig	Round_1_Replicate_10	-1648.88	3303.76	6872.66	171.2	0.3398,2.7175,1.7724
no_mig	Round_2_Replicate_1	-447.38	900.76	27202.25	195.86	1.2701,0.2826,2.3906
no_mig	Round_2_Replicate_2	-1061.76	2129.52	33934079.18	191.96	0.3548,0.4866,3.9852
no_mig	Round_2_Replicate_3	-2178.59	4363.18	8.280190890082085e+18	126.56	0.1195,1.4357,6.1085
no_mig	Round_2_Replicate_4	-728.28	1462.56	5333.48	146.51	0.8799,1.0902,3.8067
no_mig	Round_2_Replicate_5	-1886.1	3778.2	7980.57	173.18	0.2932,3.718,1.3954
no_mig	Round_2_Replicate_6	-1870.55	3747.1	11392.56	161.71	0.2671,3.1714,1.9108
no_mig	Round_2_Replicate_7	-1131.27	2268.54	3156.66	175.29	0.9461,1.6281,1.579
no_mig	Round_2_Replicate_8	-1007.71	2021.42	9174.39	119.63	0.7727,1.8966,4.5468
no_mig	Round_2_Replicate_9	-1002.67	2011.34	3348.72	231.64	0.4291,1.053,1.6131
no_mig	Round_2_Replicate_10	-1118.1	2242.2	3864.01	269.54	0.3154,0.9618,1.2204
no_mig	Round_3_Replicate_1	-482.01	970.02	920933.59	146.42	1.8855,0.2932,3.423
no_mig	Round_3_Replicate_2	-442.58	891.16	214172.4	288.9	0.718,0.1514,1.5987
no_mig	Round_3_Replicate_3	-389.06	784.12	41351.12	456.84	0.4637,0.0472,0.4978
no_mig	Round_3_Replicate_4	-726.88	1459.76	2381.21	183.41	0.7812,0.9904,2.4379
no_mig	Round_3_Replicate_5	-481.2	968.4	311734.26	89.3	2.6252,0.7072,6.6524
no_mig	Round_4_Replicate_1	-354.2	714.4	1385.35	392.14	0.5279,0.1366,0.7447
no_mig	Round_4_Replicate_2	-275.62	557.24	683.41	586.23	0.2284,0.0603,0.2733
no_mig	Round_4_Replicate_3	-452.95	911.9	1109.32	362.35	0.7641,0.1194,0.5379
no_mig	Round_4_Replicate_4	-340.55	687.1	1199.22	424.03	0.4544,0.1263,0.6527
no_mig	Round_4_Replicate_5	-275.96	557.92	605.32	571.31	0.2377,0.0746,0.2969
Model	Replicate	log-likelihood	AIC	chi-squared	theta	optimized_params(nu1, nu2, T)
no_mig	Round_1_Replicate_1	-2127.18	4260.36	16649.78	166.01	1.5121,2.2781,1.0445
no_mig	Round_1_Replicate_2	-499.47	1004.94	957.36	465.89	0.3174,0.1665,0.2958
no_mig	Round_1_Replicate_3	-543.06	1092.12	1100.89	437.2	0.3809,0.182,0.3203
no_mig	Round_1_Replicate_4	-2801.8	5609.6	47042.05	177.95	1.5999,2.5014,0.7736
no_mig	Round_1_Replicate_5	-2487.17	4980.34	38668.76	312.01	1.9677,0.2548,0.1688
no_mig	Round_1_Replicate_6	-2875.08	5756.16	32019.72	269.13	0.3545,4.9835,0.2847
no_mig	Round_1_Replicate_7	-1078.88	2163.76	3230.06	166.38	1.3661,1.3494,1.6308
no_mig	Round_1_Replicate_8	-1003.36	2012.72	3272.85	241.02	0.4134,1.0133,1.4947
no_mig	Round_1_Replicate_9	-1022.87	2051.74	47808.52	411.27	0.1669,0.2802,1.2104
no_mig	Round_1_Replicate_10	-521.06	1048.12	4959.67	103.7	2.1121,0.9904,5.1538
no_mig	Round_2_Replicate_1	-1252.71	2511.42	5318.9	335.55	0.8994,0.2479,0.2864
no_mig	Round_2_Replicate_2	-784.26	1574.52	2489.78	332.3	0.3291,0.5273,1.0411
no_mig	Round_2_Replicate_3	-1229.5	2465.0	3141.04	401.68	0.2123,0.5002,0.308
no_mig	Round_2_Replicate_4	-415.24	836.48	715.03	579.87	0.1624,0.1044,0.1875
no_mig	Round_2_Replicate_5	-1173.3	2352.6	2842.33	450.39	0.1666,0.3455,0.2226
no_mig	Round_2_Replicate_6	-2303.99	4613.98	25264.11	352.62	0.5653,0.3734,0.1762
no_mig	Round_2_Replicate_7	-739.62	1485.24	7588.47	349.27	1.1697,0.039,0.3483
no_mig	Round_2_Replicate_8	-2441.32	4888.64	31004.6	301.82	0.8602,0.6069,0.2741
no_mig	Round_2_Replicate_9	-923.42	1852.84	2952.67	380.16	0.685,0.1495,0.2334
no_mig	Round_2_Replicate_10	-442.19	890.38	1789.62	395.61	0.6666,0.0726,0.4739
no_mig	Round_3_Replicate_1	-338.98	683.96	784.4	573.36	0.2103,0.111,0.362
no_mig	Round_3_Replicate_2	-249.52	505.04	456.18	671.18	0.1338,0.0426,0.1516
no_mig	Round_3_Replicate_3	-358.53	723.06	27865.85	533.31	0.3167,0.0417,0.419
no_mig	Round_3_Replicate_4	-366.4	738.8	2178.17	392.55	0.5831,0.1009,0.6737
no_mig	Round_3_Replicate_5	-285.33	576.66	573.81	539.61	0.2752,0.0803,0.3002
no_mig	Round_4_Replicate_1	-260.13	526.26	512.27	618.71	0.1849,0.0567,0.2131
no_mig	Round_4_Replicate_2	-245.36	496.72	415.96	703.89	0.1023,0.0345,0.1135
no_mig	Round_4_Replicate_3	-251.19	508.38	476.08	686.53	0.1268,0.0439,0.157
no_mig	Round_4_Replicate_4	-246.73	499.46	423.9	696.68	0.1104,0.0393,0.1279
no_mig	Round_4_Replicate_5	-265.44	536.88	520.42	599.49	0.2028,0.0663,0.241
