Model	Replicate	log-likelihood	AIC	chi-squared	theta	optimized_params(nu1, nu2, m, T)
sym_mig	Round_1_Replicate_1	-2963.74	5935.48	65918.81	124.88	2.5837,2.5461,0.1486,1.6271
sym_mig	Round_1_Replicate_2	-3998.52	8005.04	293640.3	186.2	0.9565,0.869,1.3227,4.0198
sym_mig	Round_1_Replicate_3	-4980.93	9969.86	1362073.4	181.34	6.4641,0.6826,1.1934,0.7223
sym_mig	Round_1_Replicate_4	-704.82	1417.64	1941.42	312.25	1.1184,0.1223,0.2571,0.7426
sym_mig	Round_1_Replicate_5	-659.37	1326.74	1401.47	246.49	0.8909,0.4319,0.1782,1.6324
sym_mig	Round_1_Replicate_6	-334.02	676.04	478.48	403.29	0.4121,0.1226,0.4296,4.8561
sym_mig	Round_1_Replicate_7	-4094.69	8197.380000000001	393680.63	292.38	3.6301,0.3724,0.6628,0.1635
sym_mig	Round_1_Replicate_8	-2736.03	5480.06	28999.92	477.58	0.1837,0.5173,1.8368,3.7857
sym_mig	Round_1_Replicate_9	-5208.76	10425.52	1070661.31	337.95	0.2169,1.421,4.0867,1.0871
sym_mig	Round_1_Replicate_10	-6004.53	12017.06	4915375.25	90.42	2.1598,4.4735,0.8045,3.2464
sym_mig	Round_2_Replicate_1	-150.93	309.86	198.42	407.75	0.3836,0.039,0.2326,2.4136
sym_mig	Round_2_Replicate_2	-395.71	799.42	766.53	516.24	0.1545,0.106,0.1864,1.4776
sym_mig	Round_2_Replicate_3	-162.64	333.28	156.59	274.68	0.5754,0.0964,0.2126,6.0273
sym_mig	Round_2_Replicate_4	-326.26	660.52	492.48	218.49	0.967,0.3373,0.0913,2.4631
sym_mig	Round_2_Replicate_5	-366.09	740.18	491.12	369.19	0.3843,0.1946,0.3407,2.979
sym_mig	Round_2_Replicate_6	-528.99	1065.98	1190.5	256.1	1.3797,0.1087,0.1603,1.3317
sym_mig	Round_2_Replicate_7	-291.75	591.5	439.44	227.3	1.0389,0.1985,0.126,2.5593
sym_mig	Round_2_Replicate_8	-676.32	1360.64	1107.85	373.39	0.2092,0.3441,0.3321,3.359
sym_mig	Round_2_Replicate_9	-570.28	1148.56	852.99	645.52	0.1576,0.1635,0.6769,4.3913
sym_mig	Round_2_Replicate_10	-460.65	929.3	1009.84	331.03	0.1791,0.054,0.1516,6.8813
sym_mig	Round_3_Replicate_1	-835.05	1678.1	2921.42	384.63	0.8325,0.0161,0.6443,1.895
sym_mig	Round_3_Replicate_2	-423.15	854.3	847.84	331.03	0.8842,0.0745,0.2264,1.0724
sym_mig	Round_3_Replicate_3	-143.85	295.7	134.97	655.46	0.219,0.0311,0.5046,9.2524
sym_mig	Round_3_Replicate_4	-149.17	306.34	144.12	494.72	0.3151,0.0498,0.331,1.8322
sym_mig	Round_3_Replicate_5	-230.87	469.74	742.81	321.57	0.495,0.0134,0.2227,5.7954
sym_mig	Round_4_Replicate_1	-143.14	294.28	151.69	962.61	0.1344,0.0181,0.6875,2.4399
sym_mig	Round_4_Replicate_2	-141.63	291.26	139.91	631.27	0.2091,0.0309,0.4546,7.2765
sym_mig	Round_4_Replicate_3	-141.2	290.4	140.5	636.4	0.2108,0.0296,0.462,10.2147
sym_mig	Round_4_Replicate_4	-141.13	290.26	138.33	342.79	0.4012,0.056,0.2499,8.9315
sym_mig	Round_4_Replicate_5	-141.17	290.34	138.3	784.56	0.1762,0.024,0.5817,8.9544
Model	Replicate	log-likelihood	AIC	chi-squared	theta	optimized_params(nu1, nu2, m, T)
sym_mig	Round_1_Replicate_1	-2645.67	5299.34	24285.88	561.9	0.1474,0.4506,2.0298,4.8213
sym_mig	Round_1_Replicate_2	-2829.36	5666.72	67778.67	153.25	5.7116,0.6069,0.4173,1.1564
sym_mig	Round_1_Replicate_3	-4655.31	9318.62	2905148.96	322.33	7.6714,0.1275,7.0655,1.1534
sym_mig	Round_1_Replicate_4	-9048.48	18104.96	319795973.85	206.16	1.332,7.8107,4.9395,0.3984
sym_mig	Round_1_Replicate_5	-2060.66	4129.32	7404.87	248.95	0.158,1.6023,0.2995,1.4581
sym_mig	Round_1_Replicate_6	-1905.45	3818.9	10302.63	394.86	0.258,0.4263,0.2096,0.1821
sym_mig	Round_1_Replicate_7	-5600.68	11209.36	3266657.06	292.59	4.268,0.3986,2.4542,0.1605
sym_mig	Round_1_Replicate_8	-4398.14	8804.28	550750.16	519.73	0.3712,0.2611,4.7214,6.8883
sym_mig	Round_1_Replicate_9	-6031.24	12070.48	4837495.42	116.25	1.3053,1.9732,1.7096,5.5585
sym_mig	Round_1_Replicate_10	-7402.12	14812.24	31193600.87	115.62	1.0672,2.4883,3.3411,7.0813
sym_mig	Round_2_Replicate_1	-2311.99	4631.98	9293.83	451.03	0.045,0.4502,0.3578,0.079
sym_mig	Round_2_Replicate_2	-543.38	1094.76	1223.93	596.46	0.1304,0.1533,0.1385,0.6314
sym_mig	Round_2_Replicate_3	-1653.64	3315.28	7701.11	392.26	0.3336,0.3819,0.541,0.2905
sym_mig	Round_2_Replicate_4	-3119.51	6247.02	59090.94	339.12	0.3062,1.0754,0.1176,0.1546
sym_mig	Round_2_Replicate_5	-2447.07	4902.14	24285.48	346.22	0.3646,0.674,0.4411,0.2434
sym_mig	Round_2_Replicate_6	-6214.07	12436.14	6556426.24	317.27	0.8082,1.3134,0.1178,0.0895
sym_mig	Round_2_Replicate_7	-320.61	649.22	545.14	623.41	0.1591,0.1016,0.0989,0.2702
sym_mig	Round_2_Replicate_8	-1218.6	2445.2	4445.4	320.86	0.6962,0.4177,0.1149,0.4501
sym_mig	Round_2_Replicate_9	-1795.43	3598.86	6313.4	290.04	0.2726,1.5113,0.0743,0.4868
sym_mig	Round_2_Replicate_10	-1722.17	3452.34	11505.89	390.77	0.5236,0.1973,0.5891,0.1907
sym_mig	Round_3_Replicate_1	-158.84	325.68	179.98	583.17	0.282,0.0385,0.3419,0.7307
sym_mig	Round_3_Replicate_2	-383.0	774.0	1915.92	435.53	0.4048,0.0274,0.026,1.0162
sym_mig	Round_3_Replicate_3	-179.07	366.14	259.15	699.89	0.1684,0.032,0.2877,0.2973
sym_mig	Round_3_Replicate_4	-245.19	498.38	450.32	663.37	0.1449,0.0423,0.0285,0.1641
sym_mig	Round_3_Replicate_5	-304.8	617.6	655.62	411.99	0.5046,0.1214,0.0273,0.6458
sym_mig	Round_4_Replicate_1	-155.95	319.9	187.24	567.12	0.2754,0.0429,0.2732,0.8077
sym_mig	Round_4_Replicate_2	-146.01	300.02	148.99	681.93	0.2056,0.0328,0.4336,0.685
sym_mig	Round_4_Replicate_3	-200.88	409.76	247.15	486.2	0.3912,0.0618,0.2926,0.8613
sym_mig	Round_4_Replicate_4	-149.39	306.78	161.11	663.62	0.2212,0.0314,0.4158,0.6159
sym_mig	Round_4_Replicate_5	-147.07	302.14	157.48	619.7	0.241,0.0357,0.3666,0.8391
Model	Replicate	log-likelihood	AIC	chi-squared	theta	optimized_params(nu1, nu2, m, T)
sym_mig	Round_1_Replicate_1	-2001.99	4011.98	22440.71	294.9	5.0952,0.1228,0.6713,0.226
sym_mig	Round_1_Replicate_2	-2388.91	4785.82	13042.01	250.96	0.23,1.1819,0.6817,4.031
sym_mig	Round_1_Replicate_3	-5889.57	11787.14	3793875.16	282.44	0.6945,2.8912,1.3501,0.1867
sym_mig	Round_1_Replicate_4	-5067.37	10142.74	844990.86	368.83	0.1888,1.3565,4.2317,1.9978
sym_mig	Round_1_Replicate_5	-2338.33	4684.66	10699.44	82.49	0.5559,4.6261,0.1653,8.3944
sym_mig	Round_1_Replicate_6	-2117.49	4242.98	27444.36	174.2	4.237,0.1956,0.5908,1.6529
sym_mig	Round_1_Replicate_7	-4093.62	8195.24	448213.2	471.99	0.698,0.1602,4.4166,1.3685
sym_mig	Round_1_Replicate_8	-2811.66	5631.32	33760.38	303.16	0.3457,1.6248,0.3058,0.2726
sym_mig	Round_1_Replicate_9	-7542.0	15092.0	43944304.01	118.63	2.7444,1.1754,3.2601,3.9637
sym_mig	Round_1_Replicate_10	-2677.85	5363.7	65792.91	179.72	4.9445,0.1287,1.1851,7.9957
sym_mig	Round_2_Replicate_1	-5512.87	11033.74	2929979.01	280.58	5.7808,0.3979,2.4122,0.1923
sym_mig	Round_2_Replicate_2	-741.11	1490.22	2028.03	256.07	1.9667,0.0803,0.1244,0.8146
sym_mig	Round_2_Replicate_3	-2538.48	5084.96	50900.24	258.13	8.7097,0.1771,0.8443,0.3233
sym_mig	Round_2_Replicate_4	-1708.33	3424.66	13068.5	220.88	9.6197,0.0831,0.471,0.5676
sym_mig	Round_2_Replicate_5	-2139.38	4286.76	27180.54	317.58	16.3713,0.0965,0.689,0.132
sym_mig	Round_2_Replicate_6	-3234.02	6476.04	120489.48	315.67	9.3168,0.1855,0.4113,0.1104
sym_mig	Round_2_Replicate_7	-853.42	1714.84	2694.24	324.61	1.6279,0.0417,0.1338,0.3532
sym_mig	Round_2_Replicate_8	-1048.58	2105.16	4288.28	279.68	1.744,0.0551,0.4156,0.8737
sym_mig	Round_2_Replicate_9	-2184.09	4376.18	25500.64	248.73	9.7582,0.2568,0.181,0.2994
sym_mig	Round_2_Replicate_10	-1399.84	2807.68	7886.71	351.64	1.5769,0.0856,0.2416,0.1437
sym_mig	Round_3_Replicate_1	-185.43	378.86	376.68	350.43	0.5226,0.0306,0.1649,2.2191
sym_mig	Round_3_Replicate_2	-459.52	927.04	2159.29	354.62	0.8305,0.0182,0.0377,0.7866
sym_mig	Round_3_Replicate_3	-337.84	683.68	1331.25	273.92	0.8973,0.0452,0.0244,1.7657
sym_mig	Round_3_Replicate_4	-677.9	1363.8	1971.3	332.18	1.2244,0.0271,0.1592,0.5508
sym_mig	Round_3_Replicate_5	-942.91	1893.82	2931.66	211.14	3.8379,0.1499,0.0232,0.7488
sym_mig	Round_4_Replicate_1	-154.33	316.66	161.61	214.17	0.7758,0.1296,0.1188,4.8503
sym_mig	Round_4_Replicate_2	-170.52	349.04	203.7	238.72	0.7932,0.1266,0.1102,3.2611
sym_mig	Round_4_Replicate_3	-153.13	314.26	173.2	511.28	0.3152,0.0494,0.2604,1.1141
sym_mig	Round_4_Replicate_4	-149.11	306.22	157.4	268.48	0.5884,0.0941,0.1494,3.9376
sym_mig	Round_4_Replicate_5	-151.36	310.72	184.13	457.18	0.3508,0.0463,0.2314,1.5588
