# /home/maycon/.conda/envs/dadi-cli/bin/dadi-cli InferDM --fs All.cc_lo.folded.downproj.fs --model sec_contact_asym_mig --cpus 32 --output-prefix All.cc_lo.folded.downproj.sec_contact_asym_mig --lbounds 1e-3 1e-3 0 0 0 0 --ubounds 2 2 5 5 10 10 --global-optimization --optimizations 100
# Log(likelihood)	nu1	nu2	m12	m21	T1	T2	theta
-3011.5978373587627	0.6298616691426449	0.19445553860398956	0.025620134992579625	0.3934432686793622	6.181069969646326	1.2020207272985124	3159.819608014863
-2993.4508371109555	0.16702733317754126	0.022557627858894178	0.0848641836560991	3.8535902628196945	3.7377247869475205	0.3255527034945885	11003.950354000075
-3059.4154635244763	0.6444820797525878	0.18710527686585005	0.02208180736548365	0.41915916506208445	6.332912884414359	1.1286460680792476	3123.3438258960946
-3073.979274970755	0.20230422998676756	0.03878339304164971	0.06801774370827017	2.1692852370065108	7.803445650589226	0.8189684012160463	8940.25225241455
-3125.9319492709205	0.09305532213479427	0.016878127727358166	0.1389064810739006	4.95	4.42998769305282	0.4179748357865668	19314.13649791832
-3048.7148112576733	0.6414127716720964	0.18701909986528126	0.022553053520227875	0.42109517679590036	6.331260054610302	1.1244202880574736	3129.09014671868
-3142.483781412314	0.6045575924185477	0.22184336652497544	0.02583165544709715	0.33660365233853184	6.003985892885088	1.2188075563551415	3119.0403224546462
-3135.803818395471	0.6057921896169054	0.22152561255643133	0.02588823945781317	0.337698396564164	6.00668396938861	1.2198411951661154	3118.912447763514
-3088.1775415137054	0.6049478021642711	0.22442762516639234	0.028197461597548417	0.33760539357840663	5.999552116904825	1.2203605400196613	3117.0211740038885
-3273.0230228474097	0.8051368726556656	0.2834868596030794	0.01630423476797758	0.2553287479396669	6.3190668351092505	1.4545582300363256	2661.021141354911
-3072.3436890429634	0.6363244982998668	0.20325544964299963	0.0236644559290949	0.3740918555432794	6.170647776890137	1.2132193709139212	3114.2716532046143
-3018.566596903732	0.6305713582455877	0.17730352158542545	0.02368324041593381	0.43390633633609677	6.319823118284309	1.0991885313954497	3171.745541535872
-3667.32035239065	0.025242783452834976	0.012989151481064155	0.49971928844084723	4.9387391384676	3.457935668329467	5.500498920452219	80198.63767474436
-3240.7406390486676	0.7667255655211598	0.33304996499960127	0.020296111502721086	0.22723997413860628	6.322598741872593	1.4245010483388987	2614.1092920132123
-3139.6540700743208	0.11044813891864014	0.01729909240827899	0.11226696814551294	4.9441731607793145	5.887769090436585	0.4290118663403405	16381.019244393507
-3148.494769959452	0.06549415690120486	0.016576814267918103	0.19747568084363604	4.95	0.32318443477895603	0.2055825182590474	28236.30404505381
-3229.9753553620194	0.7933048027780154	0.2907639932172321	0.01763179686177519	0.2534941039148738	6.323086865387939	1.4370736716507106	2660.652975138083
-3588.3840263912866	0.023329285148365454	0.012796744661604615	0.6391162907456793	4.95	0.6398351151885439	9.725845859000232	83422.02670581096
-3297.997773131266	0.8044550360794037	0.2848623697016053	0.015777383513376108	0.2575493119188707	6.316233140702881	1.4498114270898155	2663.367329498492
-3254.3779670287718	0.8005715926903764	0.28149936735595393	0.016827448753232468	0.2552659833138567	6.29940605418602	1.4578172327325531	2671.718584357407
-3671.0505554636898	0.02490013444159174	0.012846164562806258	0.5074103262557937	4.95	0.08479121197206445	7.7114074383822215	80835.4656225658
-3164.0518553559564	0.10976121300810696	0.017707861340928464	0.11282029045276389	4.901552871351489	9.9	0.5300986514160562	16253.062216233266
-3273.0230228474097	0.8051368726556656	0.2834868596030794	0.01630423476797758	0.2553287479396669	6.3190668351092505	1.4545582300363256	2661.021141354911
-3194.222559559376	0.11060976577131336	0.017186203919476888	0.1079670478852143	4.95	9.9	0.5204291796180931	16089.391800166566
-5214.318768048957	0.008215221946374411	0.009922291303351432	4.664357549434796	4.95	6.497275700903372	8.716647354025985	153289.46926088555
