# /home/maycon/.conda/envs/dadi-cli/bin/dadi-cli InferDM --fs All.cc_lo.folded.downproj.fs --model sec_contact_sym_mig --cpus 16 --output-prefix All.cc_lo.folded.downproj.sec_contact_sym_mig --lbounds 1e-3 1e-3 0 0 0 --ubounds 2 2 5 10 10 --global-optimization --optimizations 100
# Log(likelihood)	nu1	nu2	m	T1	T2	theta
-5228.706992031137	0.030750509644857826	0.03276602812139361	1.4318793023533738	1.0509732384120452	3.8710034272518294	44467.54518394191
-5230.813824984318	0.04288101047742904	0.04569673015247006	1.0279067424705255	3.8719093770996933	4.247451880059665	31847.842057683214
-5228.874605717151	0.02947294766241925	0.03136555709170362	1.4935986169070956	1.8310446345000033	3.5761351222057454	46393.304130855
-5228.829462469611	0.044483501988584084	0.04739641674297105	0.988490906481629	3.6726876032903797	5.549231234254172	30714.36005570626
-5229.216083898022	0.042405358948778615	0.04520103502448296	1.0385090715511143	6.6137331203602026	5.131569150889764	32232.594780474046
-5228.5601722896	0.034365390027252515	0.036620738784884074	1.2802158843527534	5.882697578472781	8.585576375767225	39776.95663628171
-5228.5629362195	0.035514961573506164	0.03778669117211134	1.239345444354462	4.25640804650196	6.841749653198599	38510.08063775315
-5228.809538838441	0.033491090587915044	0.03560679455382749	1.3154061535966666	3.4767318417670263	4.327324752367508	40853.85519160261
-5228.630899543049	0.04772094661065595	0.050793685572414975	0.9229244580579343	5.676262524092319	6.982719565829615	28665.872199100788
-5228.56671556655	0.019664669402875888	0.02092329345441243	2.238570280027941	4.110733445712277	5.413366231434168	69554.52441500193
-5228.642721501636	0.02257844717808253	0.02406106597698362	1.9485776631938097	5.79921988862472	3.4801556333430548	60538.29859583721
-5228.835679266146	0.021302295890181157	0.022713960284194496	2.065737016959656	7.308289608521068	3.035584461546009	64155.024371725005
-5229.006046500793	0.032925883288579594	0.03497257689081516	1.336942865645892	8.51369250817708	4.35978400834797	41538.57346047151
-5228.5732698127	0.02678278540884402	0.028558313698260028	1.6413380085094482	5.008461366185915	6.897538744973106	51010.49999306442
-5228.736760089713	0.017385311321543567	0.018487596820375707	2.529874473391228	5.245306319023171	2.5609281427870094	78634.62643156362
-5228.570295424213	0.034825954322481506	0.037050176690250354	1.263522066149163	6.7578795283782185	6.152076874070241	39266.7236741302
-5228.757063666914	0.030490299067143123	0.03244363363904862	1.4446698956887967	0.5026634556108318	3.5629798022296852	44866.13321118978
-5228.56592187078	0.022230038059111272	0.02368585715346792	1.9793022479764832	2.873957087300111	8.56123141725147	61496.282207396536
-5228.7733042722975	0.028262065784875678	0.03007052517218533	1.5567039959640545	8.018560019004417	4.041249117674948	48372.751519174686
-5228.800761569782	0.026763276034322655	0.02854602608999329	1.6440418909490224	9.107501784545644	3.841067434680262	51059.40220090761
-5228.883740967296	0.03421303822739313	0.03643919591511903	1.2873124055315932	7.967994940073326	4.609458771606267	39970.057530721795
-5228.55902447421	0.030716796490110613	0.0326833935418551	1.4331188093438854	2.833826601878936	6.395362407261383	44528.1644239506
-5228.764587383572	0.034647936720278855	0.03683105706303841	1.2702267266946867	9.91487445496902	4.965882707226503	39471.61326719647
-5228.667958286927	0.0217784286840457	0.02320557545187196	2.02069640670135	2.9286054449863115	3.124074492470446	62770.98472312856
-5228.563571745811	0.02374031508561439	0.025303618941659146	1.8520240010604072	4.216781566441026	7.43204964719132	57557.90361749983
-5228.562211736962	0.025308196432921235	0.026932054352711815	1.738536237051086	3.218351664588216	7.4954818841075515	54028.82875500455
-5229.0212024015445	0.027983879577324587	0.02965785453692152	1.5757586087793694	6.230392048176522	3.6780837051459927	48940.3764614114
-5228.691559513146	0.03911274613948468	0.041747682281466386	1.125352055737442	0.5629386765920299	4.692593687325173	34943.53674724464
-5228.588590096749	0.039572425932350455	0.042184323522720606	1.1126278258219808	4.760181553088751	6.36704965560872	34554.40448357625
-5228.903861641968	0.023068833996425127	0.02458212172724723	1.9056971085761019	4.992894403159378	3.0953784546865895	59214.79532380633
-5228.897380530473	0.03567030029282408	0.0379614163724003	1.2334483930708893	2.671067770356627	4.337657823853697	38321.381974834374
-5228.57527316784	0.018623256610857883	0.01985201468058635	2.358995543742295	2.3341862049254276	5.003400801080825	73339.75192708013
-5228.566592755263	0.024322968279365222	0.025861072108656576	1.8095100166168527	3.779665759627177	4.656391759262707	56235.53946260186
-5228.843602273189	0.025025123429240688	0.026623379424199612	1.7600673837973275	8.850009789982636	3.542258416672213	54660.32272308842
-5228.665357458786	0.03415887959318244	0.036373356921042786	1.2884250544144473	1.283333815948116	4.423990117134944	40027.22031367247
-5228.566236018617	0.026947581708078615	0.028679643132010046	1.634013388855115	3.4951942335919046	5.137292726293842	50761.37291477517
-5229.264325553441	0.039017494521380584	0.041434009425778504	1.1287276306136729	9.27953384486977	4.887178564808664	35055.45108442552
-5228.562727356821	0.02697581241500825	0.028731085554647054	1.6302632752860908	5.026428524394326	6.556528938226777	50667.51686968897
-5228.570592756096	0.04455905410777591	0.047480701599442274	0.9880356403553839	8.800832075032623	8.888295090016634	30689.002108524084
-5229.203384985549	0.029408794160819457	0.031342153893847195	1.497408844544493	3.531300120815122	3.5033003333444372	46478.22653645462
-5230.093126021451	0.03473502757335644	0.036917125077716884	1.26926095049716	0.014341191342426653	2.851317825621475	39365.916351025524
-5228.942397097023	0.043919102669959374	0.046887998803169635	1.0012396979221418	4.8430059939084975	5.456166525081437	31095.633017444292
-5229.1366048156915	0.02678340200047191	0.028508538909923838	1.6449337749362947	3.68716318598915	3.271116454972328	51061.26026487092
-5229.052894172362	0.04449032077828199	0.04740665302107531	0.9885912677405202	3.7047801996675997	5.213734455521685	30707.524859980716
-5228.57751944872	0.016479074073255308	0.0175437796853166	2.669251897539261	4.124523993534904	2.88990477670196	82956.20520279021
-5228.988854310134	0.024427000347638436	0.02600199366160615	1.8035518980058227	2.620406821956699	3.017519796240106	55992.25976853188
-5228.564926912149	0.0266835851534268	0.028408777680525413	1.6480719828211867	3.6233413540133004	8.034858680147655	51225.41121317594
-5228.559559480817	0.03235711624490958	0.0344507352109476	1.360091128147867	7.219122536633416	6.645896507575206	42259.51314609743
-5229.453477453641	0.03249423630130698	0.034616087465258995	1.3539218292427124	3.687770442929917	3.7078535700754927	42037.53279581983
-5228.608284874991	0.02944626940195795	0.031376549207892984	1.4936617485631427	6.741726216837206	4.676306392520305	46413.652625546885
-5335.456361478693	0.02294122463279	0.024616058206501187	2.158035199694502	6.495541437248754	4.784507902458717	63250.381577054264
-5228.817201533556	0.03446554113946298	0.03668540137466289	1.2760358731137833	5.10141370154444	4.573441207848776	39653.7233663444
-5228.635295946472	0.041233260326258736	0.04382639035247199	1.0679318645771738	3.0192447288474398	5.798888091556079	33181.48384137948
-5228.5737214099545	0.031771089959523525	0.0337668317840652	1.3862708441269866	3.628366038899516	6.240097073945732	43071.41858709815
-5229.520057876889	0.03129161557462619	0.033307189310628864	1.4074855806952422	5.256767896168432	3.6747651008323814	43682.45930085573
-5228.759160703495	0.0236139843235563	0.02517680761889338	1.8642041676511052	5.200951410200168	3.3356204948015233	57890.440107265335
-5228.685126837197	0.02780607360251704	0.02958828536492125	1.5833299913012433	3.6049805991009483	3.900527825928812	49186.5909478932
-5228.571457543291	0.024763342511748748	0.02634826387023358	1.7780487678210883	3.6126368626361134	4.505539375271169	55239.76390151102
-5228.834540100742	0.04447795190638877	0.047328782973602164	0.9900844296525967	3.3037422832979053	5.4814733741309025	30749.932186208585
-5229.290399774114	0.04017928016085025	0.04282785378777215	1.0946373415129644	4.842835616839581	4.697591654753945	33993.03647402711
-5228.5761360867045	0.02820880164455824	0.02998329226779474	1.563079133537373	5.631742627621376	6.230875775123403	48538.707885412194
-5230.20649467643	0.025681633713289465	0.02729185818858096	1.715706689081959	4.703987633791786	2.880043449879882	53222.36971955384
-5233.563788601853	0.03163253339758901	0.03368632857748257	1.3973840429696585	5.47976469706452	3.069877753562632	43143.39943186588
-5228.808094978608	0.03663080798655506	0.03897675811470259	1.2015987803886714	3.0395390436323693	4.621492767095714	37328.615069121865
-5228.578192369388	0.0282498080630289	0.0300071087467184	1.5593936071152454	7.447499060660161	6.151449478257903	48450.84690804791
-5229.22501647124	0.019006721243506466	0.020213115571316824	2.315084241090329	3.112201532517526	2.3436822960459542	71912.06721160958
-5229.3411079978905	0.02887917029733004	0.030773840146537765	1.5257169128140236	2.6001454895697993	3.283102955431227	47340.06401826383
-5230.151501997096	0.024915723885702686	0.02648580450080307	1.7693090159401168	8.927294082230384	2.9934768361224666	54872.043467521835
-5229.210289736735	0.03324685422252348	0.0354039130621313	1.3232652038603092	5.780649046884483	4.081389246876765	41097.36153733376
-5229.480772508914	0.037205062557137646	0.03947853027107242	1.1857644786898427	9.196742501234068	4.552414977973625	36795.967615927846
-5229.223472779888	0.02428458643347965	0.025922521079962537	1.8114937724237856	5.841033896486215	3.0844363506681276	56236.74486688071
-5228.7057318454945	0.026224093951808216	0.0279226034333453	1.6789929307057443	5.13110265339493	3.755818886884943	52149.20959772739
-5228.703723670302	0.025822175605541023	0.02747407798425656	1.704571408648736	8.6446007054735	3.865687951348578	52959.35842718459
-5228.601074420077	0.018352888715423597	0.019511423156936623	2.3988208401380957	8.320527651325532	3.1262333828625004	74539.25164542954
-5228.5780982080605	0.024073982750882197	0.02559506861627677	1.8311670676611964	9.82794577717769	5.695229789331784	56866.42945656402
