# /home/maycon/.conda/envs/dadi-cli/bin/dadi-cli InferDM --fs All.ei_cm.folded.downproj.fs --model split_mig --cpus 32 --output-prefix All.ei_cm.folded.downproj.split_mig --lbounds 1e-3 1e-3 0 0 --ubounds 2 2 10 5 --global-optimization --optimizations 100
# Log(likelihood)	nu1	nu2	T	m	theta
-8148.374188244159	0.02071973236459433	0.05828495717822644	2.2064103219686695	1.7272673760587398	105253.31897287407
-8148.87236350266	0.015740994813791865	0.04430432629338082	1.7385057265785888	2.2684459934262624	138324.84140454853
-8146.508515547929	0.011796998649304714	0.03311753064101555	1.6936764048416852	3.0344731905416467	185305.23679518807
-8147.755082381899	0.0139671133181386	0.039358948798608115	1.6800247578672456	2.5576791914363644	155991.97464856875
-8146.161926670495	0.010373507261425531	0.029127614389914114	1.8242518770240808	3.445919333016037	210652.1715697614
-8146.113255027545	0.011882799446312018	0.03343584486889109	2.218343699357884	3.007895501905628	183760.03774809092
-8146.07224242254	0.01282065801009782	0.03600375588964528	2.6757848185209645	2.790379494098974	170509.3825648527
-8146.684272895269	0.019172995866191186	0.05390999924193155	2.4460952894181704	1.8646430141053068	113863.36780426897
-8146.076052734771	0.010840216443449116	0.030478104578397797	1.8371152976491067	3.299478920933542	201540.0734876017
-8150.420876131324	0.007255493349395456	0.02044193995726425	0.8619838185022783	4.919976923729701	299579.74057622364
-8146.0920784026475	0.015055918731747569	0.04237420277441217	2.489052456875929	2.3743925362497453	145024.12042064682
-8146.505794551572	0.014086208693044066	0.03973095013935296	1.9726921445176786	2.5349721942247356	154755.0654009025
-8147.607177190716	0.015548615699784009	0.04375258643726656	1.8610500596356447	2.305116742826087	140435.5096513214
-8146.420758207251	0.010109095725231531	0.028485623635591973	1.5172555460179356	3.535038734069211	215808.3387609187
-8147.796819602323	0.011661905953360158	0.0327272295053127	1.4395490598544165	3.073737704802173	187390.80798210282
-8146.109285069858	0.008648505490587495	0.024211745524239266	1.7856076009225694	4.1448118789810815	253273.0825433638
-8148.835920656324	0.007269734520417328	0.02047136380837828	0.9131995229894276	4.928130452162154	299937.3384844664
-8145.979821958556	0.010691900921802245	0.030043486414471587	2.3667206920317136	3.3463396624574773	204427.1618655822
-8145.9582549625575	0.014564130947485132	0.04098700864111005	3.5205048593479464	2.4551809869107606	149954.51514026427
-8145.987711114972	0.00874325258046782	0.02462923841922065	2.3680614679547136	4.083070310857082	249514.8079530868
-8145.945105325058	0.014981941042967292	0.04215165762944129	4.408889449543639	2.3856298048552964	145755.15480780063
-8160.804192776178	0.007849977067978008	0.022062692248614003	0.7661606019208071	4.59105292552982	276151.2595300502
-8146.86432942037	0.00986896697502086	0.027811506225580183	1.3715546077376248	3.6190824822583214	220915.01377980068
-8146.160825855066	0.007191054824524622	0.020241891251811774	1.266666821410944	4.967820634666132	303517.1437137775
-8146.030961178033	0.007190137328048711	0.0202716403610279	1.5206870686818306	4.956649832046053	303077.4086596355
-8148.391472240478	0.016099220601402738	0.04523244058024725	1.806401880437221	2.2229190772646303	135514.97684377304
-8146.027989362045	0.012857405478318307	0.036295236295082606	4.236776196927358	2.777283360828601	169570.76977283676
-8147.876260346225	0.013187582109549217	0.037109138669938264	1.5882639738173479	2.7092819781683604	165290.7264366155
-8146.011506122217	0.007210252300056525	0.02031540093924998	2.115866926810474	4.950462809457273	302521.2955932068
-8150.062502716927	0.016244432832163768	0.04583906750059097	1.6903378948793488	2.1998842641321286	133837.6109600145
-8146.080510283205	0.007213005713092355	0.020377222952920045	1.4778032329308324	4.9464115811247265	302060.3661557265
-8146.030281112227	0.011876867952705506	0.03332144442194491	2.213233459158597	3.013826153228929	184163.7724138306
-8146.220555431104	0.00790145345720702	0.02224479847574096	1.4267859243073264	4.5348457324156675	276614.2459333868
-8145.956244250979	0.013385327227835923	0.037668215673965916	4.252575775024542	2.667726950657752	163057.6097321657
-8147.780978573174	0.011547569805953258	0.032429641244293116	1.438276451845937	3.0942836841003083	188927.68970796568
-8146.043163628347	0.007578956348186123	0.021349351176297396	1.385404639501261	4.71649308608688	288004.1979070636
-8146.007454209599	0.007235151864444222	0.02033730199711621	2.719349231128883	4.950110653576002	302204.04236931814
-8145.955732861873	0.008739644181105838	0.024581820773808882	3.859255129100996	4.091453554240968	249939.99433461254
-8145.96671102988	0.012653642682340519	0.03556553733810282	3.278005269005187	2.8235849500232773	172605.06089370663
-8145.959445435812	0.011376886114562022	0.032049609888841105	2.89460204873454	3.139830171667992	191806.9042666256
-8146.024515143256	0.012026025970493853	0.03384759861980371	2.1295228996943845	2.972358519774165	181558.4866622209
-8145.952639774086	0.00733841515048424	0.020650210193671914	3.4787048254638595	4.87000570050308	297539.9384933521
-8145.978150832204	0.011691086034750633	0.03284903520283262	3.569665635773368	3.0630840056845354	187038.70316236964
-8146.063198492536	0.011936987826618155	0.033460735919317086	5.045434935795663	3.004205330541995	183456.19300757445
-8150.211513853	0.012710720684009273	0.03575752564199397	1.3776451768933873	2.8155467668435454	171318.87607867614
-8145.989787421864	0.007292466154185455	0.020514445859516027	2.462697197891935	4.893739449244502	299248.3614637236
-8145.962613024237	0.010832955180670114	0.030511767194509546	3.2874156586056857	3.2959189727829825	201405.72887644914
-8146.056904809349	0.016486236132072913	0.04652770613573812	2.906990004203932	2.165890852498294	132250.16140282198
-8146.134093968621	0.00973140436756498	0.02735080548000186	1.608020442118285	3.672996685629585	224451.67773444802
-8147.005617365382	0.007459888909076699	0.021081375999097086	1.0713030105583612	4.777353448057102	291663.30889123905
-8145.954989633608	0.008708856138419197	0.02448025416212841	3.675140103952471	4.105836803082259	250874.26537550395
-8146.563880893574	0.007183318993718531	0.020316678571713077	1.1501676863736054	4.950632333872443	302642.18226770556
-8147.034152399919	0.01229705338567215	0.034579085386147915	1.620361848743729	2.915190840959643	177711.61397707733
-8146.608039334203	0.007189943660997445	0.020250862606020163	1.0888472357779528	4.958782806975403	303104.6403036641
-8146.464792815767	0.012186887624572807	0.03430951679136306	1.7600815769832967	2.9283021532685103	178945.90195730526
-8159.448626294731	0.007269502607462349	0.02052288758380583	0.732942722009729	4.9503172302891985	297874.3031043991
-8146.032615911226	0.007352265175143552	0.020661994225183444	2.05369801987702	4.869565128762887	297364.6602106992
-8146.4708487403095	0.015728856591225193	0.04427181318777405	2.217654413598451	2.2751637753380947	138846.16726225775
-8145.9602724001015	0.01395567112162421	0.03928809412613089	5.614818280726632	2.5603536501477837	156420.59803309198
-8145.964434052654	0.007441624086873281	0.020949063466804658	2.633147121373656	4.799572436369835	293289.94456619635
-8146.123472922612	0.014749553088907963	0.0415446402084878	2.3473056353933766	2.4206051056886664	147900.88326098525
-8146.045972091036	0.011327924695688843	0.03187271444746601	3.8847177953359333	3.1545401239069757	192750.678095633
-8145.998345182626	0.013147541796696574	0.036966698342733646	2.3514149530340296	2.7198266900064083	166160.03953604086
-8146.00756144117	0.00903373275117983	0.02546038113892458	1.9628882789287498	3.946654357243623	241301.05411397945
-8145.992121827648	0.00719098655738888	0.020237051231352172	1.577531445102519	4.976753962937692	303826.29892869754
-8145.96283109902	0.018480982637459144	0.052019330287172746	4.438326004689294	1.9332863729743532	118121.78840259068
-8146.1814233531995	0.014889889209729184	0.04181091396201668	2.344327134993112	2.407559006813096	146941.05731251245
-8146.068189088907	0.0072585940449721685	0.020456483933933883	2.406751652650227	4.925875691105545	300721.5422632703
-8146.010984837931	0.010953665508407399	0.030838063157294423	3.5910083278799756	3.2680033633581513	199456.9152233605
-8145.999306219143	0.007215760927433211	0.020246812715055247	2.937423083312225	4.964266603464987	303226.46304938995
-8145.971320989132	0.007633724533988858	0.021511266682228133	4.776698934406997	4.675731128318421	285723.294882954
-8146.077079014146	0.007245474067917929	0.02035953331326144	4.14314264880903	4.941638434663019	301768.65364248806
-8146.037954887867	0.009576318896724894	0.026923425893326393	2.8153684824169694	3.7354687793642305	228180.18225853227
-8145.991384559982	0.0073012300942816265	0.020496386903389355	3.5845560502298808	4.898269788889758	299402.21265036514
-8146.017029821916	0.014182017973842297	0.039958314320817354	7.291664720935454	2.518218764806416	153844.030060082
