# /home/maycon/.conda/envs/dadi-cli/bin/dadi-cli InferDM --fs All.ei_cm.folded.downproj.fs --model sec_contact_asym_mig --cpus 32 --output-prefix All.ei_cm.folded.downproj.sec_contact_asym_mig --lbounds 1e-3 1e-3 0 0 0 0 --ubounds 2 2 5 5 10 10 --global-optimization --optimizations 100
# Log(likelihood)	nu1	nu2	m12	m21	T1	T2	theta
-4687.896538483198	0.5835892149347129	1.0712451033933785	0.051931082811814175	0.3170023026028482	5.944892785068153	0.25517037679401205	5806.4148596230625
-4689.433257700739	0.31383310655484775	0.5736750955923827	0.09692807472854548	0.5951623058492221	2.7318672607153283	0.13539748799062948	10807.356082617727
-4687.9859706867965	0.5273298917346596	0.9668851973762443	0.05755035360814475	0.35231505051762924	5.269147462997076	0.2292717879557952	6431.701241447602
-4688.290445024677	0.4262949442601626	0.7817201375855708	0.07110313303247097	0.43416667666230524	4.071976811448883	0.18627582231444506	7950.195673181361
-4688.2427008310515	0.4360411366233178	0.7990036517906335	0.06960609289007384	0.4261761207255353	4.183914866369864	0.18950190811352222	7778.31145077725
-4687.831511849382	0.6536769449846673	1.1988337594973777	0.046419544609926776	0.28420224260296173	6.770230673533205	0.284270644014935	5189.036067332259
-4687.862208387595	0.6186692975075322	1.1345672360496861	0.04905022018188782	0.3002890667200816	6.354248409133662	0.2690246892542083	5482.582406451864
-4688.012875333896	0.5136234024122183	0.9416870220388247	0.059088959423976975	0.3617346288734465	5.10616750377992	0.22329966173956384	6603.376385356044
-4688.047055630519	0.4977206517071977	0.91315417877419	0.060889947136423164	0.37174564261454196	4.921185453425336	0.2175808553002064	6809.699665328704
-4687.916941458329	0.5709566343912791	1.0469741680587816	0.053150812783218954	0.3254002665141352	5.7873526819057215	0.2482505724751818	5940.565601503573
-4688.913621519075	0.3444193311352301	0.6306627193780991	0.0882010305333467	0.5399916247251887	3.096149954481651	0.14949009722117051	9844.166686817378
-4690.021710765228	0.28800841917765574	0.5266206176627762	0.10561696936657108	0.6444907740983499	2.4275287677813626	0.1250263100555814	11765.460519609926
-4688.0013966301985	0.5193165302586962	0.9521412561059873	0.058445369555614454	0.357785023635315	5.173629863875118	0.22576256285496912	6531.145287713359
-4689.271839455828	0.32039534551152177	0.5867719144946375	0.09487292482430956	0.5801999171867595	2.8163832719757727	0.13897033932333913	10570.59653168905
-4687.931768248391	0.5576730130284211	1.0233725642276723	0.05434548414565274	0.3318260306834846	5.634204491280237	0.24377031093347415	6077.799087857301
-4688.041442678873	0.5000661271170205	0.917456852594058	0.06060758428855543	0.3699895775126287	4.94914929390543	0.2186169808139459	6777.727483619415
-4688.617840751084	0.3735887320063084	0.6837183696003849	0.08129151671390969	0.4977645039162341	3.4403965996223267	0.16223375557226669	9080.76727911249
-4688.699115067052	0.3643175689845217	0.6666836687570921	0.08334382788961492	0.5104984263674164	3.3318752303830443	0.15817134218443923	9309.58941029712
-4688.4850857117935	0.3927603955404991	0.7194086747810979	0.07711215959138275	0.47287128258147354	3.6676212041241776	0.1706604931171393	8637.244135835801
-4688.1428002049	0.4639938183450006	0.8500606760316897	0.06537461428668367	0.4004560535048924	4.515246520415759	0.20178979968389577	7311.0043119347465
-4688.549368315738	0.3817709028456501	0.6994174091542471	0.07954264350512777	0.4869156893248922	3.5404197659074	0.1658002266912236	8881.324724443388
-4688.254333752321	0.4352017481220332	0.7976938781394974	0.06964680546607958	0.4267978426139401	4.17191366500605	0.18931038143992776	7794.577218880814
-4688.730386749732	0.36101367402497636	0.660921380600656	0.08413772551586426	0.5152076764669601	3.2945446662635542	0.15673480078493796	9391.313785796672
-4687.847506806798	0.6352094472778198	1.165059818787998	0.04777196924406827	0.29239937450440845	6.552663778364351	0.2762418844632416	5338.933511404266
-4688.153940482811	0.46109052343865825	0.8446287911388913	0.06577319913544857	0.40308200004771816	4.4817319622017555	0.20052566858039894	7356.399717763899
-4688.037624870737	0.505890091316256	0.9286989040294693	0.05983922915402511	0.3658472157173278	5.020206689738773	0.22130781335609706	6697.715928275558
-4688.352212078454	0.414243783829005	0.759117278791737	0.07318563269238999	0.4480206815193449	3.923737273624664	0.18029089362735448	8187.911643362236
-4688.137180574439	0.4658281101632735	0.854948735847275	0.06503479318032535	0.39698744130903774	4.544007768199487	0.20370036425844687	7273.317047630755
-4688.303801514997	0.42274269285322447	0.7745687887495635	0.07174598373738607	0.43926131481180675	4.02614703046463	0.18385363280448075	8022.476544327872
-4687.995909093736	0.5212776642592337	0.9566796345800921	0.05812965691550561	0.35494295482228316	5.203497337610001	0.22792496175673915	6500.377398563245
-4688.002306430367	0.5181486607676135	0.9505210060493807	0.058468462904702735	0.3570733362461627	5.1641788276758565	0.22660809983541902	6541.469779030573
-4687.769267586059	0.7403748580589119	1.3591404737954165	0.04092845631682284	0.24987285807484974	7.8072423105480855	0.3237899107844278	4578.074654010532
-4688.114565160785	0.47568048050798084	0.8725542157840548	0.06384405667663158	0.3910239093298154	4.656288555735616	0.2064187637050187	7128.498316433661
-4688.697466989191	0.36579665661314115	0.6703441609558435	0.08289911809086047	0.5061321287176576	3.353377503772139	0.15972322244445153	9263.2518453216
-4688.383830989306	0.40705584591447713	0.7457138338200635	0.07457116112042031	0.4564360480510172	3.8393386286791955	0.17689985430984556	8332.035343421529
-4687.771298697949	0.7363200326708927	1.3516378408979237	0.04115246514758599	0.25124769568833777	7.758614385530436	0.3220088486606406	4603.44697109599
-4688.214168080573	0.44309493054645427	0.8120827290841794	0.06850293316155026	0.41936763180810765	4.268185291184312	0.1925730898054218	7653.934910102802
-4688.866227927106	0.3481754824638935	0.6372602548828631	0.0872029085336149	0.5339082325851685	3.1412097277190774	0.15124457631516974	9738.254958119865
-4688.430833140889	0.3990052341525974	0.7311299046376594	0.07607604333751682	0.4656443852652352	3.745101486499564	0.1734068601127549	8498.009991450364
-4688.801065768523	0.35390864554052565	0.6479767656182007	0.08579907342406508	0.5252397386147639	3.2097542983698335	0.153693529768214	9579.680985725381
-4688.273996443649	0.42980777228080463	0.7883279358594297	0.07052343472579488	0.4305636565740963	4.114283030228375	0.18781319455555062	7884.471391566323
-4688.243830055126	0.43844797906368055	0.8038659100081553	0.06916798016123696	0.4231462028143347	4.213747629568168	0.19061021016377322	7733.621555152104
-4688.053724293435	0.4950535957611415	0.9082179494062377	0.06121142963114519	0.3737342677206171	4.8889500853762895	0.21643029679705705	6846.7760946837525
-4688.246463210523	0.4361371466260355	0.7998650414087868	0.06949979277041761	0.42417664860403276	4.188734502714443	0.19062753989191106	7771.005623402746
-4687.99137468804	0.5245710072201862	0.9616059116805211	0.0578559775828371	0.35421399207064386	5.235872342472916	0.2280633771620768	6466.102981829138
-4687.879047418231	0.5974274924712668	1.0964427143711941	0.05072543120445773	0.30969357684344057	6.107129098618884	0.26121186757044823	5673.3499274559645
-4688.075303283349	0.48979411796841443	0.898189152400349	0.06203092948610655	0.3795427873009166	4.822627029161567	0.2125909070819097	6924.595205569602
-4688.102089387655	0.47711825539067954	0.8744185013095952	0.06361386790451547	0.38930076430189026	4.671751777914774	0.20747550508620693	7109.148182820766
-4688.156305204298	0.4592344761161929	0.8416364168697985	0.06608056541956896	0.40464537422708335	4.4598985562559434	0.19961897772350287	7385.297502742952
-4688.017514228621	0.5511008347084858	1.0122762503048324	0.05489496661332618	0.3340330278066984	5.561451112146007	0.24257388520612194	6145.092028122129
-4688.504667114911	0.38933534298488076	0.7136911094863934	0.07787486640657097	0.4754198503858182	3.6327577939212987	0.17006932245271883	8704.190576793222
-4688.033274375239	0.5035549535980823	0.9238705341805947	0.06018655409570485	0.3674547133587289	4.990424722500179	0.22012144342371456	6730.944973287076
-4688.1536894974815	0.46049111253617486	0.844729710635602	0.06582589876039846	0.40182832676634694	4.478756419641058	0.2012713271984723	7359.752131236825
-4688.209605934385	0.44509459762535697	0.816372670665647	0.06810259107792113	0.4157523951192856	4.295498256735373	0.1945169116241752	7614.446591530551
-4688.923352787272	0.34368691689881825	0.6292264286435948	0.08837046831589156	0.5413742085115034	3.089733596444606	0.14912552521141073	9862.136959767933
-4688.3615635717615	0.4110418650437239	0.7530428635412785	0.07383760838317945	0.4521323470917955	3.887552925785699	0.17859435127869444	8250.459605406895
-4688.206449288036	0.44988078406592735	0.8256686974697012	0.06735414648306323	0.4129963861459784	4.349071314404543	0.19545056399977215	7536.447600407848
-4688.279404900031	0.430680356210132	0.7883049129941565	0.07040650642589037	0.43141124814011333	4.120089994063261	0.18714100455825997	7876.834098910149
-4688.275530362623	0.4316050627595328	0.7904252937183861	0.07023383493910441	0.43020601375641104	4.1332545446190965	0.18764844666286384	7857.045047408378
-4688.029293673252	0.5066484490919425	0.928416903197175	0.05991626578260016	0.3667826318195184	5.0228896056619945	0.22029331330006188	6695.132731597825
-4688.4865140459915	0.3950104425312532	0.7229485858699215	0.07679408927786158	0.4707736843521617	3.700904004426403	0.17190461342141392	8581.985052018994
-4688.304338595378	0.42408819114998725	0.7766001815438818	0.07146968604140869	0.43775944792670435	4.0419797340067625	0.1845330799760253	7997.976559485182
-4688.254280159937	0.4343958755406233	0.7964200232848063	0.0697789945208791	0.42758911672761657	4.167689000962987	0.1888905966806225	7803.807821218965
-4688.211899559777	0.44453903536164285	0.8152960790766601	0.0681941696740056	0.4162901667012298	4.2890371941044885	0.19428508925630295	7623.92206946748
-4688.382838187965	0.407729023483808	0.7473580236724506	0.07445780152421279	0.4560586892735071	3.8483366239934833	0.17701105398202846	8316.57508292411
-4688.1307410417985	0.46752630913334753	0.8568433445030357	0.06491576699130255	0.39738278560248513	4.556675567191593	0.20328175663097045	7255.760444823152
-4687.884647531644	0.598991109364952	1.0981683287765827	0.05066574841816654	0.3102447597887708	6.117196870290657	0.26046633590455776	5664.468950394204
-4689.179733374743	0.3270704310319931	0.5979760532050006	0.09291763665849352	0.5686759108332923	2.8911460407584686	0.14169076166578376	10366.596494056563
-4688.9913241213635	0.34201567762381746	0.6248397671498733	0.08877802230486494	0.5433046033165406	3.067352650831901	0.14834721069261994	9917.948206578896
-4688.363852707969	0.4135413558148576	0.7571948960356227	0.07339766805439048	0.4496224235491951	3.9188589205558273	0.17945720386859637	8200.133049006557
-4688.140217478053	0.4661630323409454	0.8545753263379954	0.06497333387917066	0.39718646532820756	4.546514905613359	0.20364080003226118	7271.047130125384
-4687.806553096271	0.6889324046678714	1.2636710497197285	0.04404510729237558	0.2696484661387631	7.189395560094115	0.299564305293111	4923.394141861648
-4688.599650176217	0.37562274798203	0.6885293977985815	0.0807728937171413	0.4942616928645912	3.469138769798391	0.1632807361246463	9023.123609333288
-4688.469364761484	0.394465248399338	0.7231581083179505	0.07684266909740299	0.46925852871582063	3.694038174904959	0.17232635157858361	8590.701479115352
-4691.435802204908	0.2548483425028175	0.46398208844293054	0.11922282636831784	0.730363637445311	2.0333459229752653	0.11043204725101224	13299.795990062838
