# /home/maycon/.conda/envs/dadi-cli/bin/dadi-cli InferDM --fs All.cm_lo.folded.downproj.fs --model asym_mig --cpus 32 --output-prefix All.cm_lo.folded.downproj.asym_mig --lbounds 1e-3 1e-3 0 0 0 --ubounds 2 2 10 5 5 --global-optimization --optimizations 100
# Log(likelihood)	nu1	nu2	m12	m21	T	theta
-3769.0882143746894	0.02979377482420446	0.006473272438478669	4.1278687130418055	3.2760079754481994	0.38624812655740043	143158.3275303022
-3770.882422073568	0.07010069932266105	0.01544353943724382	1.7586418554782903	1.3681794120128492	0.49845852509388316	60780.0415105551
-3769.3826338576473	0.029475130421700326	0.006541753990611688	4.199482285915231	3.212339873674013	0.38622631886558484	143904.03814333
-3769.218253635482	0.0269227566363118	0.005783961890608888	4.568810091595102	3.6926610177874393	0.36203091649185215	158581.72711653638
-3769.3497199465132	0.03216153401699567	0.007094117150920534	3.8317508158370326	2.956013225538979	0.40930394805707293	132950.3649625574
-3769.1063111685476	0.03915129231936777	0.008537604369637962	3.1414902266659572	2.4775562902935877	0.44228479498385775	109012.6025658952
-3769.0854654673108	0.029392657669474086	0.006382950096022356	4.18946896476498	3.3161895654207085	0.3839508299543804	145255.30527194767
-3769.0829366701682	0.029637211037859476	0.006477023803331778	4.1571655365354365	3.263575038310321	0.38662766640844354	143866.40404643322
-3769.747344246617	0.022848337209075458	0.0051116077114977424	5.419521254898589	4.081877759595555	0.3373877535147365	185624.04843773437
-3769.0827498852937	0.026301353965684435	0.005706576349316296	4.68298558189453	3.710906681780301	0.35990423890840206	162006.58567440408
-3769.0695889142216	0.0339992771224832	0.007391084746654156	3.623644312220176	2.8665930238508937	0.4130465914251699	125520.70495800742
-3769.066021248657	0.02930548307639831	0.006375547125153702	4.205331877662688	3.3194797665298292	0.3829932184799784	145531.67413710043
-3769.1197769069568	0.037105833076283484	0.008019972633296008	3.3174915020265145	2.657287120380278	0.42688786361076947	114937.77839555252
-3769.065312263884	0.03659093878090935	0.00796166142607776	3.3668695968688294	2.6683471718579512	0.425950219591164	116439.74769558298
-3769.503839908971	0.05899533646197688	0.012898690427737017	2.09270082474703	1.6435380932665296	0.49133954260927315	71994.96464312298
-3769.092573065801	0.019939403148603603	0.004327761720548743	6.180629109382512	4.897545093515403	0.30541894271736664	213840.4474298691
-3769.063072255338	0.03231609887436108	0.007043471048654853	3.814920503596249	3.010076006865138	0.40142279271461345	131681.29393793983
-3769.0709755355947	0.034314218213033196	0.007450139709128795	3.5937705570556924	2.850508962244231	0.4129770787896183	124233.23684165807
-3769.0728036799537	0.031160815800916446	0.006808452756979684	3.9534884774054935	3.1105248090197706	0.39587198224384607	136707.87081914034
-3769.0920823140177	0.021412204977626234	0.0046746948301776585	5.7558432708741405	4.522091784965367	0.32066738083973156	199098.86816880634
-3769.0798243840854	0.01972190543099663	0.004297647772327048	6.253891216689676	4.934649776481964	0.30338056243264394	215943.80930918857
-3769.0935356289847	0.03636203066372801	0.007956328269114188	3.3900821585718766	2.656335047396478	0.4283074161846221	117322.11356567226
-3769.1397495172805	0.019906293951403347	0.004294745594118884	6.18836312480819	4.955088207084153	0.3037768109840568	214395.0857349188
-3769.0728619163315	0.026208331318055427	0.0057092451448069815	4.70804485969367	3.713808852466465	0.35893044410161024	162423.8624820323
-3769.1044050145306	0.025751900527635187	0.005637513794095141	4.78928497880948	3.749514195832155	0.356449602856797	165051.75762123466
-3769.083887288857	0.02174510467855702	0.004717624329259338	5.665785614054928	4.495107597837567	0.3216108028688248	195895.2502652854
-3769.403116246892	0.026007243738637546	0.005746001169442874	4.752466580990772	3.641374032729797	0.3640926027996971	164112.63420354578
-3769.0698107357557	0.035458479140046906	0.007724693061679077	3.4747368084903973	2.7490389697185913	0.4198560575946848	120083.66993152737
-3769.0681565166515	0.029900192109261956	0.006500347871483325	4.120017856788912	3.2606512273468797	0.3869032005075253	142683.50933872897
-3769.208624921467	0.019118974209723378	0.00420957274618761	6.461725094039496	4.9999017927200935	0.29995890097262007	222585.36917532972
-3769.1303549661725	0.029197310360763177	0.006402990104378376	4.221442654375633	3.294157397255865	0.38507753898901376	146107.93708337765
-3769.0873686484506	0.019648199501191874	0.004262488012601166	6.272823852356617	4.979088275798657	0.3019555113233812	216807.91527323585
-3769.58124539223	0.02052452386210421	0.004364527309134736	5.972948099883357	4.9142368106239065	0.3080837642770275	208741.81304621935
-3769.070778792794	0.02956729819722189	0.00641722230249702	4.166991643625418	3.306476034639357	0.3831104577329062	144085.4402760298
-3769.159980487142	0.02389033770333738	0.005256512251792524	5.165587118574863	4.011678005022071	0.3432094221757068	178076.62311694043
-3769.078185166333	0.033207260541877705	0.007195371532657902	3.7112456294526304	2.951893482521554	0.4055326005467533	128264.84745255046
-3769.0766011037886	0.026319505744180533	0.0057453469225786195	4.6869176321688535	3.6899075870437406	0.3600513710655229	161637.56914270567
-3769.151278077675	0.03181748457814261	0.006852752736268997	3.867015096558954	3.106676128566719	0.39735101957427527	134289.9240120185
-3769.084338158625	0.034987971031374944	0.007585705806404308	3.516566377303908	2.800373563423121	0.4170933175888235	121851.226853055
-3769.096132393063	0.022220873870538976	0.00484724008655462	5.545314238216647	4.364849248608327	0.3275746701442992	191808.7911666422
-3769.0770505292803	0.03189124779922215	0.0069625231958328065	3.8704702543787683	3.0393957309764708	0.3993987864112369	133467.28824357802
-3769.10925747941	0.028394024549631146	0.0061387810491764176	4.336877773323588	3.457401115537927	0.37501127063162926	150300.82412705253
-3769.3499172421416	0.019196432416348264	0.004253191278803207	6.439934602140682	4.937030856754172	0.3013825458530238	221267.83683443125
-3769.0728607859483	0.029401984156432547	0.00642331177483288	4.192152146517168	3.2989895563387766	0.3838593462539758	144909.65250353055
-3769.0943789112152	0.027783459341762132	0.006078911693760842	4.439764820118123	3.477116101390423	0.3718600178030114	153041.060652177
-3769.1264647969037	0.041542906224933035	0.00911248505892811	2.9660755187963193	2.319204783370664	0.4539135907411947	102656.35290440392
-3769.1942849638854	0.05243175383230426	0.011441737628268936	2.3502349428705176	1.8490701626225454	0.4858173867529498	81276.7235188994
-3769.101152207306	0.021495389812002712	0.004657580778522325	5.727951593907021	4.5680628067591575	0.31878453651437133	198200.75412980496
-3769.215640897244	0.04034002607239132	0.008671475109178053	3.05235551853514	2.4624256107128035	0.43982084590347287	105690.84102542876
-3769.8780617371394	0.06397164367858009	0.014027562031058167	1.9255259843684092	1.5009430784327933	0.5046281955080102	66779.7119363795
-3769.1480772121677	0.05012607524588919	0.01094191316721626	2.4591731066654177	1.9367868097270255	0.4793448481064349	84962.55603695475
-3769.077223743572	0.029240814862242875	0.0063760104151985375	4.215798143840316	3.3191813598170428	0.38271838774275185	145769.72923191698
-3769.0762198537673	0.026492776415097327	0.005750342904620579	4.647522170531687	3.688488073199919	0.36130721940568317	160850.72856568932
-3769.2068468944963	0.03592096686751248	0.007920261071234579	3.4416215341957352	2.658930018310226	0.42582598443198366	118397.10787271212
-3769.079053487292	0.022851737319291195	0.004990484966391193	5.395230485135506	4.248295023116492	0.33224784835120325	186256.80989656103
-3769.2625315848886	0.019577357194626215	0.004316389811801876	6.311895843884053	4.865097069985706	0.3047904729454675	217249.4983186737
-3769.085750855152	0.019882490700345916	0.004325949840498124	6.1992874221628025	4.9111492803433	0.3043742763780539	214136.00154041438
-3769.0671321674586	0.02840052835504266	0.006191089257656171	4.340522528677758	3.4215601380796743	0.37656739220260865	150093.93372395393
-3769.095791827387	0.04326438761678623	0.009378486784039887	2.848540663537987	2.2643448088259444	0.45538251873277924	98520.82142706672
-3769.2850040797216	0.032730127754111896	0.007102763825445775	3.772074829496018	3.011108825698671	0.3973885673109965	129374.73779672588
-3769.090099812931	0.02482369668898669	0.005381777623561861	4.961987024258437	3.9536378277580693	0.3472332219023629	171654.5108168468
-3769.0970651215393	0.03393967609241501	0.007426721591465664	3.629183619156348	2.859273555773158	0.412867267507641	125503.85751487351
-3769.088910117139	0.022898222949459226	0.004998079143265038	5.383252557790571	4.232352443643098	0.3328541683823767	185833.19216045234
-3769.436819838692	0.019514397054872543	0.004330626951293391	6.3419198977606746	4.840027130178968	0.3052593629326123	217893.0024724688
-3769.117244768614	0.019280415178368277	0.0042281688596924084	6.398090264186976	5.0	0.3004546952219602	220721.03514572573
-3769.0838800252527	0.019537299507935393	0.004244010210729385	6.304035042659257	4.9956854663439865	0.30164776285604894	218154.50960198976
-3769.113756335612	0.02017239007931499	0.004361531640353196	6.102074804812766	4.873692120447965	0.30684296481010076	211451.893642337
-3769.072673627223	0.030950389309213677	0.006718425225232684	3.9812284308743093	3.164180098151769	0.3919548670492249	137645.7181909265
-3769.062070970122	0.03682471264026365	0.008016596838915575	3.3485235010280676	2.6452408658394413	0.4275419873576522	115716.3410629451
-3769.136975808005	0.037156476389076404	0.00806842604960179	3.320743629351699	2.645698654699641	0.42575685769033883	114520.20204783774
-3769.0639421807855	0.03046482444907917	0.006630391756472077	4.047149752345417	3.1943084372558204	0.3897095188139863	139762.654707081
-3769.09463832411	0.03216691836080538	0.006985858189984355	3.828710174427171	3.032524305895827	0.4029464947250527	132908.62363053922
-3769.0857592706275	0.02729634469762965	0.005956210213018041	4.514882075449793	3.569495703655449	0.3670226264910538	155849.55363897135
-3769.496311431124	0.020349038725392718	0.004341951046387712	6.032874065939982	4.94628340243808	0.3061951468192945	210317.2116660811
-3769.0678856209324	0.029313547228995467	0.006381876702199984	4.202972158209082	3.3227599595157873	0.38243077518377794	145369.2077674396
