# /home/maycon/.conda/envs/dadi-cli/bin/dadi-cli InferDM --fs All.ei_lo.folded.downproj.fs --model sec_contact_sym_mig --cpus 32 --output-prefix All.ei_lo.folded.downproj.sec_contact_sym_mig --lbounds 1e-3 1e-3 0 0 0 --ubounds 2 2 5 10 10 --global-optimization --optimizations 100
# Log(likelihood)	nu1	nu2	m	T1	T2	theta
-4566.383172958237	0.06468619071433893	0.03491382655587981	1.1376348859843413	2.731745747405691	6.9298330647088235	41283.58768330192
-4567.108344555687	0.04246973456909664	0.02293755982042443	1.7323513322536692	4.468765786180698	3.372280707659779	62847.09294639328
-4566.49934594646	0.04372146381018742	0.023582908421996864	1.6828043453196133	4.502624129285504	3.910613169248414	61074.498830404154
-4566.9651035152665	0.03733376957014918	0.02015848781109674	1.9701474678468431	3.584412261018984	3.213102639687019	71500.10379464999
-4567.456885634202	0.08540343140730289	0.046112946033243576	0.8615133083710335	2.4267365910556227	5.488736023787525	31246.03183386916
-4566.658980559623	0.05068123070853147	0.027361335041799367	1.451528209671167	5.973331616106047	7.56366221366069	52681.83204990606
-4566.555276664663	0.04687053760176997	0.025303297781900297	1.5698887002405926	9.248046460269416	4.621090112242267	56968.64980817361
-4567.178132470536	0.04566313729458622	0.024660855140003008	1.6109795559559645	8.417602259497846	3.8201655799252556	58449.727128106984
-4566.698566809701	0.03624522547431695	0.019553268138484674	2.0315561258532857	6.859145199095013	2.87097038986994	73664.48129583753
-4566.762938453924	0.04938156766702632	0.02663894001479008	1.490758220755871	8.348308584126423	3.9042064892422816	54065.75582984453
-4566.657211850754	0.03421761998703484	0.01847357437954927	2.149922907521945	6.568382422189678	5.4844365356877605	78029.05433920173
-4566.907184625636	0.04219117348475983	0.02280019907316412	1.7434701717370986	9.808212488890552	4.911711833711264	63270.83894422202
-4566.5803327194	0.05202022009250674	0.028076231511937312	1.414650416349082	4.499526282564591	4.357209922696712	51328.970862710055
-4566.993893141344	0.024687262394470128	0.013334646420373544	2.9788937350474924	3.306409288385243	2.582384131926181	108125.03602708611
-4566.844762224632	0.031322102174023314	0.01691203473643923	2.348115199123933	4.049952128333973	7.660208202368397	85231.52262995175
-4568.783248018569	0.06361850907294556	0.03433460492269684	1.158213756230628	8.009868921699436	4.144054134034652	41909.77136944984
-4567.389661440815	0.017516329978128648	0.00947726755743926	4.197844981560067	2.9953149686707143	9.814393179620062	152344.6462214048
-4566.746008103644	0.018468120447632023	0.009972135925506609	3.982991911905841	5.470547789184774	6.547067036733305	144562.10657373833
-4566.999142606856	0.019148703692646745	0.010340611276575153	3.8401620896556175	5.8159871236866545	4.844412575416098	139400.31360543158
-4567.549302295162	0.028593792763467327	0.015456433352275587	2.5703547062277528	7.536234267902758	9.433868175614991	93317.06642799715
-4567.576932939864	0.022212782015576003	0.012004592573754908	3.308266606445331	6.051440535653715	6.24094792163531	120119.34834833768
-4566.426182287876	0.015703485084081332	0.008475469982100055	4.685788091736232	5.7687214830809825	3.7514426771303437	170051.3326928958
-4566.49656011525	0.015159593389199956	0.008182699587909466	4.853547788024232	5.714450649461071	6.506032353685344	176143.80529644692
-4566.304083797458	0.023428775365606027	0.012638575229327329	3.1408839679710745	9.73064492149669	3.462415051763885	113990.83737130441
-4566.623925964565	0.01720710592264164	0.00929254936962471	4.275810211673868	9.11356083432773	2.8558595408436003	155169.05372400137
