# /home/maycon/.conda/envs/dadi-cli/bin/dadi-cli InferDM --fs All.cc_lo.folded.downproj.fs --model no_mig --cpus 32 --output-prefix All.cc_lo.folded.downproj.no_mig --lbounds 1e-3 1e-3 0 --ubounds 2 2 10 --global-optimization --optimizations 100
# Log(likelihood)	nu1	nu2	T	theta
-9104.970153938697	0.09592306841421876	0.09411059151616451	0.17455994880827744	13906.056144992992
-9104.970157832044	0.09592474396940295	0.09411048165401618	0.17455957416649975	13905.9708103654
-9104.970153642515	0.09592322056203241	0.09411039293176149	0.17455991712004176	13906.054246135009
-9104.970153273658	0.09592443167832568	0.0941116769039778	0.17456203403644646	13905.99146224789
-9104.970155706967	0.09592485476617191	0.094111605807642	0.1745639407307829	13906.005536638078
-9104.970153667458	0.09592354845642204	0.0941114696990572	0.17456118849112706	13906.026743498664
-9104.970153841616	0.0959240055795564	0.09411176816598368	0.174561473272779	13905.999972477694
-9104.970223223283	0.09590497130328812	0.09409316679807257	0.17452341732119897	13906.856105510804
-9104.970161115656	0.09592616837473697	0.09411535495767626	0.17456986271713318	13905.926948713539
-9104.970153611797	0.09592462615894808	0.09411244209898069	0.17456311983395426	13905.976938322267
-9104.970153432721	0.09592577100786914	0.09411313642431984	0.1745649852727935	13905.931266824358
-9104.970207441806	0.09593907217001993	0.09412353084038172	0.17458225470043004	13905.253577304626
-9104.970155092853	0.09592211715294556	0.09410938710759373	0.17455805611632252	13906.107554798722
-9104.970154388686	0.09592370003083318	0.09411078805495592	0.17455953754747103	13906.012015010343
-9104.970154226176	0.0959221269802532	0.09410975092149429	0.17455800983269834	13906.095068747041
-9104.970154117053	0.0959234734294876	0.09411141038707363	0.1745615775325161	13906.038920336727
-9104.9701828615	0.09591922426140544	0.09411003544054578	0.17455038758898794	13906.098279143973
-9104.97015581489	0.09592564063796902	0.09411172461018463	0.17456358658935872	13905.957209329868
-9104.970156657962	0.09592717742523674	0.09411430897208915	0.17456875949222495	13905.890716188413
-9104.970153448152	0.09592516303769726	0.0941127099589565	0.1745636385882656	13905.95120083393
-9104.970167201012	0.09591565685867587	0.09410417816955469	0.1745468921851057	13906.394121886915
-9104.970160627043	0.09591924174072568	0.09410598548328898	0.17455044929384328	13906.22328328194
-9104.970153336017	0.09592294568744188	0.09411100267497377	0.174560163231049	13906.053176920372
-9104.970156944219	0.0959289708695019	0.09411641611797229	0.17457102770197144	13905.77656039739
-9104.970156597312	0.09592063194591839	0.0941083846406416	0.17455450804336614	13906.150607887177
-9104.970157022608	0.09592545114294848	0.0941149032757343	0.1745656662311777	13905.904204814133
-9104.970155982688	0.09592765389754884	0.09411468487546196	0.1745689187264515	13905.858460670986
-9104.970154034841	0.09592468015827071	0.09411182584284075	0.17456289755504406	13905.989464189059
-9104.970154473047	0.09592335227703237	0.09411164195991184	0.17456154740376875	13906.03722423261
-9104.97015376536	0.0959264063819367	0.0941138547837269	0.17456568691785387	13905.889944629544
-9104.970153955683	0.09592343416539216	0.09411130966637876	0.17456074242678074	13906.029645475419
-9104.970155685289	0.09592454637100595	0.09411173143284157	0.17456036000204592	13905.955469244902
-9104.970154360415	0.09592430803972517	0.09411173212300851	0.17456225676323991	13905.999651982076
-9104.970153979468	0.0959238063389961	0.09411176229803973	0.17456139198550572	13906.008547022297
-9104.97023830546	0.09590790944688919	0.09408954003931376	0.17452285514878368	13906.813901726899
-9104.970157387177	0.09591953469802884	0.09410708276722653	0.1745533654693587	13906.225045066018
-9104.970153958626	0.09592435572029948	0.09411218961162107	0.1745630614508484	13905.996999548495
-9104.970174920727	0.09592680628991009	0.09410994232733291	0.17455893866369146	13905.87524177719
-9104.970154795965	0.0959262679759187	0.0941138119066388	0.17456685398785704	13905.918056050697
-9104.97015802664	0.09592058945227044	0.0941078979040836	0.17455685660584744	13906.207931896733
-9104.970153864164	0.09592477661210151	0.09411263188763631	0.1745640397232353	13905.979458192818
-9104.970154455283	0.09592193224712335	0.09411015924850438	0.17455845274157997	13906.099640144661
-9104.97015981286	0.09591822347364716	0.09410674956253687	0.17455198351212792	13906.276042987096
-9104.970154267052	0.09592312420350055	0.09411038375782087	0.1745602342041708	13906.064695569361
-9104.970154577093	0.09592264584060478	0.09410970815446716	0.17455920015084006	13906.091295536484
-9104.9701594517	0.0959220189793707	0.09410746392877943	0.17455411302066212	13906.104079230832
-9104.970155240955	0.095925397451768	0.09411254839492982	0.17456542193778976	13905.97521858424
-9104.970158375332	0.0959253774000208	0.09411474940394213	0.17456802557890533	13905.952985027434
-9104.970163268688	0.0959234264711579	0.0941103714047984	0.17456372850030055	13906.11009310547
-9104.970153595561	0.09592495007707237	0.09411258722491223	0.17456327481225714	13905.959209658262
-9104.970167748776	0.09592641289904068	0.09411539270100318	0.174563441086126	13905.80376294194
-9104.97015371624	0.09592526698332605	0.09411267834804955	0.17456357234751502	13905.945933637677
-9104.970153649236	0.09592438913277858	0.09411195583453258	0.17456238573974708	13905.990984903303
-9104.970154087981	0.09592387398015492	0.09411063233056992	0.174560992667819	13906.033201088005
-9104.970153240192	0.0959245606426291	0.09411169386732414	0.1745625664151677	13905.993725408214
-9104.970152806443	0.09592375395971016	0.09411130488927763	0.17456118470415347	13906.021662588113
-9104.970153620823	0.09592413657702545	0.09411159848166299	0.17456139736719686	13905.997465055556
-9104.970154385957	0.09592311687244645	0.09411104976624682	0.17456021637062716	13906.044227504957
-9104.97015441618	0.09592313651167031	0.0941099099794127	0.17455848468427854	13906.04871565512
-9104.970153995506	0.09592622814122843	0.09411368564677365	0.17456573737961992	13905.904776518782
-9104.970154180377	0.09592229487653293	0.09410962169188931	0.17455820387064475	13906.094127269444
-9104.970154225413	0.09592364376873844	0.09411127363859152	0.17456110379816595	13906.026654859963
-9104.970153955997	0.09592483605486153	0.09411256387012894	0.1745636533481827	13905.972015468393
-9104.970169590377	0.09593313107106959	0.09412145901183815	0.17458035176994913	13905.576586831856
-9104.970156973714	0.09592453461946963	0.09410986952903481	0.17456036025104985	13906.013424518605
-9104.970153178914	0.09592406015602369	0.0941114545760226	0.17456135638890802	13906.004954211807
-9104.97017790363	0.09592173841674446	0.09410359952483158	0.17455156696854693	13906.193313953188
-9104.970155424156	0.09592691252938154	0.09411355187485458	0.17456730922450933	13905.902210342658
-9104.970154314167	0.09592488498357143	0.09411339319178358	0.17456440227813552	13905.95688794716
-9104.970154009936	0.09592477053032485	0.09411220760097679	0.17456282677333163	13905.97205330646
-9104.970154101728	0.09592416148527824	0.09411179505189127	0.174562468639399	13906.008539573804
-9104.972704102136	0.09582492655932433	0.09399528872863594	0.17433172467276958	13910.519787780833
-9104.97015407218	0.09592480370394417	0.09411305096505805	0.17456379744871314	13905.961065287825
-9104.970156173595	0.09592788225511197	0.09411440683324372	0.1745673376328717	13905.828727298865
-9109.807357915459	0.09263319211243788	0.08921048073225314	0.1660230368172548	14072.778390828538
