# /home/maycon/.conda/envs/dadi-cli/bin/dadi-cli InferDM --fs All.ei_cm.folded.downproj.fs --model sec_contact_asym_mig --cpus 32 --output-prefix All.ei_cm.folded.downproj.sec_contact_asym_mig --lbounds 1e-3 1e-3 0 0 0 0 --ubounds 2 2 5 5 10 10 --global-optimization --optimizations 100
# Log(likelihood)	nu1	nu2	m12	m21	T1	T2	theta
-4687.810222308507	0.6831291207644176	1.2529056764207915	0.04441984945415329	0.2719414489708108	7.120116823181229	0.29708429718355517	4965.397476363382
-4688.047938901573	0.49779791409783053	0.9125849388308133	0.060969882162597716	0.3732772605503052	4.917974876034061	0.21639618424473755	6813.37794265325
-4687.823812983643	0.6547103823668746	1.201710368464974	0.046283153341431515	0.2825617603290134	6.787894735001974	0.28630629244211525	5177.235611568905
-4688.00528691684	0.5173498575866479	0.9485673288467413	0.058667843565764356	0.3591219961332988	5.150483899536348	0.22492381738207776	6555.758049736596
-4688.727712568256	0.3610329176664651	0.6611160175266125	0.08409065358374906	0.5147802109965655	3.293835619390071	0.15680750658354603	9391.516604984834
-4688.77139051484	0.35680238649816104	0.6534045659219304	0.08513263400377105	0.5211041799982	3.244266248966187	0.15488286895992373	9501.708342961221
-4688.281438389366	0.4281974193151312	0.7852864393110907	0.07078698057965122	0.432142587556384	4.09456610215942	0.18713083378828624	7914.769859747807
-4687.870935148397	0.6099720685680551	1.1186121603102988	0.049750823996912455	0.30456804084240513	6.250860847696546	0.26524886786872465	5560.7368953414825
-4688.22145474271	0.44122282494201204	0.8086955836623536	0.06879600460225029	0.42112084452218523	4.24620422068293	0.19177342610861295	7686.047726766337
-4688.175207460734	0.45363960457585295	0.831522666751231	0.06691098294718642	0.4095802480819567	4.393866579837036	0.19718960353534903	7475.664662904972
-4687.813084198727	0.6789204202542367	1.2451535616908014	0.04469278287442346	0.2736086164569479	7.06994061654482	0.2952749683770694	4996.245319501361
-4688.084914247596	0.48310349269943725	0.8855725341964714	0.0628200569082788	0.38457344102539637	4.743132224409001	0.210031218698849	7020.7099856051755
-4688.037271579692	0.5019823386737942	0.9211570688639952	0.06039852053789439	0.3686164726262185	4.972855125243707	0.21940443944213645	6751.017007803549
-4688.926809460386	0.34307325220598794	0.6280813336725497	0.08851734509486692	0.5417706067220629	3.081034259045056	0.14896881296067516	9881.668711636305
-4688.059666841006	0.4930492626007723	0.9037323039047253	0.06155789239067457	0.3768672668104646	4.860578651156526	0.2143395381909107	6879.842741094903
-4688.118081094505	0.47135640620927594	0.864044722792799	0.06438661631599987	0.3941702590934624	4.603575148673461	0.20489997499574752	7195.511483087715
-4688.27396991648	0.4296931274372482	0.7875261003921679	0.07067242063992647	0.43226355541696115	4.1065175973403	0.1867644263930432	7894.5970754842665
-4687.900122600594	0.5840721012126485	1.0710237125687214	0.051958946166493755	0.3181084703572741	5.943062078006473	0.2539508404859134	5807.317717559645
-4689.20144404767	0.32789387348267424	0.6009000666333775	0.09231824163782737	0.5657864053364889	2.8997939981346423	0.14287701524914403	10336.555118351891
-4688.635657522587	0.37144952715557683	0.6802124951118195	0.08177203128148236	0.5003648779555798	3.416317927460023	0.16123493600592417	9130.309341925768
-4689.933443237292	0.2921079590545587	0.5345877676508249	0.10386378670830365	0.6342131984491945	2.480741701410722	0.12741170687466769	11588.913615776122
-4688.692532621288	0.3664821155408584	0.6718996149717039	0.08278466426193526	0.5052222735985089	3.3615104300725562	0.15996287992017305	9245.249080621868
-4688.355944177813	0.4121871383973637	0.7551601770141473	0.07365045264168076	0.451045304817236	3.9006148281824697	0.1790327417342303	8228.144473775066
-4688.123532658943	0.47126793328738664	0.8644481960910821	0.06426084289071653	0.3927582166537219	4.603792227862689	0.2058562818536469	7194.202841449453
-4688.187546726276	0.46004398453368034	0.8436819943438222	0.06588399505946572	0.40186388666711464	4.469078272141664	0.20076561745975138	7370.998677033224
-4688.420981019127	0.40081958419869274	0.734405589259406	0.07568357930060421	0.4636993670827025	3.7670952315953006	0.17415382319415823	8459.300219727456
-4688.09085773053	0.4809148240766459	0.881504243676447	0.06310872512340063	0.38636629890324525	4.7176382373977335	0.20906707084505347	7052.348846534675
-4688.485831911078	0.3927640338832813	0.719876178720418	0.07710079091426388	0.4725567818992504	3.668934946200075	0.17083699155127485	8634.496251390574
-4687.997937497762	0.520076056328141	0.9540842737999143	0.05825729319662832	0.35576087385352073	5.185953022025454	0.22737017892972655	6517.981766018155
-4688.2938944603475	0.42442831338659054	0.777799397963629	0.07150671570467991	0.4378140956180909	4.046427922601426	0.184449990059838	7990.264541402974
-4687.891504816911	0.5873333822846752	1.0778097141454905	0.05160339021452761	0.31509762965515054	5.985898642344095	0.25677181836013646	5771.525795460667
-4688.08773710619	0.4820878888086386	0.8844132177670986	0.06288242208124221	0.3838428771417218	4.735576800383289	0.21071633025565564	7030.236601976333
-4687.934833563717	0.5558610114664442	1.0203151691543468	0.05453363823854534	0.3328860118715153	5.613806247822313	0.24298312338667274	6096.647766183154
-4687.997322673063	0.5218759209202543	0.95702523480098	0.05814044412117573	0.35591890261031045	5.204057441038995	0.2268510970965234	6498.88590152001
-4688.174712974976	0.4541654183057288	0.8327484847911841	0.066855954250858	0.40889080417030427	4.401992007524474	0.1974607505953274	7464.949965684007
-4688.212447351406	0.44357629999304815	0.8129948158000796	0.06844630504653594	0.4189115655934229	4.2740368695799	0.19277970565570587	7645.468798776266
-4688.594052165758	0.3771209870308348	0.6909914226119572	0.0804855762572253	0.4919770332384466	3.486004694683478	0.16420056909304057	8988.886307926174
-4688.424220170806	0.4001489233803666	0.733365146727025	0.0758624057750872	0.4643061918537367	3.7588945799884184	0.1739219041754945	8473.214228600684
-4689.348669483125	0.31694689652868696	0.5796070229541755	0.09555419228269299	0.5870423949302783	2.76802729852339	0.13758894249587791	10700.69311958803
-4688.729364175471	0.36133111727500583	0.6612929799541409	0.08399711336893265	0.5145471178013542	3.296710565632444	0.15682234223815147	9385.81204196379
-4687.904014575395	0.577172012441702	1.0592274856943733	0.05250470022253183	0.3205522400645076	5.865851255349808	0.25235403939876505	5872.595229586881
-4688.620317526598	0.37287245774457844	0.6828611122808406	0.08143514583107943	0.4985655795101616	3.434472862260181	0.16193518786334332	9093.798321688408
-4688.094249796896	0.4800846855603704	0.8799151273812919	0.0631915198939614	0.38700569698714005	4.705949440691283	0.20875780224250368	7065.970179802849
-4688.253495347784	0.4344711089451527	0.7967648418597163	0.06976410799045814	0.42597131879513395	4.168816170947429	0.18985705667808808	7800.999880605398
-4688.098425035601	0.4793047499390738	0.8787841080989076	0.06325455051554159	0.38740117914312183	4.7004022738301305	0.20847267819940668	7074.156403737115
-4688.296046026579	0.42565603450021966	0.7808193795372861	0.07127791210082174	0.4345521739757779	4.06679864791232	0.18603681413123394	7959.227486093494
-4688.859261323631	0.3487613659635355	0.6383227625021305	0.08702626058247184	0.5329713651038558	3.1477028878743143	0.15147787448903238	9722.64863332664
-4688.937155282644	0.3424385102473277	0.6270804152458098	0.08869485616171537	0.5430106382273704	3.073854949513001	0.14856855906322827	9899.092093686257
-4687.888551002503	0.5917267797604115	1.0864264529568	0.05123007403728949	0.31250434090242407	6.042926930037416	0.2587291921791311	5725.741499732335
-4687.991046315338	0.5247920566716469	0.9631523193204886	0.057683087855291186	0.3523783319076574	5.243661191650027	0.22949207245297926	6457.849013285598
-4687.937259019678	0.5566015626020818	1.0205924241003963	0.05452328888964059	0.33379614156451604	5.616684737549838	0.2420100641406059	6093.798571931365
-4688.151822919186	0.4605358086004991	0.8441506610342724	0.06589771301912337	0.4034366913502487	4.475609664727842	0.20019089736637197	7364.0222773432915
-4688.115633895967	0.47245427594766604	0.8663528263019236	0.06421661210880034	0.3930254145217527	4.618428379357713	0.20546060706209676	7176.869262305398
-4687.824836462158	0.6534620829404807	1.1993758383580393	0.046373064404784135	0.28312830593839655	6.772900113545819	0.28573036854319755	5187.230162428384
-4688.089284556186	0.4814598815259107	0.8826075613471963	0.06303916854120041	0.38590031615491865	4.724259195576529	0.2092923697252267	7044.110631268201
-4688.232453846717	0.4388728001420389	0.8044103588429076	0.06916786501918025	0.4232528761156461	4.220289335804943	0.19076341056547522	7725.298310215826
-4688.051477537221	0.4966733162529396	0.9108234540210097	0.06109725709569688	0.3738469826615816	4.906525770098367	0.2160673521353203	6826.907486039486
-4688.264711284397	0.43117806132114317	0.7900018890160454	0.07037283997034588	0.4312336043403472	4.126182548528907	0.18730009883963247	7866.157427571166
-4688.173965026753	0.4550594609906464	0.833747784102585	0.06671594476956873	0.4087133188665611	4.411399478961494	0.19771484929671884	7452.555496799206
-4688.678838884657	0.36621285925601915	0.6708577860823386	0.08292411792100894	0.5073035926493057	3.355694055843084	0.1590931308250965	9257.80769853048
-4688.093838307298	0.4811775314650297	0.8827379710800106	0.06295918567663188	0.3846218219765128	4.725993218817643	0.21018052229754214	7042.701619723664
-4687.874010369875	0.6079924099392872	1.1149096927322704	0.04988676967699893	0.3054309249018625	6.227186450786578	0.26445460430587775	5578.938379518672
-4687.884203637484	0.5944917858364692	1.0913818798964534	0.0509653963365387	0.31098731111939165	6.071309186639114	0.2599945889893905	5701.423708410736
-4687.928902459336	0.5680610712936389	1.0404195469072823	0.053412710869830474	0.3269617006492907	5.748551059745874	0.24706640958352752	5974.501805749347
-4687.866329709163	0.6104990688562412	1.1207434139110657	0.049616783974068435	0.3029446923271608	6.263627058579492	0.26690350571691596	5551.157843995739
-4688.014278752851	0.5133063323877388	0.9411381928848672	0.05911729285202617	0.361861380472427	5.101935691898698	0.2232793318690912	6607.640534027154
-4687.86608959528	0.615481176637813	1.128695871317377	0.04928934052799351	0.3017708633251699	6.3169799688253185	0.26764933254768214	5510.700842955793
-4687.902408246996	0.5825927232756475	1.0682762263610461	0.05206946237572569	0.31893782456950626	5.926222923689801	0.2533258723911071	5821.711809503167
-4688.592405026012	0.3762880109778656	0.6890765974346517	0.08063859693428133	0.49378533251495954	3.474681827848793	0.1635258744802841	9011.834968535843
-4688.056753813975	0.4945246198533277	0.9066151290076546	0.06136766382175655	0.3755994577002837	4.878718082322545	0.21511486891668663	6858.553699968139
-4688.057663910582	0.4943647789864695	0.906310688222951	0.06140850680007451	0.37587804108168105	4.87970190074606	0.21490075693119862	6858.84721925281
-4687.98324213764	0.5325278355585991	0.976514327577187	0.056843245789765004	0.34731279737603693	5.330605413048252	0.2327396703118914	6368.287059196569
-4688.437708212942	0.397968743862462	0.7289752874925313	0.07625439416422877	0.46694102474656884	3.731827923939685	0.1729341877825466	8521.750290457634
-4688.776969531916	0.35795529794969994	0.6557472710363328	0.08470218471715986	0.5176265868412723	3.2598568588243597	0.15616638669487007	9466.93740100229
-4689.838083683211	0.2940932517551687	0.5382322002383769	0.10331561771712913	0.6320230843177009	2.5030849049856925	0.12758298125059012	11514.832756820348
