# /home/maycon/.conda/envs/dadi-cli/bin/dadi-cli InferDM --fs All.cc_ei.folded.downproj.fs --model sec_contact_asym_mig --cpus 32 --output-prefix All.cc_ei.folded.downproj.sec_contact_asym_mig --lbounds 1e-3 1e-3 0 0 0 0 --ubounds 2 2 5 5 10 10 --global-optimization --optimizations 100
# Log(likelihood)	nu1	nu2	m12	m21	T1	T2	theta
-5463.545336947159	0.8083013372302241	1.253673339856319	0.03850870014696106	0.1621320301255723	8.525238306160693	0.3427185724138389	2360.6477352696184
-5424.534405954112	0.7616102325749337	1.275386689403742	0.042409276188815494	0.16768893142952945	8.25740060116023	0.3254527562101218	2415.295848415159
-7109.183220637768	0.7408135168910421	1.3541056219823828	0.03317582578094508	0.1124175245281565	5.898458644467748	0.4856819998163774	2736.3002556853294
-5468.220687678753	0.8001551639961473	1.2560149709866433	0.038915761230200914	0.1608309685286018	8.461919785078837	0.33986483859455474	2372.8908593209762
-5444.176129383643	0.807389441484674	1.2545485940710144	0.03907993896168888	0.16191607165296232	8.516963731059395	0.34241760716076897	2361.8660104279625
-5461.645958815778	0.8086141015761131	1.2534849555409386	0.03853428006516274	0.16222811657041317	8.528120076420473	0.34232797409211335	2360.2305888852857
-5500.266566738425	0.7895684924865352	1.2705543684239529	0.0387887151574384	0.16554164900069052	8.330655963524697	0.3405279733119445	2389.734922713215
-5465.216425123323	0.8079868428628494	1.253961155537135	0.03850136106747768	0.16183107925374554	8.519848281587356	0.34258528097366064	2361.4206412321587
-7109.183220637768	0.7408135168910421	1.3541056219823828	0.03317582578094508	0.1124175245281565	5.898458644467748	0.4856819998163774	2736.3002556853294
-5429.401267890537	0.7535228298611365	1.2778892277351201	0.04282996168035547	0.16802558564715056	8.224668502468262	0.3195967906879806	2424.0741809516317
-6277.416976459079	0.6836627666226363	1.3391159314460144	0.041914721431102586	0.12778623115739463	6.476547445261804	0.3725745705244245	2702.894562776031
-7350.828414714396	0.696612640761873	1.3521190529588307	0.0353928246827245	0.10504513404938984	5.625560588151883	0.5220700530006609	2814.9793239054407
-7273.3572345119055	0.7365903267382539	1.3380927120600776	0.03271626846365617	0.11433891415232669	5.651312893938041	0.49471521642350896	2794.0597080997845
-6281.773832718059	0.6952352861368394	1.3246289889049068	0.041433731586382375	0.12967518794082228	6.379213340748511	0.36598725465210064	2722.1318301698784
-6567.830721477377	0.675495732936067	1.3253696292036634	0.04645849342143818	0.11592708027992031	5.9869900320512555	0.3600680126498238	2809.605464509867
-7387.619557253268	0.7134475107389895	1.3324826835004697	0.031362929283300214	0.10866926164738511	5.7398641219512285	0.4812296601684775	2800.8467217886964
-6491.509902406556	0.6741033228273461	1.323808114725202	0.04565411562981572	0.12023458836707934	6.003360367102614	0.3664831495559965	2807.553027469875
-5517.612002431492	0.8076960329493457	1.2607335322932636	0.037542999670418575	0.15952157057478242	8.403878630163002	0.348611691796205	2373.2642528859024
-5728.612010823168	0.6666053065127177	1.306184001930763	0.04638401232844357	0.15644560078395822	7.1160174496980035	0.3224794264561043	2633.2458512388694
-5948.305105398743	0.6751911719964175	1.3302727830345187	0.04409374841236504	0.14828711421676008	6.776820206716684	0.3560943181481818	2665.117613175997
-8025.523868410871	0.01483436166513023	0.019612223858732878	1.413242836796847	4.949682103697025	7.3989835144669245	1.179161618309075	116158.79195323483
-5467.270472435584	0.6831336573799182	1.2845308383910854	0.048178652469860174	0.17192662308824613	7.863617971970605	0.30127288265031527	2518.346538747293
-8052.1427678655955	0.014700085475982946	0.01939451329338634	1.421420671119922	4.95	9.631190818067399	1.2187632514736784	116857.85005419051
-8024.169836815743	0.014774238705508529	0.01959455026455223	1.422556290889513	4.942780809301303	7.677689073742717	1.1988514658570881	116554.47369963031
-5465.869688912226	0.791301738639871	1.2679638077467676	0.03959535161799761	0.16454379322653956	8.336047906772258	0.3430291027497997	2388.927216390682
