# /home/maycon/.conda/envs/dadi-cli/bin/dadi-cli InferDM --fs All.cc_cm.folded.downproj.fs --model asym_mig --cpus 32 --output-prefix All.cc_cm.folded.downproj.asym_mig --lbounds 1e-3 1e-3 0 0 0 --ubounds 2 2 10 5 5 --global-optimization --optimizations 100
# Log(likelihood)	nu1	nu2	m12	m21	T	theta
-5104.033913168021	0.034894510288500984	0.08711937649901823	0.25070351743486813	1.5988810305932883	0.6022897486113556	48605.38149892854
-5102.308106370341	0.029373812570266354	0.07278382867943017	0.2989755881019042	1.913953340657338	0.6523391079662968	57504.724585578966
-5104.795311600235	0.035059590787801256	0.08914753282115101	0.24853833244044904	1.5554701512670368	0.6344443526297144	48234.50909951553
-5102.116595829641	0.026348566189449335	0.06561653739350992	0.33354728537704015	2.1280827572145715	0.6716863256844056	63996.9535018141
-5102.337390093531	0.02768702399212755	0.06829633692966032	0.3155053597132509	2.0474902264617247	0.6615038174494684	61241.515104754435
-5102.164242734389	0.02006323563363221	0.04974576073764124	0.43877146507686243	2.8103599021317662	0.6474049543302807	84160.22860178273
-5102.02337587566	0.02081539115234476	0.052122928297921055	0.4218970762246986	2.6734074226730447	0.666845618596897	80831.08609326214
-5103.500829602474	0.03415309320200698	0.08600656190874238	0.25657587420503736	1.6135410061471813	0.6206363256022535	49393.12381835978
-5102.10382152679	0.026752121624392496	0.06659504412200487	0.3270555016690866	2.0940040850693005	0.6789780153951676	63206.34312328692
-5103.292403837564	0.027348012037133603	0.066962831382888	0.3192510253420615	2.0957028265249096	0.6337133816252944	61703.16682475398
-5102.046259487189	0.021676979509663657	0.05403125293183449	0.4060573561973622	2.5790045042886427	0.6672207610772276	77732.46584244174
-5102.950012960485	0.026404069156021823	0.06665278202713672	0.3324432743007314	2.0711805203211715	0.7191440484998823	63985.67052230854
-5102.018053094338	0.026005680376019982	0.06497678127758712	0.3376632429408287	2.1450296773828503	0.6803124578411346	64816.493285762626
-5102.003976542494	0.019519222434072503	0.04871194857230379	0.4494225242277733	2.8611857338019617	0.6532721566905394	86338.38759963097
-5102.403821486406	0.025270457065359613	0.0634280842730882	0.35155132012247825	2.193952824838878	0.6966624248337837	66862.36039473578
-5102.009386115483	0.019347114142969118	0.04831292047337465	0.4535941285620393	2.882563066945596	0.6567224679281445	87256.8643719394
-5102.5881015270415	0.025353375805414847	0.06239137936134556	0.34155534203530413	2.2348765845247667	0.678160290066863	67151.5218071189
-5102.201595130002	0.029877698099701505	0.0747909838028694	0.29406102480499857	1.860342875995537	0.6628128516083763	56404.30215908719
-5105.597317163323	0.03561837419820962	0.08817755791128591	0.2449184002934627	1.5828417499683143	0.5603534936162551	47508.41123764842
-5102.016162078377	0.01521716239832377	0.037992135605369265	0.5771131557566315	3.6713726082902194	0.5984623444343915	111013.92284707814
-5102.3683824077825	0.01856203543965305	0.0470027883303028	0.4768340060962602	2.9624111101604345	0.6572482672845152	90315.07305196476
-5102.412664381431	0.019188477054651494	0.04749630463632139	0.45769770088098605	2.9547180861035804	0.6342193535854878	88063.14717479274
-5105.05626320934	0.01801631698152972	0.04347962957701431	0.4734162644004702	3.242631346106952	0.5974261956418176	94622.53762207317
-5102.269372739298	0.021386596487197755	0.05365933462134275	0.41128447567751836	2.589837184758816	0.6886540012322755	79090.43703232493
-5102.036461817373	0.025643293271393836	0.06423615402519287	0.34154989843181205	2.167735840731361	0.6851924165976078	65674.45513065466
-5102.096235578607	0.015556456623556734	0.03900609168327373	0.5683524465245754	3.5699973903813262	0.6083220112902269	108369.77850702759
-5102.169568324124	0.02200637773487874	0.05498427867433898	0.39903230942163614	2.535940363036704	0.6649484269968222	76287.626783708
-5102.6161799704705	0.015605184154930571	0.038594314359763314	0.5515445825760189	3.6286049667069578	0.5911887944664728	108337.66042723662
-5102.082067609337	0.026229501824034246	0.06525718931528025	0.3342317413527979	2.1373034469611163	0.6772537942188075	64423.655006796755
-5102.880225524839	0.03284598770468379	0.08252411410736844	0.2663147040000074	1.6840197623726578	0.6393282875183071	51388.857670188
-5102.06060043091	0.014851580266531461	0.037042130988138924	0.5914120276820702	3.7701437350906963	0.5854534237637954	113442.95751060038
-5102.083567375377	0.018701495317178726	0.046886624767099025	0.47059124011986736	2.9653117837824725	0.6552274943834876	90141.9951745599
-5108.3665218931055	0.03715426376326056	0.09539374301594167	0.2348811240846762	1.4435589371564228	0.6094836772752641	45460.6593336713
-5102.021761820414	0.01614175575660119	0.04028742157705834	0.5438150048436696	3.4619438939062643	0.6119061496931746	104537.81302624935
-5102.193888212753	0.021297992918761503	0.05361481624863935	0.4099606964041991	2.5917924545073197	0.6863090249516635	79097.07991836332
-5102.344079123056	0.01987813201829635	0.049385859875075565	0.44289720800472354	2.834179962551051	0.6396010122168161	84571.67470203301
-5102.341783811721	0.01468930702895892	0.03718789975955848	0.5996576587363385	3.74905958630383	0.5998545262237209	114340.13711770283
-5102.144901976581	0.011276046728717732	0.02796447361238506	0.77287000603432	4.996561132153345	0.5078308982407806	150162.553459176
-5102.254083752587	0.024936095321950055	0.0619397558263702	0.3500732427837457	2.2556258335461328	0.6649993295140025	67498.41701806392
-5102.172776264117	0.021583038175861418	0.053612877269332636	0.4057011549696168	2.610008234386735	0.6601026612360444	78205.25813532992
-5103.329404409398	0.019170639019265762	0.046810163301627315	0.459984155439649	2.9973008557122336	0.6149244053153211	88224.6836605232
-5102.225207432731	0.011812670630504346	0.02975526665593922	0.7398357190748324	4.68453970483203	0.5353066754586585	142637.03251312493
-5102.015217182317	0.020861334685157135	0.05206169786081099	0.42070551806358547	2.673474480279684	0.6703198961493161	80952.03909703696
-5102.095380386688	0.020189650160413217	0.050782100579379735	0.43499450195377176	2.742313103172719	0.6711086703688346	83371.44024884603
-5102.128408293093	0.01752706766090373	0.04400128641213554	0.5044050897450519	3.1694214466511563	0.6374262990562045	96106.2730837914
-5102.096207723676	0.020068771281259532	0.04991045484817934	0.4344327704472142	2.7906868614769524	0.6585016030201638	84170.92201930325
-5102.197208831557	0.023855902103546982	0.059805772710250255	0.37003069148711853	2.32717611458895	0.6874520315209938	70643.40245637341
-5103.193694491413	0.011636133170216025	0.02853874287583785	0.7347303450088092	4.907053158231795	0.5071978568056547	145909.07761871372
-5102.141217260692	0.025247723746428263	0.06268772943760433	0.3448853806811902	2.2218808302719246	0.6830067117839684	67080.95655199897
-5102.060391907009	0.022498327576114727	0.05596768328269156	0.3896679085414005	2.489620349639888	0.6709048137715392	74983.97251266576
-5102.033918146701	0.02489083233861631	0.0621461974041568	0.35226546352694427	2.2459941819981943	0.6776307750586712	67694.05843150688
-5102.092952268648	0.024375621650969195	0.061149570754219916	0.36196558998292816	2.2800178383032885	0.6802787943918807	68932.03788010677
-5102.1496431037995	0.013924932789582994	0.03466876259682703	0.6265960836109573	4.036977146959334	0.5647418428513797	121033.81750436279
-5102.207189558672	0.01828941108035052	0.04562843887460832	0.48479033016904494	3.0618115011863174	0.6328168773272222	91984.10059985347
-5102.432600103007	0.011380641818857519	0.028147359640109042	0.7691283527012945	4.982443040459865	0.5000223061637672	148189.0690234878
-5105.5304967019665	0.011629611847872586	0.028207172737307783	0.7233802652906617	4.999949179481012	0.49668031109414573	146802.9382356997
-5102.206062728081	0.017110984867093334	0.043020222628692296	0.5181635903508632	3.2358763949762537	0.6346824834636272	98392.53125959038
-5102.070507434068	0.011461389227052327	0.02859901707149855	0.7642148160891051	4.878670325671278	0.5142963342302781	146963.16012466926
-5213.134897849058	0.027088654450552287	0.07792475285658437	0.31366744101921484	1.6557568372106568	2.0825822037961212	63574.62714637357
-5124.340897932575	0.01455315541375457	0.040100220972414766	0.6381558592537118	3.3663622405836438	0.7180578053839917	112117.41241628001
-5102.979345473242	0.011780387169564454	0.028878260295206692	0.7291505632290507	4.842232614342305	0.5146648391488332	144620.45973242784
-5102.036432249822	0.02689162442344991	0.06721158434004737	0.32642685158258034	2.0717995027760825	0.6811152475976622	62719.400724740095
-5102.099345373555	0.018811256554870502	0.04696286913982639	0.46672745288748635	2.960460488707545	0.6550132156541398	89865.91798999046
-5102.0941136803385	0.015230143396444212	0.03797717946891848	0.5732345767031067	3.6770723575069337	0.5916031645021894	110557.01024538116
-5103.181571753468	0.012278570429384985	0.030006945615359625	0.6992690912840827	4.669375762857755	0.5213501405062496	138767.5978138461
-5102.1220336221895	0.016093033648380294	0.040135902182309544	0.5441500120625297	3.4703311037390874	0.6168149838326803	105195.57983644382
-5102.091902098097	0.017757691474846436	0.04435641852697929	0.4946631645851652	3.143834863337679	0.63573642372091	94985.08517995571
-5102.393552562957	0.011437165840954475	0.028164270424260306	0.7614195177482539	4.96968224585738	0.5036484977956924	148156.78835747135
-5102.089414864337	0.019530145496241696	0.049049276271455944	0.44967984046673937	2.837364378583407	0.663870370478291	86217.8716379523
-5102.17752324668	0.017454273658821906	0.04348655725319922	0.4970126923718772	3.2041461439621144	0.6348520564149568	96910.09517112313
-5105.700124949026	0.012700061454792818	0.030690050945703127	0.6636281729468654	4.596545439173719	0.5164381556472275	134463.6579735245
-5102.2600079813	0.02315185521282929	0.05818582597267263	0.3802067829648361	2.385997107278202	0.6978031491566207	72915.99236874488
-5218.165594710535	0.018954129751744896	0.05440727108218396	0.4394305559621409	2.3690632010719126	1.8305161407582728	91190.92436736242
-5231.277308680681	0.016173266063849043	0.046826267644632436	0.5175929443601123	2.736886331582762	2.767702401431586	106868.97616766303
-5230.675406790316	0.014258102857299535	0.0409995964179574	0.5797693174731946	3.1302721574170147	2.1971768745770954	121790.72049584638
