# /home/maycon/.conda/envs/dadi-cli/bin/dadi-cli InferDM --fs All.ei_lo.folded.downproj.fs --model asym_mig --cpus 32 --output-prefix All.ei_lo.folded.downproj.asym_mig --lbounds 1e-3 1e-3 0 0 0 --ubounds 2 2 10 5 5 --global-optimization --optimizations 100
# Log(likelihood)	nu1	nu2	m12	m21	T	theta
-3965.666822030488	0.06512201996436136	0.016961373712305168	0.8989102563856375	3.222146491388541	0.5749240367623316	49241.47105464612
-3966.1859924580954	0.07025496983906349	0.018457058469220026	0.8338699790851197	2.953126579843817	0.5983609383843801	45653.225922307895
-3965.529320366675	0.063433019517772	0.016564994474101445	0.9229241598299293	3.2949363304024333	0.5727482090300265	50546.8068145588
-3964.946601603572	0.05266648924333648	0.013682814517036495	1.1114361845517011	4.0012189876613595	0.5244893488339292	60834.34918315332
-3964.7210947616836	0.04322053526636384	0.011170069950772205	1.352235048514868	4.9082864773775094	0.47195504097445046	74130.70162652817
-3965.819253152851	0.06677730426340446	0.017492451372722234	0.8767001508024895	3.1169912443238608	0.5859239061932084	48010.32954369089
-3966.161582483515	0.07000710033208343	0.018401817106457864	0.8370286247809093	2.9603777477650675	0.5988629272491117	45820.653995196895
-3964.739436879487	0.0445464376047814	0.011527312566830586	1.313349706374621	4.753644921888092	0.4804543190427663	71921.80663856227
-3965.2631292512783	0.059504426111704596	0.015523193289370374	0.9840932887893998	3.5213905688987674	0.5563524972992278	53842.421008263904
-3966.2317434745437	0.07048331945299399	0.01855626943819575	0.8316325044954567	2.9318818891866827	0.6036732138680395	45543.506719570905
-3965.9998532276823	0.06845693200418244	0.017972718983349192	0.8562532510568982	3.026995114331669	0.5936752898109556	46826.12918576849
-3965.922477023506	0.06751234337255478	0.017766304532612267	0.8679193881190502	3.065097869597886	0.5935344265840888	47506.48512430477
-3964.708831532057	0.042728902477169615	0.01106327370273771	1.3696158631987065	4.954187183807126	0.47001014159895704	74957.94634973958
-3966.0210068222314	0.06874262447057326	0.018061469486102544	0.852453827849325	3.018887748189457	0.5940054754842728	46645.729809938384
-3965.35338639624	0.060826165810161786	0.01587335686045405	0.9625421359260335	3.4378915141900093	0.5626726462208467	52679.615679683775
-3965.1000320551575	0.05633603440930694	0.01463148222584589	1.0387680260752146	3.7440722227589767	0.5388432611641794	56846.989336852275
-3965.419662759936	0.06194478569334285	0.016147269555176796	0.945181261167257	3.3834549313372486	0.5646230170619589	51723.3669374959
-3965.3403267561343	0.06055189809719801	0.015848552962765508	0.9667778227572044	3.448395087311756	0.5628781091685098	52907.619475704436
-3964.709186502144	0.04256271297297105	0.011041939121772124	1.3752418348610722	4.96252157726457	0.47011210939249737	75227.3566683502
-3964.7838752335324	0.04221366720651722	0.011031039619823229	1.3903859536740906	4.951934327774395	0.4742866343388227	75853.46211848898
-3964.847972032191	0.042067333864002715	0.011027719161250935	1.39701952888064	4.948773804490975	0.4753292186476611	76075.13183977548
-3964.6991226004357	0.042435811901877285	0.011001620183118543	1.3797066317927373	4.981304864116402	0.469065430460488	75468.2602224431
-3966.0825580549854	0.06941718924976542	0.018216425838331714	0.8441486226765772	2.993745045140957	0.5951673893522391	46211.53207481744
-3965.764661832754	0.06578380616954811	0.01729511203969416	0.8908330237832143	3.1515203968195538	0.5876085665276992	48769.215639607944
-3964.9181209452668	0.0518151488539558	0.013440546920913458	1.1286942356072858	4.074849014357079	0.519340375988965	61834.99284351334
-3966.20764435941	0.07047724096122304	0.01852482178747707	0.8313774722373994	2.9411375517095295	0.6000565379734664	45520.16163175411
-3964.705832184216	0.042538173751960916	0.011013326161924061	1.3752821908168007	4.97856858103083	0.46872659243999293	75297.2919283415
-3965.25911698976	0.059373761916392376	0.015491363089064934	0.9862318610586805	3.528306659485039	0.5567494580747164	53986.85440989295
-3965.332559259457	0.06064954298102146	0.015809292201433893	0.9649966226489322	3.459985601068243	0.5594490444872391	52828.82131042905
-3966.6897479810837	0.0736487536938676	0.019516955922422086	0.7956441519689424	2.7847194579702497	0.6177374675410432	43587.03256122633
-3982.8148662537706	0.11151845160202976	0.03246850355045598	0.5311781392665421	1.6185658597961778	0.7743758399982169	28885.808923237626
-3965.1359438190484	0.04925279826177659	0.012570672759515716	1.183388642559619	4.389749266163849	0.49040766887028364	64965.71929354745
-3965.61576401627	0.0645441973765707	0.016899603334431884	0.9073746513080548	3.229369274038423	0.5783726237698001	49672.682317379986
-3965.308964262385	0.06029041486568294	0.015698940309711817	0.9707566915037726	3.481752326660822	0.5581891149160594	53157.3862363588
-3964.7013302175455	0.0424319995894875	0.010987801097969565	1.3788922836778594	4.983812459864584	0.469399047661016	75524.08631407261
-3967.4996223771186	0.07879601573172106	0.020938018123573304	0.7443947312609662	2.591276379658008	0.630487011112513	40739.35660830014
-3965.5929168379857	0.06426462803963941	0.016786011233128492	0.9108475026289773	3.2560283891574358	0.5738124348806497	49867.95632630388
-3965.0753584568142	0.05570028086240165	0.014515511260916892	1.0518494358147255	3.7666674647833287	0.5409032343240904	57532.63365345917
-3965.080038126748	0.056045164122778865	0.014583360499140708	1.04430922907239	3.751070483025886	0.5411019547699568	57187.33765566569
-3964.8248119628097	0.048572508612291	0.012595672516426556	1.2046663048493578	4.347880452768417	0.5037756709229417	65975.25771583285
-3966.1593622619293	0.06983289353169006	0.018396074585347838	0.8391127656632796	2.9616309096930205	0.6007400423822395	45944.620096821876
-3966.9783280258034	0.07586323384423152	0.020074906226156927	0.7724709686644347	2.705265323681771	0.621359055707111	42320.62425674056
-3964.957712867723	0.05298394202376564	0.013757770821198638	1.103180052028406	3.982857459332141	0.5253274522034541	60481.37473437855
-3964.718638861204	0.042965281129478304	0.011156191256489822	1.362797589601946	4.908537970995954	0.4733775338963333	74524.01693961416
-3964.7106694375934	0.04267396754240692	0.011059354169229638	1.3717509612814798	4.952760574922665	0.47028224846271727	75029.68303535247
-3964.709571821235	0.042818093354903906	0.011098551084052345	1.3676968546678188	4.938937582977321	0.4707124712199211	74770.62250324021
-3964.7333706441154	0.04397974213293431	0.011387346538512215	1.3287987807494241	4.812167401650477	0.478033985992189	72869.4446413617
-3969.2931018085646	0.08642834992045838	0.023103775720459938	0.6798161563370586	2.3468026763013734	0.6436719593106768	37133.846486754075
-3965.106016477303	0.05636119272379005	0.014614994977853445	1.0367732239507972	3.747827465451772	0.5392931188291538	56879.49230009471
-3964.992998065354	0.05389633061728618	0.013991597606992123	1.086389934204862	3.914210331999866	0.528981534608971	59441.1872898142
-3965.4460937328013	0.06179098193763214	0.016223537947276677	0.9492131110011406	3.364762526830939	0.5709391887094233	51864.93967937516
-3968.29556908851	0.08261225012681002	0.02204219708968334	0.7094487889093533	2.4582849531949695	0.6424876240148507	38895.73119745909
-3967.221215594206	0.07737103338981655	0.020476048358808372	0.7574971003242028	2.652246403846589	0.6240291126164358	41497.6638740107
-3967.251374604139	0.07745020987760624	0.02055083952011068	0.7575673221821658	2.6417046097722463	0.6254859011878683	41425.78157686787
-3965.035787598256	0.053276745537039386	0.01372178474521337	1.096505788095796	4.0059100456088395	0.5194523946885345	60184.649751828576
-3964.9584964031105	0.05293194207658109	0.013735638438813553	1.1057519896588548	3.9907453309522376	0.5239787004661424	60525.95654774036
-3965.9618690368548	0.06829152809241532	0.017892219287925528	0.8572604758466996	3.048157315132621	0.5910168443985963	46975.87053253432
-3964.7154683336553	0.04307206064169621	0.01117022673836959	1.3581199631663365	4.906015120279862	0.47316750030289917	74360.93960793383
-3964.94282076084	0.052083316989560084	0.013569084897416052	1.125091806571268	4.028724511195693	0.5244130082912823	61498.60056128467
-3965.2917762155557	0.06000192129790835	0.0156098147794209	0.9762373433523212	3.5011408526137604	0.5555225119138133	53378.37669314181
-3966.949176797734	0.0757354337687633	0.01999352322761065	0.7731254511375347	2.72239149438023	0.6170739084477983	42390.530318237106
-3964.6986615187743	0.04232690641538334	0.010965294471063277	1.3822891561608055	4.99598289282989	0.4684379935365287	75680.61999499702
-3965.1096645512675	0.05633348741996123	0.01458866985608714	1.037281415585236	3.7549900105690193	0.5382002962809322	56911.778805950154
-3964.7924426632508	0.04715645699892868	0.012243204349775156	1.2409611038225088	4.473210391522753	0.49687701517476496	67929.08843451386
-3966.874368107133	0.07493301788373707	0.019881793986969445	0.7832534427324044	2.731471046991161	0.6210271015237676	42821.065280020026
-3965.3063612110873	0.0601111422763275	0.015700069410170617	0.9745969465746436	3.4792420379906	0.5600501695724642	53303.03631774614
-3964.7058096258806	0.04237669587674492	0.01096895245322524	1.379786990320135	4.992576207199315	0.4690770219366274	75640.96727173966
-3968.9790869411527	0.08529033813562203	0.022866610029640078	0.6879552316504782	2.360536219656595	0.6547189280989119	37703.020308816405
-3966.312387172593	0.07131214955650624	0.018704621086528674	0.8214556524913225	2.9144460715290688	0.5990583908887612	44972.70746976113
-3965.2602594518335	0.05940658042834526	0.015488477842410793	0.9851035905738917	3.5278071565141	0.5560857365527154	53940.02365665353
-3965.2995323562814	0.060140421870511475	0.01566995757727672	0.9732445671721757	3.4895559038507815	0.5581625258486764	53298.93245305275
-3964.714448381603	0.04293353571312292	0.011139765627165883	1.363296756082622	4.917729742499354	0.4728575115600712	74603.22533529332
-3964.706158450272	0.04220223128615261	0.010956880514481569	1.3872946142506752	5.0	0.46864575449338713	75874.99252999394
-3967.277004817595	0.07768364693729898	0.020518697355722846	0.7545233191991059	2.646342048276648	0.6226021890838241	41329.19551101233
-3965.7526600350157	0.06607047223279235	0.017302438818482462	0.8862305720736701	3.1522771330850743	0.5837074925233255	48532.07876199738
