# /home/maycon/.conda/envs/dadi-cli/bin/dadi-cli InferDM --fs All.ei_lo.folded.downproj.fs --model no_mig --cpus 32 --output-prefix All.ei_lo.folded.downproj.no_mig --lbounds 1e-3 1e-3 0 --ubounds 2 2 10 --global-optimization --optimizations 100
# Log(likelihood)	nu1	nu2	T	theta
-10674.037290876617	0.13598819290020167	0.08133011015752	0.17028888398996406	16788.105225214407
-10674.037203791957	0.13599863794503483	0.08133112117261845	0.1703028691634651	16787.875354096985
-10674.037210588813	0.13599553877613116	0.08132982438069425	0.1703012771009692	16788.029785225583
-10674.037238314644	0.1360076753142874	0.08133914363078547	0.17032069950294562	16787.569147953687
-10674.03720558002	0.13599404618969252	0.08132726322240699	0.17029485414478227	16788.04611114329
-10674.122169651007	0.1352589752930095	0.08081059103781432	0.169057041174526	16813.06227909627
-10674.0372027625	0.13599846144755018	0.08133039338786754	0.1703009152245701	16787.865538732334
-10674.037202813945	0.1359984639769121	0.08133039645248036	0.17030107548196535	16787.868723297444
-10674.037203269183	0.13599787014288112	0.081330361091072	0.1703005350956158	16787.886491883193
-10674.037203947584	0.13600106532494738	0.08133228370121515	0.17030476556000895	16787.763486058302
-10674.037203665248	0.13600056557323317	0.0813317271810074	0.17030338874004167	16787.775738224445
-10674.055611600827	0.13643640969689066	0.08158397887491846	0.17085277282928427	16770.746280252697
-10674.037206550176	0.1359961389436086	0.08132789911811526	0.17029774557395097	16787.988071133626
-10674.037207601317	0.1359970619616387	0.08132822688859602	0.17029913222311935	16787.96332184277
-10674.03720369478	0.13599767175205213	0.08133012755025376	0.17030112370518363	16787.91585706468
-10674.037376489128	0.13595780189725923	0.0813053237343829	0.17024582689562345	16789.42364032229
-10674.03720421119	0.1360010097119458	0.08133134689133859	0.17030458173980312	16787.79222281451
-10674.037206523464	0.1359941324006692	0.08132708068838977	0.17029407724327775	16788.03138161763
-10674.037213630136	0.13598992746895652	0.08132708389451046	0.17029171486247552	16788.180161574815
-10674.037203056765	0.1359993452471288	0.08133109526424503	0.17030304342299168	16787.84640591333
-10674.0372523145	0.13600701975682147	0.08132917532974196	0.17030387819239015	16787.56238311994
-10674.037205325261	0.13600210514256303	0.08133317935832679	0.17030739393686153	16787.741378482162
-10674.037210580436	0.13599708695875118	0.08133194594784661	0.17030131691589745	16787.889394895512
-10674.037203132058	0.1359990340430034	0.08133064749695056	0.17030163093932357	16787.845490470227
-10674.0372028951	0.1359990440922473	0.08133089032276991	0.1703024705639095	16787.855062245795
-10674.037204604154	0.13599991100363548	0.08133041408510253	0.17030125528384527	16787.803484537108
-10674.037216580522	0.13600942447685743	0.08133629098829333	0.170312742737034	16787.408840889675
-10674.037229593128	0.13600375514810464	0.0813375710125523	0.17031496785996167	16787.683395856267
-10674.037230315997	0.13598916337039382	0.0813291038915232	0.17029353926184268	16788.1903626943
-10674.037204625522	0.13599680201296913	0.08132875328870301	0.1702985622657734	16787.946663517007
-10674.03720691518	0.13599512598170319	0.08133003585987608	0.1702986333023985	16787.98642328956
-10674.037212053012	0.13599901771572026	0.08133025299092266	0.17029833572411573	16787.788945812415
-10674.063821170097	0.13656451853933843	0.081572882539134	0.17097883778627737	16767.69848354039
-10674.037203153552	0.1359977783523745	0.08133001264484478	0.17030021708628537	16787.895244942298
-10674.037204391918	0.13600068175101904	0.08133127408345846	0.17030418510000866	16787.80165581216
-10674.037202684844	0.135999000424217	0.08133073637616603	0.1703019765309279	16787.851573174572
-10674.03721713729	0.13601024644024232	0.0813372455508851	0.17031735305429935	16787.437225948597
-10674.299319635988	0.13429933220308363	0.08041286540611609	0.16822594271228372	16853.856709043474
-10674.03720299227	0.13599912170850478	0.08133065078718141	0.17030217772608902	16787.852844931575
-10674.037227538756	0.13599094491223568	0.08132639683941525	0.1702966460415246	16788.258705500284
-10674.037260786332	0.13598143178302033	0.08131597565697098	0.17027370394611924	16788.555724493828
-10674.037213277421	0.13600726063214144	0.08133656050977567	0.17031475438938737	16787.545318641707
-10674.037203103326	0.13599954147043944	0.08133086010917957	0.1703022117954858	16787.826995519295
-10674.037202876161	0.1359990626463895	0.08133100901956168	0.1703025478830704	16787.852023687523
-10674.037203627066	0.1359980232742291	0.0813295704846969	0.17030001107178375	16787.893442621295
-10674.037203457548	0.1359987059538196	0.08133045936158795	0.1703008042394578	16787.849497093604
-10674.037203842068	0.1359972172177158	0.08132931350826907	0.17029888447188013	16787.915907150516
-10674.03726666168	0.13602359625595786	0.08134468941317799	0.17033463339216634	16786.93380481323
-10674.037203769887	0.13600068682617075	0.08133223947882386	0.17030457876359528	16787.778851927345
-10674.037206409985	0.1360009286200082	0.0813308842482395	0.170301658732639	16787.748826101673
-10674.037203754337	0.13599565577022443	0.0813283761841991	0.17029714112091596	16787.98282780521
-10674.037203084697	0.1359985349209081	0.08133057678320237	0.17030158228704234	16787.87034805897
-10674.037203251186	0.13599784104230478	0.0813300970861127	0.17030044085983648	16787.894324869423
-10674.037205932258	0.13600223698577607	0.08133346377248511	0.1703079427258485	16787.737677316367
-10674.037203454805	0.13599905327970305	0.0813301806519294	0.17030147879876747	16787.856305923473
-10674.037208095655	0.13600374646824057	0.08133211752804224	0.17030514740299776	16787.650014588085
-10674.09771069219	0.1351555336162113	0.08085104478940044	0.16914170196525422	16818.511230250333
-10674.037204414884	0.13600022674892212	0.08133108825262127	0.1703019220555225	16787.78110242995
-10674.037202981568	0.1359990785700113	0.08133065308807289	0.17030148560593636	16787.84012110485
-10674.037203234024	0.13599956203411945	0.08133090498693309	0.17030269252863203	16787.834790970875
-10674.037203115757	0.13599900362105047	0.08133080263528153	0.17030232370540674	16787.856670263503
-10674.035424384358	0.1357441142382673	0.08125810597679373	0.16999338843026646	16795.666350967822
-10674.041062892638	0.1356437789056768	0.08118759907374588	0.16984664447569245	16799.56193013511
-10674.037203295728	0.13600045705375644	0.0813312898357443	0.1703036789842144	16787.80104255658
-10674.037336100158	0.13602564150870403	0.08133915133744532	0.17033065236471032	16786.929882471886
-10674.037203680566	0.1359967254205086	0.08132886932435178	0.17029868830660402	16787.949249699093
-10674.037208304479	0.13599188683081925	0.08132669910182434	0.17029206621536885	16788.107200259452
-10674.037203632615	0.13600066737964264	0.08133154520843734	0.17030397245700282	16787.789136896507
-10674.037212347408	0.1359945605513319	0.08132579367260835	0.170292491281108	16788.018669990313
-10674.03733255243	0.13603424093692612	0.08135308654346046	0.17034895965534816	16786.46520454542
-10674.037202642445	0.13599858999557898	0.08133065348460117	0.17030153453332136	16787.864272125695
-10674.037203253603	0.13599916352290445	0.08133087790098743	0.17030192385026818	16787.838202556064
-10674.033544152779	0.13594444265270747	0.08136663670145522	0.17022151947373013	16787.551871331805
-10674.03720344661	0.13599965863906371	0.08133070538601167	0.17030222620087707	16787.826711902788
-10674.037205962779	0.13600148072837773	0.08133268647111647	0.17030697790737573	16787.777887034812
