# /home/maycon/.conda/envs/dadi-cli/bin/dadi-cli InferDM --fs All.ei_lo.folded.downproj.fs --model split_mig --cpus 16 --output-prefix All.ei_lo.folded.downproj.split_mig --lbounds 1e-3 1e-3 0 0 --ubounds 2 2 10 5 --global-optimization --optimizations 100
# Log(likelihood)	nu1	nu2	T	m	theta
-4482.754814806563	0.21074291488486108	0.10663952421892303	1.6482196613400202	0.3441354717980619	14118.485559162244
-4481.905716478283	0.30414561566777104	0.15387492455198815	3.225121704840663	0.237787645253858	9818.82060759322
-4481.975334777918	0.2557932578354048	0.12944166124802176	2.423105265093862	0.2827982366864988	11669.404163906931
-4481.910513435576	0.2874024801141936	0.14543247577126683	2.9441384271381894	0.2515102006313799	10392.323015285829
-4481.949011583764	0.26233378724552875	0.13277411635946035	2.5328035425153685	0.2756736636730004	11379.603382980635
-4481.9036822627495	0.3517759727838027	0.17792399509011855	4.021776020639061	0.20574207912726486	8479.588030405035
-4481.935140346436	0.2720639713734556	0.1376509945381695	2.6985195832460622	0.26575195758258163	10972.53338292321
-4481.889327686162	0.32736542330154117	0.16563456296927972	3.60487457845714	0.2209392096115439	9120.685951058693
-4481.931641405217	0.2708011940568042	0.13708411559154235	2.6736923969614956	0.2668908286499033	11024.044339286409
-4482.671250693764	0.21240180486835683	0.10741253184141535	1.664465906972502	0.3410711556367675	14022.379266178417
-4482.883487948657	0.20842797838594873	0.10541349437055918	1.6073468432217441	0.3478411814771175	14269.237545034583
-4482.0951892811745	0.23573995449469462	0.11923908990100085	2.0761926078326547	0.30693316449676666	12656.450084980372
-4481.901673409602	0.31656516809488194	0.16004378060997268	3.428120354235278	0.22842066377451276	9433.483986281777
-4482.187798142232	0.2293151009295594	0.11612170363346028	1.9601300503141155	0.31540762507934084	13006.350343927956
-4481.898998438185	0.30153787230973117	0.15254880762489278	3.189494771755648	0.2398208754458311	9900.073738179008
-4481.922749815066	0.2811520835879141	0.14228211919714565	2.8484526049003973	0.2571442861887841	10618.996461298746
-4482.4220234752	0.21871548221112186	0.1107348651725434	1.7819390570303504	0.331064802749321	13620.094923299892
-4481.922847502115	0.2825212575870042	0.14307120699936002	2.8837508864766335	0.2560994740066928	10561.635225430813
-4481.946080614223	0.26289272567362715	0.13304968447404103	2.546041882561426	0.2751367424851474	11353.598846008737
-4484.492683065068	0.19447498726050727	0.09836868389211198	1.3539495778544486	0.37346007542960535	15249.995886689094
-4481.885783061928	0.35886553149998673	0.18154909420876064	4.0942990457444255	0.2013997019335487	8322.896734261742
-4481.986973840689	0.2540228037624868	0.1284377486759644	2.4130897046911572	0.2851305169803749	11741.167377585447
-4481.901727268307	0.31205669725452373	0.1579026860666379	3.352583151859708	0.2316928143544457	9569.567938442868
-4482.292175113498	0.22358216063196767	0.11319167501993767	1.877177187739093	0.3238907385323982	13322.34839295698
-4481.986881806522	0.2516129092903171	0.12733135219209737	2.3642904415085617	0.28763179842380343	11854.558414686371
-4481.9279747159935	0.27499177565022553	0.13895233734326531	2.7479251464361276	0.2630145876221245	10858.467775139748
-4481.967348905493	0.2580842370009237	0.1307461543632553	2.4543692244327002	0.2799477320652334	11566.501173150547
-4482.009336581534	0.24976945301360884	0.1265392047597305	2.3090665126428704	0.2893770967484571	11953.065889541125
-4481.966059426246	0.2586672105961829	0.130896539350355	2.469764604036033	0.2794758527284132	11540.075947749976
-4482.308962827024	0.22294898186355472	0.11282123992813525	1.8556730506156274	0.32487408155321934	13369.88053178561
-4481.948344290645	0.2622471709799624	0.1326819346783351	2.5305116590848447	0.2757483148453674	11384.266446122883
-4482.091281485595	0.23630051211216846	0.11956808616999877	2.0948337538311392	0.3062185919798993	12619.197070310503
-4481.916529834543	0.29855251006186617	0.15101872780848988	3.1157978709976413	0.24204808561009383	10010.093244563473
-4544.591315670379	0.11707562089744548	0.059136832805002884	3.358738495470444	0.6633556329751824	23568.690279809176
-4481.894359480548	0.3891026288237546	0.19683259300763084	4.557067364635505	0.18576532027267809	7679.68734386895
-4482.247825535731	0.22596583590384892	0.11425295190241534	1.9016155792202571	0.3202304087352922	13199.646746528719
-4484.8982601506505	0.19202795862383545	0.09744818663899384	1.3268529554068604	0.37837458436725463	15407.815490577394
-4482.075532004011	0.2390479992850198	0.1208466728522646	2.1530051123057685	0.3029327567761831	12471.44071921625
-4483.341779996433	0.20251894560957015	0.10255567474722808	1.5120820339486645	0.35827048371582976	14657.412935079803
-4481.958330018748	0.26251192942254387	0.1329266862006485	2.519761584664571	0.2752199206058073	11379.133026345804
-4482.31399604272	0.2230590133849628	0.11294637469777141	1.8762616603641138	0.32483999169133054	13347.110367438276
-4481.942360542474	0.2686650492598992	0.13601821768929542	2.643647433327129	0.26923193297807124	11109.88231648746
-4481.88439262675	0.3631679535880576	0.18377772966872086	4.166613133839271	0.1990432896319457	8222.734690149373
-4481.9711092087855	0.2571702559763319	0.13013329910368682	2.4423379365989826	0.28123286546310583	11609.650951512564
-4481.937363918724	0.2672144828660931	0.13526319217564073	2.6165352894615292	0.27057737673518345	11170.7613221693
-4481.911976166516	0.283819837967419	0.14357499785057992	2.895623517820158	0.25488018982862143	10519.777292647033
-4482.535610721702	0.21671097733283556	0.10960239454214254	1.7176343422852827	0.33387827885410754	13769.665873614265
-4482.065000908438	0.23971616169320817	0.1213027897707157	2.1485078670460163	0.3016888584900214	12444.126205774965
-4482.714834346198	0.21162999463534005	0.10711174881532379	1.646952110038664	0.3424062284743745	14074.845919071044
-4482.585095949276	0.21443766279354703	0.10861609603183678	1.699180757711408	0.3374639269319714	13888.506316586192
-4481.899751937083	0.45919265834727807	0.23229173373902404	5.70973245893137	0.15755591457914347	6493.675981924428
-4481.892918717567	0.3583356342932786	0.18119859606718988	4.092846281682514	0.2018169192824675	8334.55022405476
-4482.2352649438835	0.2259300992134342	0.11435610747886311	1.9102069057051116	0.32038992865348104	13192.859489817709
-4536.465990914759	0.30837971583179125	0.1557462439746782	9.71919243641451	0.25060880725469414	8996.343240444941
-4481.901218878816	0.31525642366967693	0.1594233826857293	3.413557900706377	0.2294502235161938	9470.176383628512
-4481.907242661127	0.29702313702026195	0.1502025078817972	3.130223067397263	0.2436326135921875	10045.280142183252
-4483.25650771794	0.20507761872842054	0.103972231482533	1.509258464249209	0.35310457546382823	14524.138512784297
-4481.9114172008585	0.2939687262861307	0.14873991478520016	3.0591773438022978	0.24596160046231685	10157.55994977161
-4481.930560152107	0.3060880675044851	0.1549301462898771	3.218214025861243	0.23600103676643405	9771.857121570363
-4481.902391521545	0.2972489843277196	0.15046089528177486	3.1097289364694123	0.24322381566502105	10046.413382692344
-4482.006133697263	0.24859643335084214	0.1257414422431667	2.304587178981489	0.2910103670887005	12002.852159784914
-4481.900470850034	0.31882707935319404	0.16128336483537867	3.478569909176416	0.22687884539973183	9360.482798535477
-4483.347072695768	0.2025776158173674	0.10258046246596755	1.5099787110921838	0.3582886209447219	14657.709972765184
-4482.212285410559	0.22812235540491638	0.11537946065856508	1.9665324677486078	0.3176528001177193	13057.675407119052
-4482.117783373335	0.23370366807813356	0.11824806801633918	2.039546075303317	0.3095781069458468	12765.482047142292
-4482.0087920463	0.2480881288383634	0.12557928567997206	2.2970932527773558	0.2916071636570528	12025.189841799367
-4481.890483392129	0.36664266665425316	0.18547831063552445	4.213335202523321	0.19713734724817483	8147.622625891832
-4481.903586938308	0.31098791451438884	0.15735490385685733	3.3296194778912733	0.23245685158460364	9604.817411423819
-4481.891300320914	0.4757819788240369	0.24082754488724953	5.896372797894499	0.15190495448687763	6278.879810146613
-4481.972346422106	0.25657960880608394	0.1298161523487005	2.4358605724946583	0.28182923100459983	11633.519520398984
-4481.884161810697	0.41779894579914584	0.21129346101625618	5.03808792034107	0.17310118602620467	7144.027202722499
-4481.932146614506	0.2752527243262853	0.13924708568130464	2.7415053820741666	0.26257370537311736	10851.059676622352
-4481.886435305325	0.43165845541709363	0.2184658601875024	5.260666367797645	0.16761251465366908	6912.850378524013
-4482.005315847673	0.24919039414094876	0.126050198227531	2.3180878943003886	0.2904353165331211	11973.11871306695
-4481.90432953961	0.3062405196111961	0.15490514654566068	3.267871386953627	0.23616036476536398	9747.752446704684
