# /home/maycon/.conda/envs/dadi-cli/bin/dadi-cli InferDM --fs All.cc_lo.folded.downproj.fs --model sec_contact_asym_mig --cpus 32 --output-prefix All.cc_lo.folded.downproj.sec_contact_asym_mig --lbounds 1e-3 1e-3 0 0 0 0 --ubounds 2 2 5 5 10 10 --global-optimization --optimizations 100
# Log(likelihood)	nu1	nu2	m12	m21	T1	T2	theta
-2140.4252971322903	0.8900901429435313	0.15494260481895425	0.04237576342570108	0.8918289905679321	6.511272159523313	0.11342329793488386	2551.543546209993
-2138.228457007639	1.3046372855195398	0.21063329121167834	0.0297594300417546	0.6522678533446971	10.0	0.1584027924351507	1746.2295625166653
-2145.564948640433	1.289369238687235	0.24545363364292977	0.028870969380972625	0.5617115386273	9.896252042170918	0.17656151669965692	1754.061165537763
-2152.604189135024	1.0931475509296802	0.2291251410214564	0.03434989286003702	0.6330421608017693	8.280292093455948	0.15013178237235195	2055.917226841499
-2149.7674019604124	0.9304540350197607	0.1843683272534766	0.03937555692816164	0.754619135637572	6.7370051056922255	0.12819792881489137	2452.780802117112
-2137.1384089716703	0.7142994639430413	0.10107364127916875	0.05501716780075505	1.324007250748697	5.0676677620402755	0.08194232900873985	3186.797984014396
-2149.3373077705796	1.305946177773444	0.26005035547187694	0.028248889418007076	0.5311637266966359	10.0	0.18399459848672442	1732.5624494103306
-2147.4563641354603	0.8435427669770738	0.16562964789678605	0.04432317829287501	0.8443492027077565	6.10726642956355	0.11430618139911686	2683.559069913326
-2138.545191107568	0.9171262641649851	0.14946988967021418	0.041490116061637834	0.9127885013340851	6.753827837139638	0.11341451099550547	2478.7505355531757
-2157.1656593722587	0.7771935423835202	0.16167271829635774	0.045884496246009876	0.8473914044839855	5.465193724011789	0.1159427376682123	2929.2795110671736
-2137.0371636323193	1.2960113782758866	0.18819996432595396	0.030412948813365502	0.7169037763675783	10.0	0.14950378301224285	1756.0582745290255
-2137.6340811720033	1.294152335385508	0.2017075696190649	0.03015668687737387	0.6723156616218542	9.985073448439739	0.15572261201236504	1754.5925512772794
-2137.6516754408353	1.1906056434969128	0.1840376113993905	0.032296094546678034	0.7335839638499314	9.063854048004469	0.14355268103418636	1912.924607534876
-2138.874825180709	1.147675555728601	0.1900133755338803	0.03348861866550082	0.7192047779756425	8.694397236172088	0.142880072284244	1980.9522114158642
-2139.2096014756157	1.1612137409628287	0.1945860492755991	0.033367244136440335	0.7065423555084644	8.854697071239453	0.14420488690135116	1951.1451271703995
-2137.159761947619	1.2107214487953377	0.1808859760524533	0.032349964105478184	0.7463931534622718	9.293880487303419	0.14254219781366348	1875.9707002018204
-2143.9076139667322	1.109177761856046	0.20584451952405694	0.03332886053416071	0.6686267073830238	8.375889669325657	0.14846895383812095	2040.616795269285
-2137.2668586337554	0.8787891208974139	0.13205294722006863	0.044861177571889434	1.0288126170539302	6.461121378019199	0.1030036689025226	2586.4817589379395
-2138.170204844836	1.0159649747837751	0.16253142482922867	0.03754583322490648	0.8418690795869903	7.576581257261599	0.12352863358900355	2241.2180758171685
-2145.9843301417973	0.5964265896644916	0.11268149142025649	0.06546586852550816	1.2509149109163957	4.0154180108143835	0.07771827474655896	3805.6977196968724
-2144.6353013827393	1.1835392102140188	0.22275907496121516	0.03230901147851847	0.6284385889947246	8.96828788879493	0.15699937185295254	1916.1216123631082
-2140.684098714781	1.0836229787017133	0.1893424579117669	0.035553373847940384	0.734907947995825	8.240696270299823	0.1376015946314386	2081.3578760664736
-2138.9750425093343	1.3048006133094239	0.19610180782451941	0.028655137273297198	0.6773506793744696	10.0	0.1588424761758404	1750.0710061349484
-2137.787471868524	1.1842447022509406	0.18501231762446993	0.032385109485393825	0.7290886321666237	9.039108614792758	0.1443112116984941	1918.8889356370319
-2137.110076857756	1.1291196228792924	0.16675478969411206	0.03472159589977022	0.8079175430649764	8.584601895612375	0.13206799098079816	2014.3958403763954
-2141.0397507488274	0.5562751092104721	0.09658563578184148	0.06954109547901294	1.4205741990433158	3.719055442652397	0.071076632468345	4068.5551287802105
-2137.0539059211455	1.2841037074781887	0.17855943006219602	0.030838101495150955	0.7474932710265533	9.92491235082251	0.14601026002288148	1771.8901911887917
-2266.8629909004476	0.6771547856209569	0.20557120787820862	0.04995832892326374	0.6106855917296486	4.885435527586926	0.13861477607824424	3208.1973921861927
-2138.2802047756745	1.2690414238063237	0.15324557848736559	0.03186881483026948	0.8527455634874307	9.834796426220583	0.13421093356796598	1796.1054577515558
-2137.658210343532	1.137037400119711	0.17637799987513078	0.03469993594052498	0.7750551888266664	8.648830083559089	0.1347630644860616	1997.7418363930562
-2137.0686935713534	1.0544257991265016	0.1549990839877142	0.03723269018639756	0.8709982256200115	7.948888837235978	0.122762708227883	2157.672746843286
-2137.152620797682	0.8354749581448865	0.1222642921844916	0.04665576450612357	1.1005966251654284	6.097484358077182	0.09768446128361717	2721.742791307749
-2148.296497134975	1.0092003377210987	0.19706418892877775	0.03587159358306424	0.6937120523661642	7.563491378958289	0.14246137776882983	2232.751325674065
-2137.780153563505	1.2991153983608765	0.2049884528219627	0.029727548770342664	0.6631757752071373	9.991075563504525	0.15743321776939162	1750.9697866743047
-2137.140393153812	1.0259085427362769	0.15008625483145513	0.03855060362189314	0.9065681748288342	7.702836478235992	0.11767174173969767	2218.6775334507474
-2139.115472811618	0.6361933555970617	0.10364550766554839	0.061252620867020824	1.3049014210158918	4.406756528899258	0.07918689129802321	3560.909992525887
-2137.6553756973112	1.2650570989346002	0.16046195359694976	0.031813915614325165	0.8193041254820417	9.787431964186728	0.13736016477042198	1800.7106577341738
-2137.200009562872	0.9511992891141992	0.14241411041970625	0.041000883648882804	0.9476310820824431	7.0676609796389185	0.11222651622313617	2391.4431615639505
-2140.3668574258304	0.9219534129474225	0.1400684772772335	0.043794836890895965	0.9440985902128608	6.78997640703546	0.1123297123357211	2472.165380770259
-2164.061795810394	0.7751625271386232	0.14423002955320358	0.041267956615953984	0.9187512097168392	5.48956829682476	0.11186017694560416	2937.104672096202
-2137.134059984953	1.0031821117494895	0.14841246739944913	0.03918215742223875	0.9124666539649404	7.497986449299856	0.11695026456703247	2270.2492699775316
-2138.0706971826335	1.0872446877884745	0.13379144602681012	0.03703848905440963	0.9790032999293742	8.281838733940205	0.11650994480752774	2095.457977458944
-2137.379684674073	0.8513622778747048	0.12958475906951644	0.045794489876607336	1.0479719733161748	6.203031478895089	0.10075610159004128	2674.8472910513165
-2138.3165947363173	0.888819350377271	0.1406260466804337	0.0432130402497262	0.9529835479890367	6.54083700513301	0.10994363846132818	2554.1824117650785
-2137.3702916383213	0.9150835250420343	0.13958150378181114	0.042416760945872496	0.970801106750028	6.760619042019928	0.1087511100831909	2484.5336722306306
-2139.891475833937	1.2742540414892756	0.13864736498487668	0.03288449085552428	0.924281975556887	9.998076858478102	0.1281143982346939	1781.0488686775695
-2137.0836562186705	1.1568216936648692	0.16296255019647296	0.03448600793464389	0.8235724418610681	8.844796405308744	0.1316770847125804	1965.7052587272576
-2137.396287188707	1.2578103414155761	0.19200563232233267	0.030748727811482964	0.703093849425285	9.668395485660568	0.15051556323950419	1807.3869202102646
-2138.129511456993	1.2786027507877937	0.15626786763736125	0.0318007312120116	0.8386864295351665	9.942520426289628	0.13564931801934244	1779.2369239735601
-2137.1103362666513	1.2981564991883365	0.1900109073458003	0.030102095223205887	0.712095851525217	9.995705695766917	0.15048917950867957	1755.0991499508848
-2143.233573911125	1.298814303173442	0.23908428834717207	0.028814626686984195	0.5847832926788773	9.879075779881962	0.16927697285732252	1753.7683689132596
-2137.1610055297506	1.2959445427001426	0.19021048855255035	0.03010738246375024	0.7037962129306806	9.996021243423636	0.15293699014923823	1755.9156548104784
-2137.1486577441897	0.9930737331768851	0.1477636739422577	0.039356787084379716	0.9146290503403786	7.423127377031474	0.11644609086489978	2291.0105962211132
-2139.659038554156	1.1878055910333134	0.19990453756509197	0.031965154348049654	0.6839929890083928	8.979905761480458	0.14960040220116153	1919.6573291036686
-2137.040384367582	1.069749010044616	0.1546636737946447	0.03676383680972038	0.8690639662773733	8.082361780927698	0.12372605779468024	2127.316345633011
-2152.6925918116845	1.3110564746072748	0.2551422849091327	0.0262830809376779	0.5469834439575199	9.897611378770307	0.18080261761445218	1742.3426583899518
-2137.405527594632	1.2883987038461622	0.1975432959720131	0.0301730116548505	0.6865253652355372	9.893688084872137	0.1532972935626556	1767.8715383723095
-2137.539966369172	1.2416378961774075	0.1611362276564503	0.032421803372364624	0.8250516726196228	9.54464998895678	0.13471564678791262	1838.366039319629
-2137.1271753751107	1.2036052201300116	0.17755369437602045	0.03262972475843541	0.765268771711598	9.188655624602278	0.13920557226325334	1893.2721510341116
-2137.029778562988	1.0050040700067855	0.14455172989730505	0.039172346311818054	0.9283335441108336	7.535468068812536	0.11622250972367196	2264.2256999203605
-2137.0843875877204	1.2721610288423761	0.17491104824844123	0.031136833184316075	0.762307541746589	9.815219521977967	0.14343722894109318	1790.0000476756986
-2137.0056564707634	1.2797353714018491	0.1811557631440115	0.030825360142990792	0.7402428390502571	9.862465056341309	0.14637766529250304	1779.7024085978994
-2137.3622582390644	1.2967688308208798	0.186052210031081	0.030948685709327486	0.7338051641464183	10.0	0.1458722245756178	1756.380530428445
-2138.042055692761	1.236266269693511	0.19683224793247212	0.03153203812932752	0.7004069100516181	9.517402361737687	0.14742104237318449	1832.8751090353617
-2137.3628689579477	1.2301283450017966	0.18857827951712405	0.031712344179345514	0.7198562720696897	9.422114008990416	0.14634091907740815	1849.1659229517707
-2143.58818515274	1.0918430892596755	0.07257019439417725	0.042350972528279116	1.6361280343273785	8.564973737749304	0.08476933116786	2084.4863202970496
-2138.0215494080057	1.292978071635239	0.2036107140860917	0.029586391705313	0.6696090326814828	9.889076095886505	0.15618853077103723	1764.7079218694203
-2139.027610918118	1.2656213682000703	0.14376634939030378	0.032583660609634746	0.8951145826843123	9.852033903986797	0.13054280587436723	1798.9383977556577
-2139.216492351428	1.2738568132888686	0.14327033121040977	0.03259723077044897	0.902735193149384	9.900108537098838	0.12951982828615158	1790.1807794924503
-2137.3892963970015	1.2815155875255295	0.19622214003933663	0.03029854607942735	0.6907364335644857	9.848089469154797	0.1527649551411411	1776.0902395182345
-2153.8395769156714	1.1565038929629683	0.05224622599033548	0.04225042846391246	2.093784533353193	9.891237116146204	0.07779475242514187	1897.2766514204297
-2137.697561710843	0.7060021008120644	0.10988884506015151	0.05481717928145035	1.2343933058608967	4.982344227556167	0.08515845232271446	3219.9488466218086
-2137.108017490613	1.2914475859046168	0.17693938890757455	0.03086797768134947	0.754303604368603	9.988994936844163	0.14508170886134508	1762.4170369986064
-2256.1264195270564	1.0296170922373635	0.06486391447286526	0.0398002916980125	1.6294595787025359	9.754481404853482	0.107902619986846	1984.5087037092799
-2184.8760642686675	1.1302876738580585	0.041659609234746084	0.03761339583090005	2.500106503541661	9.834970882370282	0.0791987509871119	1948.7271720673552
