# /home/maycon/.conda/envs/dadi-cli/bin/dadi-cli InferDM --fs All.cc_cm.folded.downproj.fs --model asym_mig --cpus 32 --output-prefix All.cc_cm.folded.downproj.asym_mig --lbounds 1e-3 1e-3 0 0 0 --ubounds 2 2 10 5 5 --global-optimization --optimizations 100
# Log(likelihood)	nu1	nu2	m12	m21	T	theta
-5374.774416968941	0.03702094718577925	0.09860826854437534	0.1423307976144028	1.424883263159631	0.5975686891245569	44249.86590223234
-5370.1317729962675	0.012930153319221833	0.03396555199622905	0.40679735475181006	4.1694105896290266	0.606759715552332	126685.04611872802
-5371.2366786723205	0.012913480176993368	0.03396549337851571	0.4071429112125952	4.169390950270813	0.6066842763247807	126709.21383779877
-5357.040198850352	0.014359499983245542	0.03786268817559446	0.37348037958738406	3.732573932903877	0.6346466600414102	113275.0161044999
-5371.2366786723205	0.012913480176993368	0.03396549337851571	0.4071429112125952	4.169390950270813	0.6066842763247807	126709.21383779877
-5359.717360069932	0.022820769598169116	0.059129164950365	0.23373926623397717	2.4123041042409143	0.6956845974066415	71572.33558623143
-5540.382763973826	0.013085384269767204	0.03410008199113901	0.3369499815181256	4.174481007038596	0.6164876395203551	126213.37482080504
-5425.340111843111	0.012895100180839898	0.033997017575510775	0.3855944509826052	4.170323908572056	0.6086136519807831	126575.99387313346
-5414.110246376303	0.01276250747365225	0.03401648779786098	0.3967588866602934	4.16868563343204	0.6088509073628818	126907.1983185691
-5528.55509031681	0.008996040549249134	0.0266821461006638	0.5381336321315343	4.94831879483518	1.7740638261980473	186040.7487038838
-5473.482358428305	0.013393198000476354	0.034156576052851766	0.3466478453633077	4.175673235027921	0.6202455866466833	126152.05328486084
-5444.507920025407	0.013426711735031004	0.03409541299720686	0.3554683275691732	4.173493592801409	0.6168377039828699	125967.91739051617
-5815.521407755668	0.014060209709878304	0.03440221650403014	0.24539899282909833	4.1919199214850975	0.5681553914572609	119537.67967822724
-5444.507920025407	0.013426711735031004	0.03409541299720686	0.3554683275691732	4.173493592801409	0.6168377039828699	125967.91739051617
-5531.176655103037	0.009430091712634977	0.027914891432548085	0.5114209298949973	4.733101436913243	2.896441204613182	177846.1243441225
-5852.928258772018	0.014726941969093039	0.03459045849877345	0.22501531459442778	4.199521841506498	0.5520292881237807	116903.55349576884
-9070.418757365112	0.003040413400091252	0.028074787467071174	6.632053717771567	3.725551599170927	0.32306709896107716	204885.36882736773
-5878.325163476155	0.015475897610400578	0.0346989947405951	0.20807146276993882	4.204049525170269	0.540382381992579	114640.52274462659
-5845.28428631524	0.014532112551245964	0.03455944406547202	0.23018790498719616	4.195049516406392	0.5559305271468736	117519.77439904508
-5522.381100957725	0.013806573498315728	0.04093135718468112	0.35287223814831303	3.22614390472456	4.695902513448239	121337.31879913234
-5532.724555054108	0.012061542752288825	0.03572956121139402	0.3992243172161757	3.6993411096756503	2.1847895212841553	138934.07637800378
-5492.435296082776	0.008796611535091805	0.026827956158218678	0.5818155679612144	4.945599060112576	4.870542741837112	186993.1538755305
-6671.214425680157	0.0037565122772963942	0.023602798066147544	3.270346096123567	4.95	4.95	259567.74869730364
-5510.373584132674	0.009338249186102371	0.027908057901128568	0.5308904705994132	4.730687082890955	4.928588758159123	178340.84899866217
-5547.060919401913	0.006588509174732308	0.025810792870871107	1.697351158672256	4.718685221005301	4.95	208945.0789619862
