# /home/maycon/.conda/envs/dadi-cli/bin/dadi-cli InferDM --fs All.cm_lo.folded.downproj.fs --model split_mig --cpus 32 --output-prefix All.cm_lo.folded.downproj.split_mig --lbounds 1e-3 1e-3 0 0 --ubounds 2 2 10 5 --global-optimization --optimizations 100
# Log(likelihood)	nu1	nu2	T	m	theta
-4149.31795786449	0.037111709478192915	0.006975024769079608	2.8232535885282224	2.7983228521465495	152592.85347520182
-3785.643045048896	0.04177809772307525	0.00793987849290968	0.4121454431743871	2.8720711457965344	103822.30255991088
-4148.949320940903	0.04872455506004274	0.00916394174054306	2.536379836933874	2.1303531976859524	116169.77358956732
-4149.328300815883	0.055669306594608	0.010488054187814757	4.377993973446589	1.8627395612223856	101626.4227260721
-4149.323091973825	0.04297195451333745	0.008073532349115438	3.6137654894086713	2.4159817466766205	131766.43941692603
-4149.130971382665	0.042836768894015484	0.008058219328212926	2.427828391268985	2.4230299396429036	132141.42321360178
-4149.1855405640135	0.034844124601308694	0.00655297056096424	2.086060186648614	2.980099156489317	162496.15118322158
-4149.318807708291	0.0565396620665149	0.010635194980576237	4.548101531421126	1.8357012440135339	100122.07507926162
-4149.320752984115	0.04400077323519311	0.008275782826149663	5.825706234053728	2.3591677507931763	128664.99336915942
-4149.321119338608	0.058973844698870764	0.011081163493153705	4.577480114264177	1.7602180026350038	96006.00539629467
-4149.318504130185	0.05259255787588713	0.0098839401340161	3.999105665860228	1.9737828733574045	107652.88194508293
-4149.32176989898	0.03876293302443289	0.007293552714390301	4.462802164089433	2.677121445443803	146022.16731704
-4149.320943001987	0.04130678481818208	0.00777049916503205	4.826213483050574	2.5121240922640657	137028.22758744628
-4149.328878191678	0.03597394794553476	0.006758142325340626	4.852035467276566	2.8875336403461493	157445.53420040524
-4149.321418687967	0.03500750943665451	0.006585206395131672	6.031087790167639	2.9655444283523416	161725.80634805604
-4149.320537223766	0.04201664811629392	0.007903055327584943	5.759067615422793	2.470156579475648	134728.2088133062
-4149.320964147966	0.06347924782580446	0.011943783814352814	8.96847005717074	1.635187560152705	89179.58623925294
-4149.325689677495	0.04135476957021461	0.0077764149868914225	4.854366500375723	2.50824273889943	136845.73367739277
-4149.321043582104	0.042833064262021575	0.00806028279224349	5.97297518674411	2.4228234848298795	132148.13965807162
-4149.32104759871	0.04077179414107189	0.007666303074731711	8.854411958893012	2.5460345460431313	138858.80128728694
-4149.320851327317	0.021524711562428085	0.004049762267801224	5.407657405336046	4.8222294986796275	262998.8450908986
-4149.320680317551	0.02886086091427363	0.005429257699526796	6.954977131248435	3.596504271397154	196150.4425829835
-4149.322927540404	0.02240111211669865	0.004216829021791613	7.4620759188908625	4.6310781490629775	252627.08837989683
-4149.344815332699	0.05402261271455505	0.010178143372539906	9.9	1.9217402980560454	104787.78144653435
-4149.32474357381	0.021168808409009667	0.003981968462705907	6.382577134158297	4.905750552713758	267495.66397862165
