# /home/maycon/.conda/envs/dadi-cli/bin/dadi-cli InferDM --fs All.cc_cm.folded.downproj.fs --model sec_contact_asym_mig --cpus 32 --output-prefix All.cc_cm.folded.downproj.sec_contact_asym_mig --lbounds 1e-3 1e-3 0 0 0 0 --ubounds 2 2 5 5 10 10 --global-optimization --optimizations 100
# Log(likelihood)	nu1	nu2	m12	m21	T1	T2	theta
-3276.4991258838495	0.3819260253096111	1.3647947496320703	0.017472382863684143	0.27888929938508483	7.814179240924675	0.3096380247063708	4528.270811020177
-3263.312314577132	0.3818943144190451	1.3715410563520332	0.017938044418769977	0.2786813049848342	7.796381377870382	0.315356294105054	4528.179644724871
-3863.0679678538913	0.39127407714545176	1.3406418774910573	0.013602023504531723	0.1799464866768054	6.961851943621475	0.5818568250875695	4743.007911111803
-3281.5024660387585	0.38472227673555065	1.368701433642359	0.01731406471599866	0.2671114598350718	7.787121242157933	0.32929668006247	4524.6064038524355
-3282.301882262818	0.3825119396434996	1.3647428926992105	0.017305758962961288	0.27816231976296785	7.8130805872015845	0.3108038241896961	4527.501174890354
-3295.229644728385	0.4000588533457713	1.3421231464055903	0.018396704465253447	0.23584130018619037	7.775815032618967	0.42279568110481297	4497.2413918298935
-3261.4945645523308	0.3766426468925349	1.3453004617170181	0.01810592959399356	0.2820606070570568	7.871690360675107	0.3093037473158578	4529.721806304617
-3378.9175304894634	0.40435590896491924	1.3329731678361822	0.014988949363369518	0.23578448019346726	7.829548466573175	0.38456398921415585	4490.143511504765
-3356.8594805258062	0.40399019484893384	1.3334454352663443	0.015414832916851686	0.23607394867196482	7.828687127316805	0.3868613579950552	4489.98768671619
-3293.2978333855235	0.38400311524430614	1.362734042939743	0.017020086847406996	0.278979148420542	7.809787981540827	0.31426981377334234	4527.176284762379
-4006.082407697633	0.38675796134908635	1.340953191993359	0.013139876592643325	0.17315909921623027	6.767793964832587	0.6158482192117126	4810.792402078961
-4044.373574082642	0.3817582696599091	1.335585882732683	0.01491164464470628	0.1701297595958801	6.557981498662406	0.664545397184783	4888.406517948737
-3360.492811852512	0.4004860259234218	1.335107244200284	0.015407824079416356	0.24186780508874742	7.819832955049732	0.38399100287394716	4497.9712312279435
-4075.758326926076	0.3834468997976504	1.3373491784633744	0.013159672081565854	0.1697274409749433	6.667832801576396	0.6410340058012067	4848.641141790689
-3329.758437932362	0.38777095682026375	1.368042597604638	0.01621270235493449	0.25763728831537674	7.775313238146755	0.3416795667206273	4520.703241706725
-5555.580789028484	0.009095500346812576	0.026737528256272625	0.5150534505698382	4.95	1.9130542918153564	2.9718772670429874	185394.14321809134
-3777.661001215993	0.4038036482981625	1.340756758728543	0.01085130775232612	0.2142183861193704	7.786633745085783	0.39638029354754384	4494.516687464763
-4380.623486694629	0.34907627873059255	1.331271571257933	0.013468261992808758	0.15877365765633591	6.223090447331079	0.7075009927715363	5066.179726682571
-3767.6131376887433	0.38879828060935806	1.3360952402552915	0.01478738254368717	0.18091421454240011	7.009742311296098	0.5710948885447233	4735.818170977511
-3357.451376237983	0.3916335503259269	1.3607287417726235	0.015535993595832373	0.25594316831420455	7.781053436828604	0.34999464698141847	4516.179405242106
-6561.15318280092	0.003997369511389486	0.022678146542968302	3.5045523456081287	4.95	3.324112518111172	2.79819892096413	265321.178063321
-4006.082407697633	0.38675796134908635	1.340953191993359	0.013139876592643325	0.17315909921623027	6.767793964832587	0.6158482192117126	4810.792402078961
-5521.877069189975	0.008825059849134441	0.026238995970255915	0.5570423844874772	4.95	7.321777223242033	9.9	187759.33931952462
-5547.377460621755	0.009749445304649555	0.028775212181078005	0.48560117038675915	4.5964530114052184	9.9	5.497098965164732	172405.75278722652
-6856.606285115546	0.003996044587901724	0.024215359416209937	3.9396442123940454	4.896031370512717	8.065564484109625	0.7634393969109202	235143.39257871
