# /home/maycon/.conda/envs/dadi-cli/bin/dadi-cli InferDM --fs All.ei_cm.folded.downproj.fs --model asym_mig --cpus 32 --output-prefix All.ei_cm.folded.downproj.asym_mig --lbounds 1e-3 1e-3 0 0 0 --ubounds 2 2 10 5 5 --global-optimization --optimizations 100
# Log(likelihood)	nu1	nu2	m12	m21	T	theta
-6650.924543000446	0.021603482490089414	0.03348209360866125	0.8631552636828378	3.918717802818491	0.854577507868494	142080.40527357766
-6652.330290723946	0.021621119645975018	0.033514366284758436	0.860470191178562	3.918793279778456	0.8532824324009908	141941.13632371346
-6650.532660161032	0.02155511911956588	0.033410129051247475	0.8657211318553306	3.9186163752571295	0.8554038198242078	142296.96403407416
-6650.532660161032	0.02155511911956588	0.033410129051247475	0.8657211318553306	3.9186163752571295	0.8554038198242078	142296.96403407416
-6652.330290723946	0.021621119645975018	0.033514366284758436	0.860470191178562	3.918793279778456	0.8532824324009908	141941.13632371346
-6650.878898723693	0.021557171563622305	0.03340982640179318	0.8651118770554728	3.9182905183230017	0.854986098835102	142266.32161845468
-6652.330290723946	0.021621119645975018	0.033514366284758436	0.860470191178562	3.918793279778456	0.8532824324009908	141941.13632371346
-6657.7727766854205	0.022336389148183755	0.033880796395016136	0.8297251160065732	3.9425651873281202	0.7591473756174278	136728.69231520663
-6652.705181227403	0.021178697197839488	0.03325144919009755	0.8807518148090036	3.9067118456505123	0.9240797885694799	145055.5047944728
-6672.455785864303	0.01695204284381075	0.027684004787386356	1.0964652739747862	4.584364306583065	2.0697867248743926	181701.58091372927
-6651.990452616547	0.016834625003911897	0.026172402842232528	1.1099783545645634	4.95	0.7334611699095472	181272.71544911864
-6676.576049940758	0.017369522325078202	0.028141754719342455	1.0569732997747772	4.523309508143709	2.3550428048692447	178410.45069221396
-6650.153042062031	0.021717294185143343	0.033566753126732046	0.8588383378551554	3.9188097490339544	0.8531830918142724	141702.83870368585
-6649.255897164812	0.022008063361780853	0.03379598835217036	0.8503996486803277	3.9299177950851263	0.8180986639567067	139845.26370480433
-6660.602746557701	0.022329972548512256	0.033930074788115834	0.8284739692103003	3.943247622715232	0.7533482338096229	136407.0703152769
-6660.307110158379	0.022963191714489364	0.03429607071858872	0.8075078057142435	3.95136897295329	0.7296169482196174	133786.05787166485
-6652.422845920034	0.021642514791852013	0.03351946462994207	0.8591160327568215	3.9187007573393844	0.8529747898050218	141871.9163785159
-6675.453134252678	0.016744289352434858	0.02719128513581333	1.1000666562656742	4.676020425865717	2.048843420758524	184715.63478627708
-6644.811797474188	0.016445148630566637	0.026116058741690183	1.1723740319541205	4.95	0.726886514977104	182882.7214901498
-7532.146928768115	0.0445391286034095	0.035049877643613565	0.32240282498936434	3.9730786483946643	0.385393676984091	81595.0356703602
-6652.343510227283	0.021657570225589496	0.03355330648469118	0.8587964632207236	3.918670328202769	0.8533192151076051	141816.48651987163
-6674.466566783559	0.01650933467211106	0.026834312721024888	1.1183187654512803	4.738408847675611	4.738783632320866	187266.80493017213
-6677.1920719270975	0.01576278668223186	0.02550384324829996	1.1645438945976267	4.95	4.95	196076.6297657535
-6652.047216556971	0.022313874955291996	0.033833883244425204	0.8375044982218203	3.9419030801587396	0.7633212276457515	137089.4931069389
-7099.553514273717	0.03589620342143675	0.035757229682127675	0.49423154483809195	3.963128781135065	0.3852670208305885	87647.15095330782
