# /home/maycon/.conda/envs/dadi-cli/bin/dadi-cli InferDM --fs All.cc_cm.folded.downproj.fs --model sec_contact_sym_mig --cpus 32 --output-prefix All.cc_cm.folded.downproj.sec_contact_sym_mig --lbounds 1e-3 1e-3 0 0 0 --ubounds 2 2 5 10 10 --global-optimization --optimizations 100
# Log(likelihood)	nu1	nu2	m	T1	T2	theta
-7293.624599506172	0.011019582545783509	0.07397170305417575	1.4184033264132925	4.1232311911952895	4.140599990587683	86435.04992963556
-7297.500464339099	0.007697210542760508	0.05173371764068009	2.0211846352370118	3.547342371687749	3.7276761671697036	123415.6093613616
-7292.496483660391	0.006425777780272065	0.043088350948627105	2.4338894213144506	3.5784998163738653	3.119107666579037	148370.245844193
-7294.8436134285685	0.007860693478640731	0.052812872427046194	1.9868183600844485	2.8287916409872427	5.775324702958803	121110.1098309335
-7295.503371522259	0.005508874607612489	0.03713095383445077	2.849687699642584	2.612160232297374	5.364882255667078	173059.38224112045
-7291.5652403265785	0.009098157078854762	0.06092091123875883	1.7183115067356534	3.3348984594154896	8.993795411331384	104828.27436296198
-7295.27919711909	0.010603116888199758	0.07115965713635436	1.4697602720035718	4.816606296284124	9.315996985655124	89723.68396603783
-7295.535749476763	0.0065035454056393	0.04370683685742898	2.3992604343271533	2.9306107715831495	6.957396385725144	146299.321142602
-7290.782061170881	0.009717084541102603	0.06505758811559877	1.6106510268306893	4.701303739241867	4.582084200942157	98209.71516298842
-7291.84143414995	0.008706317735918286	0.05830689735317989	1.7950509021248997	3.6392141478016558	7.848233553056023	109520.33782280168
-7293.526250548959	0.007170779491416572	0.04808052639195029	2.176859384928207	5.093768071073044	5.330508575814471	132830.50350695342
-7290.577454169456	0.004784508738051738	0.0319795932635435	3.2655700436235526	4.274458208033998	5.595068029302511	199415.94575581898
-7292.19565688011	0.004123171946774297	0.027651866891235184	3.7959123730898536	3.3844299751780684	4.588271760730467	231309.02037262608
-7291.868737346316	0.007881339643063366	0.05276917996267844	1.9826786034708683	7.21130396187757	5.165758167317499	120987.2851723138
-7291.0582692787475	0.0077361693781254235	0.05182720174593961	2.0240592509618462	6.715450403110517	7.208047674159666	123361.59092179834
-7287.463519352548	0.005148393919162215	0.034401095410210004	3.0495725426390297	5.0648085541975085	6.31681871675447	185810.32162151806
-7295.082081766874	0.009701508937280928	0.06516656630775504	1.6086399810470944	9.9	4.0817480990443595	98082.02140053042
-7293.849304719768	0.00898921108009798	0.06027327244815689	1.7357168967840224	9.811092495759764	8.137873513437809	105935.42436837118
-7293.187843248958	0.006158000722264276	0.04128592032577536	2.535979659710885	7.167058797215231	9.628436240183087	154716.86396357766
-7300.532594640129	0.006649016229006096	0.04493002468991066	2.346073478702318	9.726072641609248	5.727550901536294	142774.19746846383
-7291.497701430079	0.007511509894037915	0.05030742549556624	2.0819251021239222	9.131392064860066	4.1918825367993024	126980.66636716323
-7295.025079939648	0.004092872124416177	0.027449200498151444	3.8068247820556738	7.805762422116075	4.587593042199073	232478.11164076367
-7289.591092115951	0.004170714921591616	0.02788441360850904	3.7529532298372144	7.983928761195713	5.194346772183998	228954.42988878078
-7290.59592576848	0.0036834825813201622	0.024672857938753033	4.253309090073661	6.960342765014471	4.790536102669042	259177.05720622928
-7290.860167463308	0.003310811925866957	0.02218454910559928	4.732885067052954	6.152799485100896	3.6319658160503376	288336.5413902681
