# /home/maycon/.conda/envs/dadi-cli/bin/dadi-cli InferDM --fs All.cc_lo.folded.downproj.fs --model sec_contact_sym_mig --cpus 32 --output-prefix All.cc_lo.folded.downproj.sec_contact_sym_mig --lbounds 1e-3 1e-3 0 0 0 --ubounds 2 2 5 10 10 --global-optimization --optimizations 100
# Log(likelihood)	nu1	nu2	m	T1	T2	theta
-5229.296923619392	0.04490895464256821	0.04780083508984484	0.9801952271060098	0.02034931876155367	3.8081033560527873	30434.522400281156
-5228.733441539734	0.038058026963838386	0.040498494212640276	1.1561124136606866	3.207839274444674	4.986826086863175	35923.665315432336
-5228.576694755694	0.03595889855565732	0.03824768313867314	1.2255677429872902	0.38935076650306866	5.448353100171238	38061.70935185925
-5228.813123929139	0.03245537356024309	0.034542862699819016	1.356444349494203	0.5318272580917908	3.6568143783767444	42132.99160495913
-5228.936335730787	0.03302072779860738	0.03518174224515781	1.3326914436764294	2.6072775860092285	3.9918133565105727	41390.314989574435
-5229.855127790565	0.0326593905333455	0.034859962840888485	1.347409964387004	5.280646395055621	3.7046221524016123	41801.00337681009
-5228.648958709385	0.044595576871683	0.0474121860403632	0.9878053199803644	3.011488814666858	6.105498634276636	30684.341411876092
-5228.564672621456	0.024877409688685553	0.026453905718194292	1.7696271775467807	1.755307920123432	6.864776241384712	54988.411567925745
-5228.562313072522	0.022013610345857627	0.023444160689384375	1.998429014922053	2.739648128075401	4.287812122547988	62100.81325334531
-5228.566950565846	0.020326389020230987	0.021676929728930656	2.1650480453269902	3.543288932006087	4.619377371056968	67250.52622560617
-5228.922809212693	0.0346451290945941	0.03692689740213903	1.2714333953143466	4.6406689496997435	4.407558566312759	39467.89364106207
-5228.569987616898	0.02332893680407396	0.024854466813539852	1.8856384628704366	3.1770409862151916	4.019018021554709	58592.8755342441
-5228.632896919552	0.03067366835160305	0.03263730141413508	1.4334192040865121	2.369842728181475	4.408911877703594	44560.12905637909
-5228.8852698824085	0.02193576064407164	0.023380938908338308	2.008362512289874	3.2618968883261976	2.874113007761735	62341.522068386344
-5228.647394767231	0.02621434253490721	0.027883443664903352	1.679407756478029	2.881649617336038	3.805577249340812	52178.37037152525
-5228.890438408103	0.03930583493204984	0.04183357972682274	1.120575630615136	5.970459439273985	5.087114049061715	34796.75659969964
-5228.568915770891	0.022022353078288353	0.023453953332110502	1.9987883863399996	4.217012948752686	7.700256446141777	62095.07580048416
-5228.584731056596	0.024483893479709723	0.02605959980966269	1.798184057479723	2.827534928558045	3.999588220811333	55863.4781052322
-5228.567177821991	0.018020581536635032	0.01921752628242411	2.439535756735953	3.1532811774353986	3.727450916296752	75813.78490215245
-5228.834900257306	0.034453169346103825	0.036713628001990836	1.2771093228189714	6.029236847185893	4.599499875515841	39668.95873547709
-5228.874219237751	0.05505784327556329	0.05873680665417518	0.7995603354274798	3.5899095437550503	6.596158589855076	24823.999781858784
-5228.680243440673	0.023733425201237644	0.025223590885994542	1.8575463967676376	4.505458872925302	3.4861591113624555	57682.941182377
-5229.484140213366	0.029917497542395668	0.03184238505722997	1.4731450293543487	6.843013816621645	3.6386958907782434	45708.08730080693
-5228.620161296474	0.04167877780433954	0.04440083744160869	1.0556421459466263	9.370962383404942	6.473382992573543	32798.55294731673
-5228.923025746579	0.04122715950017621	0.04383515458073863	1.0683159560793452	2.7813709950502865	4.903896222995955	33179.68290206764
-5228.582597435937	0.04260584802221543	0.04545146862953858	1.0314300681030288	2.383486533621158	7.079054866244432	32057.40918449611
-5229.166002941318	0.03400427671456362	0.03628062051878816	1.2936537914155724	9.01610988304669	4.374177359257889	40166.767814304134
-5228.6269549328235	0.04899523764819879	0.05226947286575054	0.8976470288047875	9.792041862935074	7.606409874901648	27887.55165607765
-5228.77960605997	0.02733380237984336	0.029115861004359856	1.609140268540609	4.064363080386693	3.690611980400807	49997.13518694692
-5228.57016017711	0.022488503817554812	0.023898446291312905	1.9582941780021146	6.804354008303769	4.369878663965937	60848.06608714956
-5228.655580381473	0.04356062195398692	0.04637038988114857	1.0100507142634485	8.688579614271449	6.498566683476316	31385.617915778566
-5228.844916315612	0.05128283932324485	0.054547172945228255	0.8585535250959556	0.7339367457405931	5.4044094922730075	26669.045608872744
-5228.67292274313	0.048114400599376314	0.05112756523644841	0.9154772447975397	9.198681491963107	7.041842749118748	28441.090275622577
-5229.848675834211	0.030007913129891046	0.03185470467600657	1.4685695331841084	7.9569974806340475	3.5773071279734414	45576.66794982012
-5228.564988257536	0.01848065587026037	0.019666202606134345	2.381717773174386	2.765688494622655	3.9670573062009318	74004.27540809328
-5228.628288895218	0.03313189882844098	0.03527069360311108	1.3295344433366532	2.422576148239857	4.727398604069194	41290.87472634541
-5229.834988868314	0.032143448061794304	0.03420689945048803	1.371686260047656	7.293913199428133	3.7692726735715074	42540.009866828805
-5228.636841493329	0.0343423780056161	0.036481972429867816	1.2827328821952488	3.382248015340317	4.974567310868329	39852.20644562725
-5228.568415604508	0.03686345437340396	0.03920410202807492	1.194297760694117	2.90675413870501	7.1438406485471875	37109.23035212121
-5228.679216499754	0.03793647247435726	0.04030636471064968	1.1616349801073311	3.711335343954618	5.265427104780056	36081.46223981553
-5228.569366273176	0.024367664627190443	0.025957993464365867	1.8047705104969494	2.6815293941942766	4.3119108095538605	56088.6404495373
-5228.652070074155	0.03898392610378101	0.04152959621676927	1.1279401695012483	2.8799303903009768	5.40597521045634	35054.02267489059
-5228.568567483179	0.018538708647278232	0.019722016493312334	2.375902494391998	4.088981475438378	4.702156332139519	73803.90674672888
-5228.569204249278	0.02450063691321597	0.02608875947481718	1.7965450218655055	5.217535348867958	5.243342111932843	55814.835008637034
-5228.58423719561	0.02788870700898787	0.029695049715973046	1.5776592614449856	3.7606310688946	4.525780532953281	49023.199727683066
-5229.40921881635	0.036459574217593466	0.03881349320829114	1.2079721220289306	9.91009957730768	4.532364579116229	37493.16277925983
-5228.567810036942	0.018196055039285813	0.01939599230011247	2.4170756616977584	6.6312123402794105	5.145698778818429	75106.67164952961
-5228.653294122998	0.027051959773576956	0.02874846343560915	1.626920833819503	7.737510128115072	4.207116445842183	50563.24246564302
-5228.56647910395	0.03143931672648617	0.03347360761434701	1.3991689937068335	5.754006214999806	6.3683553975629925	43482.80874407249
-5229.487704314127	0.05356948110703944	0.05687231223617568	0.8218165620725496	0.02384174213100177	4.10793183275885	25524.522908571387
-5228.562699477582	0.029258567273262023	0.03113434396556198	1.5049319744427618	3.301155612240635	5.727661610641983	46753.07302414225
-5228.892928911068	0.02802083942200299	0.029791846524893393	1.5730456810254316	2.0721627131997717	3.435357382571911	48839.48300304245
-5229.152201786938	0.05356528498693207	0.056964338536537464	0.8213905024608378	1.4626174091437238	5.459808562449626	25517.19013237776
-5228.564860087372	0.0226304885286811	0.02410561999236294	1.9446526845558971	3.4793738102972376	6.5406633261472225	60417.54287079475
-5228.577207927194	0.02330067849301062	0.02477594513458919	1.8894405064223518	8.451838206640575	4.16001234203778	58710.2962341196
-5228.561815026675	0.023958286461567557	0.025528833706691192	1.8357475373165302	4.392893867886444	5.133687202863163	57046.68743949808
-5228.566058937153	0.020702901051589118	0.022049374834631635	2.1261859680785613	8.212221606272276	5.942227749439604	66052.34893170187
-5229.1472602958665	0.06021422974828172	0.06396697479733968	0.73148959603135	5.358413121052161	6.9338077274922885	22717.565118057268
-5228.736563176379	0.05335491746972598	0.05674367928304704	0.8252977018962276	4.538053827498025	6.928466112923185	25637.675003860742
-5228.708822349474	0.025852530731939296	0.027520100095590062	1.7024567192652598	7.357486479115306	3.801773081148135	52889.924373973045
-5228.767271448473	0.031665133258479854	0.03370867458201761	1.3900460448917924	8.244866667001537	4.498486044757645	43180.721249296475
-5228.564640829418	0.028173610087011025	0.02999675179515529	1.5631011856274473	4.374788269396453	7.30395317737526	48551.97095390014
-5228.736516435147	0.015874714979896995	0.01688612958826051	2.7742342523616847	3.7592813289562463	2.296178380400428	86172.37090664414
-5229.736327502878	0.03403070211334892	0.036260777350612276	1.2942210341932048	7.530891749586689	4.013856806873779	40151.588528752596
-5229.398113395528	0.02312667010987923	0.024643173465344424	1.9043332959383719	7.112328118059152	2.9275610148277673	59097.80648979119
-5229.101095989721	0.0292950581409782	0.03122031247840799	1.5022454015836455	6.7940809084832186	3.768982820036303	46646.75298680036
-5228.620734591276	0.028759911072946138	0.03060718089585491	1.5296936209617036	7.086772666679843	4.51588526377246	47538.33314998974
-5228.581304453645	0.03148934937648045	0.03354291083691766	1.3972954683299188	9.677362606691354	5.569594031898611	43415.09919642754
-5228.986992552407	0.03765078627880424	0.040163787922010356	1.1688351754754986	6.782213380556049	4.83692863446303	36291.3718963619
-5229.300331656804	0.025740368463158143	0.027377787808176676	1.7138291699320374	6.063468115285947	3.2188864798341585	53167.887199783
-5229.055872282418	0.030153608125636833	0.03209722668083003	1.4611880366403596	7.408428579816222	3.924194112279758	45358.62986937642
-5228.845168645665	0.017188306080549356	0.018275613852080583	2.5619814079368277	4.267962548162171	2.386019068942799	79582.00797708324
-5228.929260921824	0.017312881622200137	0.01843439389677209	2.5440363886175517	7.960728081818357	2.45510687325426	78989.68216430579
-5228.565384997748	0.017995505940545584	0.019187384539372715	2.44412968409397	6.593819769225446	7.921552509991384	75941.77137319697
-5228.572753285374	0.022126407672355512	0.023542971186615122	1.9915664594726417	8.621045863886414	6.215661359238179	61849.792091295785
