# /home/maycon/.conda/envs/dadi-cli/bin/dadi-cli InferDM --fs All.ei_cm.folded.downproj.fs --model sec_contact_sym_mig --cpus 32 --output-prefix All.ei_cm.folded.downproj.sec_contact_sym_mig --lbounds 1e-3 1e-3 0 0 0 --ubounds 2 2 5 10 10 --global-optimization --optimizations 100
# Log(likelihood)	nu1	nu2	m	T1	T2	theta
-8145.978396609015	0.020542425127255386	0.05786284852996334	1.7369859569403199	6.591432072448734	5.018356744051107	106176.11217387365
-8146.048995860375	0.02026746710208177	0.05714274496266824	1.7613780133023944	9.900568894959967	4.155484246050936	107598.18130439374
-8146.058997303932	0.021193539226200167	0.059444739872483915	1.6908712009998805	5.534230518188587	4.526779160849017	103270.61170085786
-8145.980809235696	0.013407024128767658	0.037654866444795716	2.668030601766979	4.972681769375312	6.9931089846617995	163037.16558802032
-8146.094507749929	0.01376423811995417	0.03880316847629862	2.6004197507399422	5.3428686507934735	7.858944918349458	158646.87600963048
-8145.984623742381	0.015123228760762076	0.042657394685432025	2.359906590347083	4.6389518112946675	9.901182561495919	144168.45147403676
-8146.019601931254	0.011967646507949858	0.03376339096722234	2.9799090796825354	6.761533310356241	5.741698963632101	182105.3779618631
-8145.95693901867	0.01108576759989142	0.03119771328898866	3.2244423522356898	6.572663766437312	4.314629076730779	196975.06913720976
-8145.957895328651	0.012940767280167825	0.03636758352780766	2.7652877309727826	5.2694126677226345	7.976588819311814	168907.8234469273
-8145.99826531869	0.014864283270901774	0.041714491123719166	2.4058995930557563	5.56043782933299	9.797647873869492	147077.63524510607
-8146.000699791724	0.012617475745365982	0.035564059725641736	2.8260680438189523	6.566603216583212	4.716263619390799	172770.71539412878
-8145.950644170436	0.0170234043683408	0.04789335143819873	2.098423012123694	9.229560510888632	9.626127081462565	128245.85232140662
-8145.9983900863	0.012874768201343964	0.03622059540467491	2.7781161563379464	6.182306005418431	9.89514163360643	169673.0649482656
-8145.984716179895	0.01825863143938275	0.05149935663254801	1.9556790790222456	6.519895357524004	8.670079439611008	119442.2724778098
-8145.966674820418	0.013569320242225083	0.038107252922334515	2.6365750624566147	8.921776019383252	4.56434331146326	161105.11019616414
-8145.95717986735	0.009125070852850838	0.02568892405418247	3.9124061965449055	5.522922875918346	7.445038233462495	239130.53216932554
-8146.011307268353	0.010888619116525748	0.030715860361135553	3.27333608760597	4.3182368971154395	4.1357619119706746	200105.25369036256
-8145.9908326099485	0.007223953289049305	0.02031471258880533	4.954745339460737	4.297980677560616	9.893553804221035	302539.97677313135
-8146.000078598788	0.01577791153755371	0.0443730972736045	2.2633950532859957	6.135613912818044	5.797501486830483	138367.77036243505
-8145.960969800277	0.007935377147854649	0.022345755470320253	4.499846007674334	4.606214160819021	7.8879887199369545	274981.13967940444
-8146.071764148717	0.01668726554683023	0.04703464623191744	2.138107159490434	9.892547801579578	3.4194261138789828	130661.03489956235
-8145.958656979274	0.013503911062300561	0.03800686781834835	2.647894619890406	6.533262315877402	4.090069104798995	161721.22350067
-8145.964584749803	0.009156736177397928	0.025747116825435148	3.908652108442807	5.303539617716804	9.900228822061052	238682.10416980064
-8145.948455294008	0.012068981938687846	0.03396403264708209	2.9619933448933566	6.170527395926677	9.908009450293244	180936.09772796326
-8146.03751756475	0.012710233502434349	0.03575840870678363	2.806192027682013	8.941042801099776	5.261990899849986	171642.53430487565
-8146.006098304244	0.019302476643325052	0.054161481017751124	1.8534915973767558	5.3744143758551095	7.866071904102161	113288.45556409477
-8145.973050206756	0.009789169432610562	0.027591587039917924	3.644549436054554	5.341762379303304	4.842469856668858	222745.6390132838
-8145.962339571043	0.012079183058485153	0.03396419586491787	2.960298527624654	6.394713218013351	9.887444042882246	180858.9639954924
-8145.950459948145	0.00720549334267107	0.02027465878276211	4.962410369118424	5.1633212014346	8.142324464722387	303109.84184703603
-8146.0129789399325	0.014478341139214885	0.04084695289274968	2.4654814501075952	3.5033741521338424	3.166302042466744	150589.81956705466
-8145.985484596705	0.008364519455994044	0.02352795169170421	4.280235684434003	5.835379191510546	9.899913066257792	261295.4091123774
-8145.961095141688	0.007802377959837891	0.021946093013004247	4.577449462820879	6.0585342970799365	6.748465790129413	279804.85989374353
-8146.020638636914	0.01645311884235929	0.04638395392298592	2.173525268917239	7.694945253222705	8.94898831917184	132664.53554959607
-8145.9956153315225	0.009447811624290188	0.026542218240512113	3.789380645588256	6.694522379242499	9.91264807446652	231432.0095760582
-8146.013916397661	0.009026746757644066	0.025363011118562127	3.9577832830897375	5.103680100060108	9.493144936232257	241976.28339417535
-8145.996901734255	0.020328773971722672	0.05724085477711855	1.759641343472136	9.86282657228891	5.878113978793672	107431.3016669006
-8146.039529638052	0.016797011923009253	0.04719809043511189	2.133862562963561	7.783993060297909	6.502801502031509	130234.44453665623
-8145.956130729938	0.012200567202502965	0.03431192097948265	2.932337343081086	5.040023032366452	4.9911580654241545	179090.5255077871
-8145.990425307317	0.01143413497998359	0.03225880759258561	3.1219885354115005	6.713116806928396	9.69651545582465	190687.85114538888
-8145.9598751119765	0.01630278079646127	0.045933277563970115	2.1898544637163444	5.162716158482707	6.264249557293779	133808.88302285518
-8146.2956370901875	0.021515569411199247	0.060491065497748686	1.659506620001981	9.889692722521517	3.9117944932142263	101444.67051380799
-8146.03488633029	0.013896867034973923	0.03907493902359981	2.575140129571313	9.895951509885329	7.367516952402034	157261.96045870235
-8145.988035939185	0.025478156313252117	0.07171794238001103	1.4018367356379577	9.888768598033932	6.397882922046711	85665.60516116204
-8146.588370275706	0.01575454679654315	0.044345241019125056	2.273227404261738	6.767959438876043	2.693841798331188	138651.184886753
-8146.038548906351	0.01076877344083554	0.03040857342172511	3.3101415646227292	7.907240606335944	4.062286799392448	202272.16134523388
-8146.079379740253	0.020188479108024564	0.05699274085849198	1.767553329797273	5.135860185747424	4.045613845143894	107952.86399566894
-8145.978629901713	0.010402204595793704	0.029265534383119057	3.4346523052593065	9.310185899117847	5.725042274407267	209892.16172270096
-8145.978909000258	0.01738007206285155	0.04889906160092518	2.0542535075725716	6.400996395668142	9.658456995423073	125580.43405600685
-8145.982033632018	0.014285240064230268	0.040106536532438786	2.5036679089033607	7.859757845377235	9.464604683760783	153023.93759337184
-8145.968994152518	0.012250191963904623	0.03453321431773715	2.914854291921125	8.2469665009749	9.141390960748023	178058.8098822197
-8146.068966717101	0.01425923211036235	0.039987001618010456	2.5105424312572446	9.894592588901675	9.911087288893672	153430.9493158358
-8145.951597252793	0.009987941087693561	0.028094149831519685	3.5795320758484444	9.906350879276243	6.970187872642466	218682.66168008387
-8145.958019309454	0.012807884078178818	0.03604893275006228	2.7875980165784475	9.907652646850536	9.915713411223667	170388.16339370306
-8146.0059336651375	0.007194329077990387	0.020238205611376382	4.965623864743489	7.3798485298522145	3.9715296710270382	303478.6527601804
-8146.032825220327	0.010188970706152992	0.02858007708323142	3.516885059759829	9.889515199693795	9.893370108157116	214802.2665506816
-8146.078833997561	0.007378310044653184	0.02070586102431861	4.862477639832286	7.073805584577601	6.173020364571419	296747.9337123432
-8146.027832106074	0.010847487082166868	0.03047713705235992	3.297367092584038	9.900306067871734	4.686381945802805	201476.3919302803
-8145.99304788937	0.012158903535756114	0.03420594939279738	2.936746370006258	9.891996191443164	8.941371403015985	179522.8206285503
-8146.080337551632	0.011259181458054913	0.03164998728171627	3.174374161021139	9.897451616651392	9.969748083764214	194006.18127915252
-8145.952910126367	0.011749799664221964	0.03306145170169642	3.039638671376676	9.910695867000737	9.498964279040319	185779.11340359045
-8145.978990190325	0.014526821546589604	0.04094256517320556	2.4598676995440334	9.913024402739945	6.4658913756361285	150216.54769292477
-8146.029179640586	0.011008464102536997	0.030891404443382762	3.249782371420485	7.987187268257341	9.91823519485968	198632.44782557583
-8145.955716763036	0.007279450667675073	0.020458978182548097	4.911057506568838	7.776779055896133	9.491619255925167	300124.09216542105
-8146.009761566157	0.007850238448487968	0.02209038576677249	4.547948918710389	9.899748347022431	9.896454421706126	278011.73438490636
-8145.97424737785	0.012191199241149303	0.034225360265402134	2.9352503471694837	9.902687660276882	9.146230857661156	179355.9520721802
-8145.951680277143	0.009327985614333605	0.026248611826407864	3.8303258538996436	9.906942339770083	8.470634869040255	234050.90594939483
-8146.010240681478	0.012106616368253652	0.034128176510821624	2.950568919698654	9.66374721938417	9.892564345062755	180204.0006331369
-8146.065790702179	0.007234124900073186	0.02027120640777473	4.956352208620763	9.039218696347149	4.554635401109346	302730.6076743439
-8145.990268552839	0.007271335547076448	0.02045392456582233	4.908070757077426	8.097804237517002	6.743642379959956	300126.60288617725
-8146.0117813820725	0.007300645645991685	0.02057550168384592	4.898820852808755	7.305404152419761	8.376675679039579	299023.7156588096
-8146.092882981371	0.007227941656305213	0.020419525573150188	4.928173722724863	9.882857943418994	4.816212198557846	301212.014715465
-8145.9613599799895	0.0072283461852290076	0.020364750704776755	4.9391947319678655	9.89721790069389	5.283200548704865	301804.05563528603
-8145.953935901792	0.007193359199866348	0.020221266189118393	4.969897040393222	9.903983661469415	9.695642769698964	303695.7990773875
-8146.036191166527	0.007227802794164543	0.020292929234751105	4.96067995551266	9.87745202608979	9.924006200064968	302791.39574877295
-8145.997207630029	0.007293884497124807	0.020517847659972773	4.899726540529152	9.906463208100238	9.889986260096828	299392.20170293155
