# /home/maycon/.conda/envs/dadi-cli/bin/dadi-cli InferDM --fs All.ei_cm.folded.downproj.fs --model split_mig --cpus 32 --output-prefix All.ei_cm.folded.downproj.split_mig --lbounds 1e-3 1e-3 0 0 --ubounds 2 2 10 5 --global-optimization --optimizations 100
# Log(likelihood)	nu1	nu2	T	m	theta
-8165.330745163543	0.01788545161121533	0.05327420041617672	3.778857721562278	1.925831041703027	117634.9054987768
-8168.28477154442	0.02551109390177709	0.07626798461344762	4.221189336461945	1.3439288873504938	82182.85395660179
-8168.0593091951105	0.034631312582912965	0.10355565705803427	7.251826641182572	0.9916884047362302	60586.744733690386
-8164.0516133055835	0.02290586499282417	0.06808108748749939	6.2546043444059825	1.5038943680684798	91926.89079448326
-8171.050738209058	0.010818400029714736	0.03233216445059413	1.2947981253449847	3.1785487727331656	193580.21421774224
-8170.24753135438	0.015343608654766076	0.04573669411794001	1.645706747264764	2.247011064195444	136664.25046966248
-8164.208855027058	0.014566828290163243	0.04331443342041471	4.153828177609862	2.3655812978002158	144551.57533950813
-8164.701328494817	0.024093845055075665	0.07167063875723834	6.774627362536604	1.4277635498329806	87312.37101746292
-8165.633568361622	0.013961710135805126	0.04159963112273563	3.5456724410833083	2.4642896567580257	150599.601129498
-8163.300273674858	0.010349329326214051	0.0307225451264171	2.048554271649817	3.330672789185619	203603.2688628209
-8165.86232919356	0.018920715124914753	0.05640314245792491	7.882688133192914	1.819114534416337	111129.10704634966
-8166.057980875528	0.01795039769431754	0.053521927221914796	6.332126868029056	1.9166356555137343	117104.32954244631
-8166.538313863201	0.009784905169397447	0.02919124192633536	2.783109612482936	3.5123205529269383	214678.97907319624
-8165.638161815927	0.01603836223113823	0.047794521678058664	4.95163315418972	2.1464237675094755	131127.50787346088
-8165.003926486583	0.009309144096217217	0.027707981299151887	2.927770647313426	3.696368317012486	225963.6676253661
-8164.504834465003	0.01155577802888227	0.03437874409045231	2.864876566003168	2.983702032368724	182233.6904119524
-8163.625997731792	0.022799665773536808	0.06768621815220302	8.948063696700316	1.509128221335648	92342.12142349445
-8166.563354508154	0.012890992043308255	0.03846820063870036	5.966941672691018	2.6685416758715044	163008.2826298482
-8167.909692416816	0.01032801620292457	0.030854928368579056	5.316664162153942	3.3178606893541818	203009.17825504893
-8167.146727675961	0.012985704787792292	0.03877874970042354	5.704893269695066	2.6467248397428174	161711.1227186517
-8167.841267175695	0.00953684127087176	0.028496852964192153	2.8602635348618124	3.5971636968170255	219952.39752215863
-8166.968738249223	0.011001848784406746	0.03284139327704525	5.149003079631163	3.12117469892875	190816.5991319455
-8166.092726400023	0.020289575985647866	0.0605211173747503	9.892725653335159	1.6989080604167783	103681.21099508493
-8165.839161109481	0.013850333160054375	0.04126753975117906	7.619859969297059	2.481418670563238	151734.16810202968
-8164.077244597926	0.011599439275937108	0.034474910194738556	6.757889111575048	2.968801473261991	181504.98387990159
