# /home/maycon/.conda/envs/dadi-cli/bin/dadi-cli InferDM --fs All.cm_lo.folded.downproj.fs --model asym_mig --cpus 32 --output-prefix All.cm_lo.folded.downproj.asym_mig --lbounds 1e-3 1e-3 0 0 0 --ubounds 2 2 10 5 5 --global-optimization --optimizations 100
# Log(likelihood)	nu1	nu2	m12	m21	T	theta
-3769.0712920899787	0.027245871607014863	0.005917060390250006	4.5240125141442356	3.585543743921664	0.36669257346104506	156383.63581601754
-3769.0994974107953	0.0412072959013796	0.009003592255512827	2.989870064424735	2.344116102798934	0.4515146737813233	103484.54726209716
-3769.0842011488867	0.023542448076204512	0.005129483761514525	5.232063814881248	4.120581160775668	0.33908049297820625	181054.98521200134
-3769.0788756297743	0.02524820806035353	0.005502328056317778	4.880471795601641	3.8418642937986043	0.3533389752887414	168914.94878536992
-3770.2732736974285	0.060408842492533435	0.013168304803266796	2.0451223824899154	1.6313134931583633	0.47838279851712084	69763.06485682
-3769.2099759230323	0.049354180823454843	0.010752608636753551	2.5016521236532605	1.9798690906728125	0.4718269901968826	86019.25020181456
-3769.0777404419696	0.029236810510594676	0.006372421602379971	4.2189594135289505	3.3226660972935362	0.3825783441141909	145857.3118555207
-3769.0815480558363	0.0313062913388269	0.006803491103648266	3.9330386553778625	3.1065696273892174	0.3968896732494182	136280.45843876924
-3769.166925336271	0.02426726845707391	0.005229488899831389	5.068506440359233	4.07830472289282	0.34171700486667345	175743.59122796575
-3769.0777485285507	0.023310930088672657	0.005071826187664626	5.283361707687533	4.184687183501636	0.3364660220337808	182991.4423499492
-3769.228027360302	0.023861239200779653	0.005243000343588145	5.1764461151598775	4.002561424816452	0.3438586603373861	178508.40213904175
-3769.0643099005365	0.03073856521121925	0.006706480508344702	4.012507798613775	3.1607317558282557	0.3918480093141029	138508.2345153609
-3769.8004694384535	0.03184035773420288	0.006814999868622087	3.85343165700509	3.0700482062170753	0.40582183782475056	135356.20192228165
-3769.084207672161	0.032434541880895736	0.007026482767932617	3.795235915678004	3.02181820760223	0.4027588806509392	131638.2633750152
-3769.092831963976	0.026891571770122562	0.005825134439404961	4.582468553867167	3.6345246785096808	0.36505093608707506	158792.24443664483
-3769.082272978847	0.03956404550047331	0.008593851877940841	3.119114797460971	2.4701373303908145	0.4395952365640499	107676.92086658368
-3769.124808591316	0.023628708125833363	0.005140721760561105	5.214256469588435	4.147732616552919	0.3368841889925758	179995.3086966787
-3769.0698112508067	0.029066030455207392	0.006338298876070605	4.242637724530348	3.343558375053556	0.38017358739354984	146399.3677319558
-3769.133843659946	0.04933423529908985	0.01076300456573195	2.4988592146858672	1.968857699528242	0.4773207185264056	86349.44231409757
-3769.7918523058074	0.020551776787397013	0.004564720728105609	6.022062606382354	4.546269532679733	0.3164096489232544	206608.72534865816
-3769.0710448665277	0.02867393783245451	0.0062616395637864085	4.297396215976013	3.3829246686722128	0.3786045795088613	148538.33705862693
-3769.072089047398	0.029356139873416072	0.006389059657877171	4.195230756530643	3.3105241814431055	0.3835492697665818	145228.89567134698
-3769.075273475923	0.03615168949096412	0.007840920697314013	3.404992615711395	2.709610817037448	0.4235680299442691	117960.19693714396
-3769.0674151073313	0.02713258199210932	0.005907867829036354	4.539575758632365	3.590275626411293	0.3665964555618294	156998.7646994423
-3769.0874954872606	0.021727043790578996	0.004715800358591382	5.66883733694469	4.501831157613449	0.32207244151425996	196354.6384377255
-3769.1634267214376	0.04708048014594623	0.010341828422719484	2.6189640321575722	2.0420430197711728	0.47398870855480807	90488.31887820308
-3769.1895585122447	0.02018300699373875	0.004354467176580952	6.091840896160893	4.9048986746289955	0.3057540735471355	211190.25009640513
-3769.061307887087	0.03482982052906335	0.007584445457562831	3.5389191457530336	2.790241761685656	0.4172977075415895	122326.9872585194
-3769.3286613673026	0.03168509448307611	0.007017326234056552	3.904587543420601	2.996210028334369	0.40063741452468526	133917.1895104172
-3769.084083489164	0.040405692678612326	0.008804366697313926	3.0478469388679343	2.4120375159396525	0.44564617590761013	105521.26851883341
-3769.0701763465677	0.02863793771599848	0.006252714111020109	4.305189475233364	3.383279848097984	0.37836558620611815	148713.5615062026
-3769.0906246925306	0.019400139729531984	0.004235526121682666	6.357518285721203	4.993161734645664	0.3008415670799221	219404.49748417002
-3769.0664282218204	0.03373549768454371	0.007338639524271816	3.650725669015338	2.88730945699783	0.4112898637273132	126410.64752283496
-3769.1035011119548	0.045887753671441746	0.010006460519608906	2.6880170181727747	2.1147343208976275	0.46622449205293065	92766.15482962203
-3769.0599794616774	0.034577089821940576	0.007532121923354052	3.5655102244958288	2.814983891313518	0.4149616651486738	123126.71171010002
-3769.0810746885795	0.020812286898987856	0.004526094263928478	5.924756726484966	4.684226241552559	0.31320626727790946	204552.33683706148
-3769.0942122603597	0.02918130645544283	0.00637149582381343	4.226381655222987	3.324211219014535	0.3807399746705024	145659.34983267626
-3769.0809981928546	0.0202871575112243	0.004419049120834723	6.076819809654318	4.803617747754387	0.3088575665970823	210043.62566870163
-3769.0680941614546	0.03358329536262448	0.007327941719488817	3.6713276573772338	2.887944316279798	0.4103973680618101	126834.70338085515
-3769.0810860871084	0.03436031614463748	0.007455109342701928	3.5855368124993054	2.837017679414851	0.41516101779900444	124235.0638640266
-3769.083396469534	0.029554420350109648	0.006449141412334449	4.174673056785499	3.2832268803053	0.3830800704891452	143814.8068708066
-3769.080155448053	0.03896298126651694	0.008471975675127778	3.159882006617592	2.4995922325646323	0.4403406458981309	109606.09043216372
-3769.1007376044954	0.030465402844173102	0.0066688694079633	4.0480584887774596	3.1849996298597762	0.38932990848237364	139471.2497990643
-3769.394744852754	0.0577962327941087	0.012535458141420161	2.1288958637836	1.6910021406192763	0.4944018107538649	73870.4600517504
-3769.090176717443	0.025757367173023075	0.005582421757470866	4.778782342532422	3.8059748010119074	0.35544437230301057	165575.76131077536
-3769.082258975859	0.032592667917699256	0.0070736318209341205	3.7773851548964275	3.005373983055744	0.40367888729752005	130948.32936575652
-3769.0835417676008	0.028402041249593966	0.006152448347591209	4.3356462088634204	3.4509969398354667	0.3745624412620956	150010.05714673913
-3769.2547956622057	0.05451958317766387	0.01184546124081934	2.2591693408113485	1.7912832333374795	0.48926832393247743	78284.35877203762
-3769.098675909657	0.01966844384293828	0.004273636962837357	6.2648846828952385	4.980469687290353	0.30187364831871893	216477.92758767432
-3769.086613142834	0.01986314462522932	0.004330080578564758	6.21115018256215	4.900377101253486	0.30487300969854375	214523.70146158792
-3769.085555747204	0.02294450658211106	0.005009125528779307	5.3748308954701365	4.222449414391259	0.33395055344291696	185762.62535639913
-3769.0738292702854	0.02376935778487217	0.0051782372810651	5.18780395667706	4.0886244307764406	0.33981760510596276	179102.72799268283
-3769.0846267907727	0.041573783410801	0.009039983614035726	2.9607507502024277	2.348826343375558	0.4495433486439818	102467.10500823907
-3769.0857027113348	0.020766979302929492	0.004526010249399837	5.935089165548133	4.685290630054193	0.31356494713382405	205139.99644712338
-3769.1058663492013	0.01946280487022768	0.004241399288318411	6.33755317379672	4.975485819562539	0.3020052065652532	219036.23061167134
-3769.066744255615	0.027916046521024113	0.0060835852385182215	4.413217554968087	3.4864050057529727	0.37229242516590344	152528.14663948544
-3769.274038054881	0.023199023214068706	0.005127097988600059	5.332274117539865	4.10547918947738	0.3376507625405638	183244.82009273182
-3769.1318001766826	0.022730173752290323	0.004906450572354927	5.41639801918015	4.318317811779343	0.3306755563489468	187890.76531499156
-3769.103365357688	0.0405296043611503	0.008850728505687718	3.0461381706936166	2.400366094194771	0.4431756514930034	104834.08070035368
-3769.067351392483	0.026237430377736435	0.0057080813324262795	4.697712531571119	3.719366694314415	0.35919916371381444	162340.41034145615
-3769.0724136697736	0.03007873875582955	0.0065471378864332035	4.094196204281536	3.243301161417624	0.3880635570051422	141814.70789424868
-3769.099577039833	0.030533195315930597	0.00666715366818353	4.04307994996585	3.1834067343217445	0.38864352574378846	139079.59194857805
-3769.136208752423	0.034010251521250506	0.007434280964765129	3.6308957021889596	2.8605533222439385	0.4091560233363247	124734.40949936734
-3769.0778891921495	0.021594343942407057	0.004699748522996141	5.70689981778479	4.510186787410335	0.32093851193217976	197273.3409068903
-3769.081046275454	0.019675681966969148	0.004282639904291745	6.26484701441843	4.947534665378817	0.30309272891553035	216513.6334188827
-4022.6358354830045	0.015361079742811062	0.003499389210533365	7.278530393310057	4.914693642936722	0.8740319872694795	344202.92894623446
-3769.1076779469663	0.029120901080152327	0.006379660863133168	4.229128962757812	3.3184742711892086	0.38206655233701375	146062.93310472407
-3769.085097533804	0.019759583145207114	0.0042950978456138406	6.234101497007009	4.941584684220777	0.3038870982758643	215795.6067640694
-3769.088979968232	0.01952564679536854	0.004256701175759903	6.32100947870939	4.973013576169312	0.3015795215603713	218045.3567536489
-3769.3323948294365	0.020412721916299895	0.004391352541953532	6.014275283762327	4.872701285827726	0.3093283884112331	209842.66001689556
-3769.210725997059	0.01997505478565043	0.004300948344090148	6.1598675738381266	4.965022467509997	0.3028912787058983	213177.46016871324
-3769.069106646532	0.04020415683854049	0.008750036123532525	3.0655958381240977	2.4204430643187083	0.44369815464980017	105910.39648264457
-3769.1011926523543	0.021889135969596917	0.004760510568483498	5.630137743906626	4.439432650580128	0.32430906577299057	194791.9655718701
-3769.0782140374467	0.022726611181762717	0.004934804472086286	5.420896539242481	4.298711267168519	0.3308114248355541	187612.71487762098
-3769.1014348538747	0.022056628660900135	0.004818722920270327	5.591573052270602	4.408911727069004	0.3251122345467126	193048.94007181356
