# /home/maycon/.conda/envs/dadi-cli/bin/dadi-cli InferDM --fs All.cc_ei.folded.downproj.fs --model sec_contact_sym_mig --cpus 32 --output-prefix All.cc_ei.folded.downproj.sec_contact_sym_mig --lbounds 1e-3 1e-3 0 0 0 --ubounds 2 2 5 10 10 --global-optimization --optimizations 100
# Log(likelihood)	nu1	nu2	m	T1	T2	theta
-6625.97215223393	0.263342999323353	0.7630952924469407	0.16812091276102362	4.291306279438234	0.3280801244039127	4425.470735560581
-6606.383850952927	0.2651850462507926	0.763591077509704	0.16891566220676457	4.339682884235897	0.32628775487315553	4399.034756169576
-6619.419436824051	0.2631672111036	0.762216188757078	0.16871973785674121	4.231832558879328	0.32435868566942666	4456.92533009999
-6619.419436824051	0.2631672111036	0.762216188757078	0.16871973785674121	4.231832558879328	0.32435868566942666	4456.92533009999
-8292.10191583543	0.02255333398571094	0.05241987027653251	1.5031571577914091	7.415685074865502	3.4563616592540467	54874.844797470876
-6615.896419270501	0.26379807627816004	0.7626681472193757	0.1686990342208738	4.264829662208584	0.32321003147082533	4439.616088575563
-6628.654745660166	0.2632528558131627	0.7636164258040457	0.16798426979112502	4.32231327242609	0.3301193142578241	4409.477604646594
-6625.143945490593	0.2628382743328875	0.7628062116867022	0.1684263399545564	4.27178463339791	0.3282392419491589	4436.143065302891
-6617.053372193142	0.2630226125567071	0.7626113535606409	0.1689764932492348	4.255689091095025	0.323780050400426	4445.4207049189945
-6616.143433163277	0.2633982862624997	0.7625041059917019	0.16886947203555067	4.251290472279799	0.3231394123115846	4447.168975180881
-8292.935443793382	0.016301784482892233	0.037928379081725215	2.078141528448895	6.093142780046137	2.5725634190814466	75875.80082584136
-6625.143945490593	0.2628382743328875	0.7628062116867022	0.1684263399545564	4.27178463339791	0.3282392419491589	4436.143065302891
-6615.896419270501	0.26379807627816004	0.7626681472193757	0.1686990342208738	4.264829662208584	0.32321003147082533	4439.616088575563
-6628.654745660166	0.2632528558131627	0.7636164258040457	0.16798426979112502	4.32231327242609	0.3301193142578241	4409.477604646594
-6631.737202415425	0.2630501848439632	0.7635397050329684	0.16781439895241168	4.31290468726111	0.32810434858504955	4415.129111390452
-6617.389456737472	0.26341735024486246	0.7624317844997198	0.16875568574518685	4.2413331841200455	0.32308344708983994	4452.010434672752
-8297.322930604067	0.018099960402439868	0.042115397242190086	1.8691886226029357	7.668496128841086	4.368691972195865	68371.28080577884
-6586.132288749774	0.26726785988340573	0.7635193300840332	0.16972121616454233	4.353638159927597	0.3263293433944248	4388.611033932431
-6617.053372193142	0.2630226125567071	0.7626113535606409	0.1689764932492348	4.255689091095025	0.323780050400426	4445.4207049189945
-8299.090586583186	0.01370232160752166	0.03189737456784089	2.4673190126767217	6.163504270297685	3.9674909356206625	90270.98394031006
-6617.053372193142	0.2630226125567071	0.7626113535606409	0.1689764932492348	4.255689091095025	0.323780050400426	4445.4207049189945
-6625.143945490593	0.2628382743328875	0.7628062116867022	0.1684263399545564	4.27178463339791	0.3282392419491589	4436.143065302891
-6628.654745660166	0.2632528558131627	0.7636164258040457	0.16798426979112502	4.32231327242609	0.3301193142578241	4409.477604646594
-6625.143945490593	0.2628382743328875	0.7628062116867022	0.1684263399545564	4.27178463339791	0.3282392419491589	4436.143065302891
-6621.660267831381	0.2637892937072934	0.7632193215738254	0.16827729818129314	4.307839938480508	0.327855923054296	4416.691761778239
