# /home/maycon/.conda/envs/dadi-cli/bin/dadi-cli InferDM --fs All.cc_cm.folded.downproj.fs --model sec_contact_asym_mig --cpus 32 --output-prefix All.cc_cm.folded.downproj.sec_contact_asym_mig --lbounds 1e-3 1e-3 0 0 0 0 --ubounds 2 2 5 5 10 10 --global-optimization --optimizations 100
# Log(likelihood)	nu1	nu2	m12	m21	T1	T2	theta
-3263.6172449974665	0.3788294429844702	1.361659140722193	0.017947841264367614	0.28110421875309666	7.8279191500596985	0.30578955930183727	4531.173927816927
-3274.3693765827416	0.385516536950117	1.365663677001887	0.01734414660413516	0.2777759447779331	7.82101809336874	0.3152467888134886	4518.943927846131
-3371.067289070088	0.4048597614064787	1.3347946468674126	0.015108870210172888	0.2353646689029717	7.832817815619024	0.38267393298153807	4487.6033105207425
-3360.492811852512	0.4004860259234218	1.335107244200284	0.015407824079416356	0.24186780508874742	7.819832955049732	0.38399100287394716	4497.9712312279435
-3390.0910817775116	0.3955443741171705	1.352386838129129	0.014891449623675007	0.24953293196090892	7.787538068275588	0.36390445920697345	4510.046274359809
-3293.2978333855235	0.38400311524430614	1.362734042939743	0.017020086847406996	0.278979148420542	7.809787981540827	0.31426981377334234	4527.176284762379
-3295.229644728385	0.4000588533457713	1.3421231464055903	0.018396704465253447	0.23584130018619037	7.775815032618967	0.42279568110481297	4497.2413918298935
-4195.061249735579	0.3676992771143457	1.3312613791887915	0.014110172155788601	0.16426411748270858	6.393789282092675	0.6861787896881623	4972.251876735137
-3293.2978333855235	0.38400311524430614	1.362734042939743	0.017020086847406996	0.278979148420542	7.809787981540827	0.31426981377334234	4527.176284762379
-3357.451376237983	0.3916335503259269	1.3607287417726235	0.015535993595832373	0.25594316831420455	7.781053436828604	0.34999464698141847	4516.179405242106
-3390.0910817775116	0.3955443741171705	1.352386838129129	0.014891449623675007	0.24953293196090892	7.787538068275588	0.36390445920697345	4510.046274359809
-3390.0910817775116	0.3955443741171705	1.352386838129129	0.014891449623675007	0.24953293196090892	7.787538068275588	0.36390445920697345	4510.046274359809
-3984.9967167693903	0.38443141844049433	1.33754398643542	0.014961035322228035	0.16733837205355037	6.646662852537899	0.6472640732828628	4852.701506133156
-3263.312314577132	0.3818943144190451	1.3715410563520332	0.017938044418769977	0.2786813049848342	7.796381377870382	0.315356294105054	4528.179644724871
-3863.0679678538913	0.39127407714545176	1.3406418774910573	0.013602023504531723	0.1799464866768054	6.961851943621475	0.5818568250875695	4743.007911111803
-5345.84792348309	0.010804811028436386	0.028393757382307108	0.5038760537977782	4.95	0.09414887326308205	0.5478977002936478	150000.3409831217
-4304.7290687175855	0.3493422980208214	1.3303445640736051	0.014707009775714935	0.1578209153350453	6.200941645961389	0.7071679465098523	5075.835158759464
-4158.78392967044	0.39676297835663726	1.3375347342475	0.010105800530685468	0.1758482476959787	6.945849829121984	0.5762772537219747	4743.851357916826
-3268.9880268494658	0.40651994494154164	1.3460878532144498	0.017437388934248947	0.2311175312885789	7.813450338410423	0.38548087121748875	4482.752536716476
-3917.6242595824383	0.3831660397885948	1.3411220989200792	0.016398562499428834	0.16772027236463305	6.638836808286774	0.6417761471803857	4856.7733714217475
-4130.44520651349	0.37017003589667	1.337434945075324	0.014627768764508936	0.16565162132070574	6.444952280079791	0.6748695024415726	4946.4320256604005
-3767.6131376887433	0.38879828060935806	1.3360952402552915	0.01478738254368717	0.18091421454240011	7.009742311296098	0.5710948885447233	4735.818170977511
-5518.778678635948	0.008891246155682705	0.026458091711393236	0.552577873950027	4.95	0.7447260395262942	8.14684281438169	187072.8766024345
-5498.481621594299	0.00968954165162695	0.029092286487677727	0.5196516660262587	4.538146382324323	5.06861591054983	5.166661238514097	171344.34006582186
-3984.5748376976817	0.3844342880996001	1.337884506799354	0.014969728368390592	0.1673520117447894	6.645996069985257	0.6469685601144133	4852.782211966623
