# /home/maycon/.conda/envs/dadi-cli/bin/dadi-cli InferDM --fs All.cm_lo.folded.downproj.fs --model sec_contact_asym_mig --cpus 32 --output-prefix All.cm_lo.folded.downproj.sec_contact_asym_mig --lbounds 1e-3 1e-3 0 0 0 0 --ubounds 2 2 5 5 10 10 --global-optimization --optimizations 100
# Log(likelihood)	nu1	nu2	m12	m21	T1	T2	theta
-4014.608303249557	0.04572399630592293	0.01110474552749161	2.494101607146605	1.4769736097204436	2.744792045440549	2.7932671113621974	113295.33861358555
-4015.26865683458	0.04991547763565215	0.01216995373056908	2.2856365285993414	1.3430346923037062	5.617399434504803	4.255805173370521	103659.73511549413
-3769.1636470551416	0.07745607108634542	0.01686560150244844	1.5943086683370027	1.2585933678809038	4.745041372605085	1.3054040072327588	54921.107585284255
-4015.2909289109602	0.056232891901313524	0.013700177800728623	2.0292855205331204	1.1938995325704138	3.438672931135142	8.367820717954691	92054.00816532185
-4015.346958613511	0.043780014213048675	0.010629985279258434	2.6020130884080697	1.5461184230927958	1.97488296626337	6.285064806257005	118381.26296484913
-4015.3162432755344	0.04356041980966453	0.010585260647275996	2.6178954246642268	1.549956695122216	1.6825925749703998	5.011421884392901	118958.76552923824
-4015.294242908952	0.03774753799162502	0.009220079429755768	3.0237461872786473	1.7718614264474135	4.311023801547971	7.354283010391494	137016.7760690902
-4015.293072957862	0.037748382436806324	0.009191227374161979	3.022897334718206	1.7804968641106862	4.535111873315638	4.622210456525045	137165.305518485
-4015.4099060189424	0.03407925598744114	0.0082435845076595	3.3410397078875795	1.9961572413635924	3.713936543087814	5.791073147958477	152246.66347470696
-4015.2903694465167	0.05855494721727088	0.014274165294505276	1.9497890745708282	1.1446273224874741	9.9	6.260508388192874	88387.4905719386
-4015.2901165588	0.046126043491714536	0.011245087380253134	2.4750154783068328	1.4533037317351094	8.28585630758328	5.082168869174168	112204.28760537397
-4015.2914357622326	0.05544001378663658	0.013532142645829472	2.0585881184074784	1.2079060135472792	6.774545982233424	9.14650821095824	93315.08966841694
-4015.291205592032	0.03078037400072805	0.007497607798704459	3.7076828145233205	2.1804978989530213	6.546125628950659	3.6506013912422204	168174.0999617959
-4015.0482829349558	0.06127888180196991	0.014960527773900079	1.8637925822283106	1.0922737195232004	8.348503369107823	4.395672160891379	84425.00057764628
-4016.0193175499007	0.038328277823142486	0.009526993126645504	2.9950547521453106	1.68725932133184	7.01284948276453	9.691747890894815	134181.78616815424
-4015.459806906961	0.023358985563085823	0.005640039974573888	4.87279944624264	2.9206409660768986	4.474614961667022	3.1732801604052123	222249.8948691315
-3774.0827213022058	0.024368305045847995	0.0050094201389876145	4.95	4.386433610938246	3.4251645220455265	0.5116026685447795	174849.19152538132
-4016.625743952294	0.024570889765074204	0.00615325391689045	4.683426639746001	2.5992382011984856	6.601070766454089	7.233873538495143	208889.10081853854
-4015.2772989124787	0.044960042909388084	0.01097809095542781	2.539862106442828	1.4869255787067632	8.596000485676807	4.04153744892225	115048.90259883089
-4015.6496447114587	0.025709356956461687	0.006353710534084081	4.456958945411599	2.5425768515887195	6.230964002031341	9.181964723874797	200401.5141676475
-3769.235483580047	0.03388423330716172	0.007420668087809325	3.643760777679369	2.8429506471125667	8.806523027961818	0.8263087510222854	125657.83029797726
-4016.3096696523326	0.022787885783960453	0.005476903654239503	4.95	3.0244392318122078	8.197519826870066	8.016165775082305	227602.6638484709
-4138.083253680741	0.02090915617562189	0.003996828996148429	4.95	4.839088729459018	7.925823838900154	4.9924480615578215	268397.21835721045
-4044.829582411113	0.02201741203448743	0.004755729488812432	4.95	3.758725083668706	8.33529338764998	3.905539721797555	244101.7748206191
-4056.9250782080576	0.02189255446093624	0.004615472110338819	4.95	3.9420841412509455	8.419907959940744	2.565167347807765	247899.4017075012
