# /home/maycon/.conda/envs/dadi-cli/bin/dadi-cli InferDM --fs All.ei_lo.folded.downproj.fs --model no_mig --cpus 32 --output-prefix All.ei_lo.folded.downproj.no_mig --lbounds 1e-3 1e-3 0 --ubounds 2 2 10 --global-optimization --optimizations 100
# Log(likelihood)	nu1	nu2	T	theta
-10974.800108987647	0.10310650318546424	0.06937351038890271	0.14535750155099955	18422.491454614425
-10974.800108987647	0.10310650318546424	0.06937351038890271	0.14535750155099955	18422.491454614425
-10974.800108987647	0.10310650318546424	0.06937351038890271	0.14535750155099955	18422.491454614425
-10974.800108987647	0.10310650318546424	0.06937351038890271	0.14535750155099955	18422.491454614425
-10974.800108987647	0.10310650318546424	0.06937351038890271	0.14535750155099955	18422.491454614425
-10974.800108987647	0.10310650318546424	0.06937351038890271	0.14535750155099955	18422.491454614425
-10974.800108987647	0.10310650318546424	0.06937351038890271	0.14535750155099955	18422.491454614425
-10974.800108987647	0.10310650318546424	0.06937351038890271	0.14535750155099955	18422.491454614425
-10974.800108987647	0.10310650318546424	0.06937351038890271	0.14535750155099955	18422.491454614425
-10974.800108987647	0.10310650318546424	0.06937351038890271	0.14535750155099955	18422.491454614425
-10974.800108987647	0.10310650318546424	0.06937351038890271	0.14535750155099955	18422.491454614425
-10974.800108987647	0.10310650318546424	0.06937351038890271	0.14535750155099955	18422.491454614425
-10974.800108987647	0.10310650318546424	0.06937351038890271	0.14535750155099955	18422.491454614425
-10974.800108987647	0.10310650318546424	0.06937351038890271	0.14535750155099955	18422.491454614425
-10974.800108987647	0.10310650318546424	0.06937351038890271	0.14535750155099955	18422.491454614425
-10974.800108987647	0.10310650318546424	0.06937351038890271	0.14535750155099955	18422.491454614425
-10974.800108987647	0.10310650318546424	0.06937351038890271	0.14535750155099955	18422.491454614425
-10974.800108987647	0.10310650318546424	0.06937351038890271	0.14535750155099955	18422.491454614425
-10974.800108987647	0.10310650318546424	0.06937351038890271	0.14535750155099955	18422.491454614425
-10974.800108987647	0.10310650318546424	0.06937351038890271	0.14535750155099955	18422.491454614425
-10974.800108987647	0.10310650318546424	0.06937351038890271	0.14535750155099955	18422.491454614425
-10974.800108987647	0.10310650318546424	0.06937351038890271	0.14535750155099955	18422.491454614425
-10974.800108987647	0.10310650318546424	0.06937351038890271	0.14535750155099955	18422.491454614425
-10974.800108987647	0.10310650318546424	0.06937351038890271	0.14535750155099955	18422.491454614425
-10974.800108987647	0.10310650318546424	0.06937351038890271	0.14535750155099955	18422.491454614425
