# /home/maycon/.conda/envs/dadi-cli/bin/dadi-cli InferDM --fs All.cc_ei.folded.downproj.fs --model split_mig --cpus 32 --output-prefix All.cc_ei.folded.downproj.split_mig --lbounds 1e-3 1e-3 0 0 --ubounds 2 2 10 5 --global-optimization --optimizations 100
# Log(likelihood)	nu1	nu2	T	m	theta
-7905.849903353297	0.04749922044721597	0.1027394233519822	0.7119263510600157	0.9166978620337546	26559.658377151754
-7902.2166815495375	0.04160387303456962	0.09013803239489539	0.767181238572627	1.0473725619087422	30097.735377805893
-7906.865458536899	0.04828420508665453	0.10438901701681204	0.7279405928899653	0.8979618408462777	26246.170907418837
-7901.574732647686	0.030347548683426054	0.06568720766205637	0.7889246662143397	1.4394918851747502	41162.3137620576
-7903.908208920506	0.04016195300530178	0.08700693319903255	0.84646815314936	1.0767835772021015	31509.290243618925
-7901.618260137384	0.03534703801846958	0.07640357599657571	0.7947481318460379	1.2370226583678219	35390.05765032393
-7901.53891199798	0.027434312922735696	0.05938860925788103	0.7735415139749928	1.5925626378297204	45549.03934099755
-7901.965006849041	0.039975262025808506	0.08672987567945245	0.770089428334253	1.089676443048387	31213.470683091236
-7901.794659530758	0.026756424786101435	0.05790797636007686	0.7852562955817154	1.6276248433383809	46894.71452010072
-7901.577599725522	0.02723631538474233	0.05907862640734444	0.7710093044138028	1.6045363599740115	45833.89824942798
-7901.867891233397	0.039403557187238904	0.08524977321128951	0.7835089403654196	1.108389676176305	31790.24969269975
-7903.092054656886	0.04414013461588084	0.095370127507732	0.733968670157908	0.9899196075386013	28422.051506239335
-7901.582252072477	0.03379867166726955	0.07319034055918552	0.7937334344871949	1.2932206624222373	36949.652305588395
-7901.56297917139	0.02641739079025869	0.05728516951289692	0.7625169689388369	1.6522341455971767	47202.24530462029
-7901.67628228842	0.0370595580650367	0.08026516587867538	0.791598504606503	1.1776549061875474	33728.00453767921
-7904.958339842066	0.04670511753024922	0.10055004751893233	0.7347762014174933	0.9358330305396093	27121.02412327192
-7901.606988955909	0.03509273137236065	0.07594103729068599	0.795769299538795	1.2449339814518987	35623.06823819906
-7902.741151646446	0.04293857862441431	0.09301062203558062	0.7328799667080448	1.016123642082717	29068.09113136747
-7901.636966773614	0.03421580339716145	0.07409112370870408	0.7956090381347063	1.2764737473852186	36509.100110795305
-7901.594945000434	0.03455469233823016	0.07475695067400953	0.7975274850733649	1.2641184328237205	36186.99620424444
-7901.602896327235	0.034705786390931796	0.07514618539249565	0.7907414348311459	1.2595234375202713	35967.47303441672
-7901.650307824949	0.036466397786116246	0.07895091823317812	0.7930748352828535	1.1976786649011877	34282.398262908944
-7901.661401278101	0.03637474542562689	0.07868940100929052	0.7938519107920733	1.2014273788516567	34391.0193310831
-7901.834794942192	0.03929479008240306	0.08501068583175717	0.7814998496666907	1.1112974848041017	31856.77934816815
-7901.874286754402	0.03939569789685821	0.08538259009515457	0.7803608913153369	1.1076464514929185	31742.940181192702
-7901.912045076669	0.039655357572228586	0.0857957283187177	0.767731084720767	1.1018400940215096	31495.77925706494
-7901.575922992626	0.032308239276994326	0.06983803356963253	0.7976299241767647	1.352521826329483	38725.98717864356
-7901.567595229619	0.03285918963836497	0.07116777869234571	0.7958532499277994	1.3294214154457966	38017.71151795988
-7901.694129218047	0.036888614408661036	0.07985347727166027	0.7903062369220514	1.1822016605963939	33864.071242458645
-7901.656289160206	0.02410631211662852	0.05212315316267463	0.7521224271223477	1.8110027452992823	52027.193817845335
-7901.686030072233	0.035998247804924534	0.0779885219071439	0.7914126543795695	1.2133012683455071	34691.70346740218
-7901.561098027809	0.020727933418201134	0.044855369707408055	0.7010216851510612	2.107130708186801	60383.71296334406
-8019.614508832147	0.046632710546175474	0.1011366183429447	3.3025376116314256	0.8771204236123686	29504.305256852043
-7902.158243081302	0.04136661231652987	0.08954753048454094	0.7583402687900912	1.0560506441810795	30232.18844965403
-7901.682317647016	0.03667277411089338	0.07931922754842739	0.7982991981359624	1.1908862222488708	34151.463286707534
-7901.580662282842	0.03346554749332535	0.07242391205347018	0.7947430367740863	1.3056541820232235	37330.4353853131
-7901.550504008089	0.01905508555313261	0.04130858279971867	0.6719609874571421	2.290057461850283	65566.31958898705
-7901.574436764207	0.024705581163141463	0.0534196063549802	0.7523405258461195	1.7683648274730632	50664.346988057245
-7901.726022242746	0.03775245830562245	0.08181655871619285	0.783749130169237	1.1569203527052772	33077.16616462851
-7902.1862868850285	0.04134894624940786	0.08942120150897367	0.7676237977301124	1.0560036288536507	30310.28531014259
-7901.548192438597	0.028090101435536412	0.06082091621157178	0.7757404880727914	1.554647713184587	44438.09532448796
-7901.632322893146	0.03579984683991596	0.07748635137901946	0.7890340001327336	1.2203639087332292	34873.70517493664
-7901.671684254651	0.03598807877577797	0.07787565537987366	0.7907458049581639	1.2137944225649742	34712.47241422279
-7902.053203075572	0.04072093786937993	0.08806681380637395	0.7745235789996152	1.0719350069247686	30777.06359355146
-7901.757066544678	0.038173111744456034	0.0824950660391765	0.7845370258509944	1.1453454791523792	32785.33191233718
-7903.157129887385	0.043776623924444306	0.0947837175654768	0.7685587313438457	0.9955987328976706	28776.60058473085
-7901.817084755098	0.039171320169891444	0.08477258933755852	0.7785740495995779	1.1150264120361928	31927.503731422676
-7903.755129432393	0.04519001295604081	0.09784537584149063	0.7353364775169403	0.9616859412308395	27791.763755973425
-7901.597709682848	0.03482821975831376	0.07536763447925561	0.7956214492505673	1.254357950745909	35887.53608056502
-7902.963129904663	0.043807583762403665	0.09459263522135676	0.7403712936131162	0.9977421726115768	28655.75451936544
-8022.775269441237	0.020099203660338627	0.04352305315295714	2.2306922957079753	2.0354772611269585	68610.59746120217
-7901.589818639322	0.02801801471578999	0.060703898351370134	0.7760013515111202	1.559488737117889	44563.14066659526
-7901.615312691488	0.03527506054594665	0.07641356083787901	0.7955265400555841	1.2376621847825828	35416.94702930144
-7906.163559395584	0.04786037242405712	0.10295022013903518	0.7182947508010841	0.911614571166032	26490.227185648342
-7901.576081286645	0.032148851488472706	0.06962447131047121	0.7966565996929983	1.3584917838446657	38873.19616955765
-7901.603095258748	0.03485531919982771	0.07539606579690203	0.7944268351215644	1.2533825430645769	35854.548845704354
-7901.614365951861	0.031982143774224245	0.06923154899437024	0.794590980843738	1.3659282433922237	39068.04759866433
-7901.652760075072	0.0366416148796268	0.07932463248021246	0.7929294783611557	1.1921472338696524	34126.08326985651
-7902.2590854432265	0.04166527780494331	0.09017594605867367	0.7579985325753044	1.0481234354181925	30033.45321786031
-7901.644101900937	0.03592801741444227	0.07785006718394467	0.7879796275764356	1.21630403228571	34732.33564748775
-8016.164222434244	0.033992830527633834	0.07368108740142183	2.470603274068946	1.202387290891704	40399.21161861096
-7901.552913325192	0.029720212836415946	0.06432133432720438	0.7873510367765334	1.4710834670455268	42062.59583893504
-7902.4030439704875	0.04233361940702096	0.09164422329404724	0.7521941246027547	1.0306864213034106	29561.246008722323
-8022.912359155613	0.025445763371630948	0.05514352209600669	2.742037556971962	1.6072576590033298	54174.311049428456
-7902.226810062456	0.030160766936235026	0.06450917623307668	0.7868396650300286	1.4613226223387228	41757.903566306406
-7901.594089833206	0.027413169245814113	0.05950894804843868	0.7786482509946454	1.5894201076404912	45552.9137617037
-7901.5423742450785	0.02496074008117731	0.054074868560726505	0.7507232816355527	1.7505843578197955	50035.516189934984
-7902.958044791268	0.0438856231027242	0.09474706928460151	0.7469368738006209	0.994928762475338	28640.676588869355
-7901.789062899023	0.038580034214514586	0.08348588870898617	0.7828778744929191	1.1319838482057027	32416.977620367168
-7901.590456949114	0.028563815296054926	0.06191647810382971	0.7863098909176134	1.525305414406641	43738.456536263446
-7902.444954269324	0.04234911186903531	0.09132334081769419	0.762970552625431	1.0331430966923847	29686.835911604594
-7901.631913237358	0.03130411620479794	0.06794592870195895	0.7981423850794546	1.3923734908724508	39891.4768923208
-8023.866257210928	0.04411001405037008	0.09544018343608048	5.320915889348323	0.9285007660239805	31303.402204195416
-8022.64548144688	0.019550038378725064	0.04235009715253168	2.1476196886951797	2.091828747945914	70510.74547478498
-7901.601500628035	0.020326453112698217	0.04398059293836939	0.6903969275146395	2.1503922147287886	61490.21464758475
