# /home/maycon/.conda/envs/dadi-cli/bin/dadi-cli InferDM --fs All.ei_cm.folded.downproj.fs --model split_mig --cpus 16 --output-prefix All.ei_cm.folded.downproj.split_mig --lbounds 1e-3 1e-3 0 0 --ubounds 2 2 10 5 --global-optimization --optimizations 100
# Log(likelihood)	nu1	nu2	T	m	theta
-8147.19894757427	0.011456106693129416	0.0322836304354588	1.4928708329647382	3.117213950452814	190238.09255716077
-8146.649349833175	0.007130016373013343	0.020101817236046024	1.0750940768058077	4.9983302000328145	305479.2375832588
-8147.421600682729	0.007214226432158443	0.020381304039860416	1.0002972096925802	4.958083951828364	302053.61205354077
-8146.035957714864	0.01561296666819219	0.04383290345370301	2.978149929982782	2.290973692083533	140016.36580986963
-8145.966565018218	0.01270784617868802	0.03573841719235179	3.7792670669052826	2.810943985680679	171817.71663686263
-8145.961621905558	0.017795583486097385	0.0500630159072996	3.7654088842191373	2.00991891316112	122755.86200579317
-8146.268262482298	0.01651058508370036	0.04640444156992574	2.3949651554933826	2.1654096214743515	132292.83910672148
-8146.043635055666	0.014734383086769557	0.04135237146023546	4.06911499818875	2.429976178586156	148453.54257544977
-8145.958929349277	0.012438840047067152	0.03496026150767234	4.6385959531642165	2.8732564732700094	175614.5270714278
-8145.989675435116	0.015785209031076507	0.04443629635376737	4.652345524420356	2.264116028215778	138308.42951846405
-8146.636354980001	0.010823041741102636	0.030446491903211328	1.5233251397917047	3.3036762872801866	201696.42344110587
-8146.101201012801	0.014957339931026855	0.0420294539414277	5.016877097278869	2.398068547280304	146301.74897141466
-8146.062764594611	0.011706715882061246	0.03280214354199898	3.7993002760704755	3.0574918410429426	186924.54396395525
-8146.011665525244	0.010038927291701054	0.028232136202342894	2.128578181603405	3.566109930400091	217720.92394053104
-8145.997294114903	0.010441951784452248	0.02936469002017336	5.146175370663794	3.4224569312027553	209149.64333649818
-8145.988425300416	0.010392958950789602	0.02930612967982221	4.841667704978576	3.4358514433260376	209860.38987707725
-8145.970969097248	0.011451812297463377	0.03228637217231813	3.7747492106535083	3.116492264665221	190419.67034675516
-8145.968439987923	0.01063141652636108	0.029853873705193025	4.870084859557739	3.365575084214359	205643.2807674338
-8145.954323905509	0.010772887858481487	0.030273914310375453	3.0651912999538973	3.320257048837804	202857.89413118668
-8147.138642167874	0.01296394181229716	0.0365094408473014	1.6659747065847679	2.755869116355196	168191.07802336355
-8145.9793190018145	0.012318883232125625	0.034693254487639574	2.5030528830270047	2.896952906618292	177076.27710951958
-8146.327582350432	0.0078569749244887	0.02217960988044414	2.078235480386172	4.559972549184644	277921.96712212503
-8151.2665218592265	0.007206807704457166	0.020304412018055662	0.8397975434710163	4.9496603851106356	301327.8119932789
-8146.387704304744	0.01380977512397305	0.03886409534703459	2.002971796979165	2.587209595793488	158035.3529633526
-8146.071057272138	0.012040236022945659	0.03379819752103726	2.2343824667158514	2.9670682951349696	181462.66599395828
-8146.0513890852635	0.01475424959657641	0.041500741304064746	3.339187805959327	2.428281164921434	148183.6763804711
-8146.001622529758	0.013648993180225654	0.03841292906786338	2.5226096831986555	2.6205384607044255	160023.656254147
-8146.016561699147	0.012452092872405745	0.035131810604789586	3.213291856769339	2.862781077224459	174983.34220478844
-8146.169445533733	0.01427798122828567	0.040121266024134794	2.286193572792451	2.510381702527834	153192.60404681356
-8146.006143414028	0.010322877728714	0.029004648564325365	3.303405567908689	3.4705284842969575	211870.9572188185
-8145.990134240568	0.007271690181968971	0.020491824551230588	4.444778350459858	4.914982635465744	300129.5475617615
-8148.725542403487	0.00724856444652317	0.020393919962245922	0.9139613182135766	4.940950728311494	300876.3499520317
-8147.347539301553	0.00726388141307806	0.02046697081804354	0.9957344004537398	4.9183269056508365	300067.33029535704
-8145.989068926762	0.008431304570335738	0.023661828047340887	2.1843169420870026	4.243428003801795	259346.8630518259
-8146.262938424146	0.007190609774770459	0.02032134008575877	1.2125978144634895	4.958788776449922	302831.04661506804
-8145.9746804757215	0.007214585899177452	0.020302834138292807	4.697044964851476	4.953258545732774	302631.9467051496
-8146.9599122059335	0.013464565524052684	0.03793185210880813	1.7555134760367714	2.6524146776223527	161914.3830130057
-8145.983202632281	0.015612593241912984	0.04389762780081752	7.291025391768155	2.288460835643286	139875.9221362284
-8146.727179352046	0.012432599389840544	0.03491713465902015	1.6989922455268847	2.882628967185464	175866.7775483951
-8146.319616764785	0.007308001669311765	0.020544165848918935	1.2117348029089012	4.897160217800996	299022.7339658306
-8146.058909931441	0.007712985953971417	0.0217077635473113	4.847952119870091	4.624668366139153	282822.28504547005
-8146.780850950264	0.017128895676518666	0.04816927845776684	2.194627969092676	2.0893035745082273	127496.43731650682
-8146.03476227312	0.011152082152238235	0.031347602464365944	3.7270297748357235	3.213518587766171	196118.72269656364
-8146.0167227878055	0.0071990579104007635	0.02023103787205874	2.9707642154754472	4.967814405540365	303541.39685954695
-8145.979555668155	0.007214388554247599	0.020325737593594247	2.0227434148659453	4.956224644801174	302599.8128109361
-8146.103929176034	0.020132113268918204	0.05638279453996994	3.714541864700605	1.7816724493825733	108819.45054472236
-8146.109639867447	0.009908687961270275	0.027974171014473744	1.7375907859804514	3.6004908683848216	219914.952416844
-8146.639662523346	0.015292828857101386	0.0429698522902546	2.070470282689528	2.3446350016084265	142999.3340376868
-8146.001824350226	0.012321474284792371	0.03466473279332747	3.1958521968906584	2.9026418287990707	177284.47439141982
-8146.189466581529	0.009207267929641749	0.02593520439131779	1.505428469288147	3.875369534168886	236847.85592883415
-8146.027518486887	0.007233845013653916	0.020278483024856134	2.9885634662636775	4.950543348042107	302529.1360723145
-8145.975716715307	0.0173804285640562	0.04894108958809853	3.5943453066481403	2.055644163792051	125581.79338575761
-8146.932626319219	0.016112575638652857	0.04532182820536253	2.041403266318638	2.2209179624157573	135505.05505132076
-8146.036079590602	0.013108095186563504	0.0369695928693142	5.372487133754787	2.7279135542819573	166486.5627163284
-8146.490765774742	0.015218665635518882	0.04277822347142369	2.102677021791054	2.3525945071886527	143588.35390630492
-8146.3897918301955	0.007248205681998095	0.02036865834465153	1.1307807873559959	4.93675808570699	301454.54709478567
-8147.082044539163	0.007562198031011703	0.021234817487927497	1.0569246742067027	4.7314136525616	288840.47752593947
-8145.958912019324	0.0073330224199908405	0.020662225471502822	2.8949326761378327	4.871141330393568	297553.1764253951
-8146.239895650376	0.007214697487845872	0.020297750972180853	1.1709759432069478	4.957513887505141	302706.04044268205
-8152.537816524494	0.014830441361864845	0.04190711158709963	1.461694113113268	2.4109013867128093	146281.94900429263
-8146.126711482456	0.007210872316182238	0.02025295382546858	1.3021726714085724	4.965202829222847	303237.24785936624
-8146.025264917299	0.007467258606388521	0.020948838567206335	1.5715010237050835	4.797565828923549	293042.34697647573
-8146.007258849396	0.015660041762806512	0.04414487089724631	3.531344962326289	2.282846455120861	139364.95064436123
-8145.989061581029	0.010436935109051543	0.029355173528767643	2.9041011795004263	3.4197368128528565	209113.57798328708
-8146.020464556972	0.007246303104556022	0.020357142682411327	2.478382852243073	4.9460116634072095	301898.2099952871
-8145.971484361218	0.01245475740588752	0.03510939951424813	4.415165763667664	2.866397094538577	175118.4799696994
-8147.415044887918	0.013669320313575293	0.03833550456728462	1.7045162643525782	2.622997627236568	159984.8528223833
-8145.96580208737	0.007404590470995683	0.02082784563762809	2.6644102912821634	4.832623273658867	295098.2545448576
-8145.95224215671	0.011680467726133622	0.03288531445225569	5.2302824538507275	3.059469862253875	186895.76698093448
-8145.945371446768	0.00788718202757966	0.02219425674417516	3.9316361622097236	4.531909915999258	276859.9669495156
-8146.013636579152	0.012854309592071782	0.03610815449697086	5.385859527303482	2.781001987019188	169988.44631806
-8145.977807234518	0.007273640946800086	0.020491392176751468	3.007186609116817	4.915274019448462	300124.93252713163
-8145.991985451453	0.008252475841220729	0.023219861645722487	4.610001237023489	4.336854251953963	264772.60150385887
-8145.98805627597	0.007216225238395277	0.020320838288893764	4.322664571492401	4.955887018454856	302601.3344860299
-8145.974004381835	0.007227297862610294	0.020342984586323245	4.877359577181963	4.942758025129556	302026.01293876226
