# /home/maycon/.conda/envs/dadi-cli/bin/dadi-cli InferDM --fs All.ei_cm.folded.downproj.fs --model sec_contact_asym_mig --cpus 32 --output-prefix All.ei_cm.folded.downproj.sec_contact_asym_mig --lbounds 1e-3 1e-3 0 0 0 0 --ubounds 2 2 5 5 10 10 --global-optimization --optimizations 100
# Log(likelihood)	nu1	nu2	m12	m21	T1	T2	theta
-4687.9230807690665	0.5634566527406524	1.0339452861246465	0.05378291657991809	0.3283742115194059	5.702711434519412	0.24635421882661487	6015.613157147839
-4687.961758243911	0.5391765666535693	0.9893838363340617	0.05620572355934266	0.34316325224877764	5.413857610161932	0.235726436809998	6286.432746928827
-4687.969667231795	0.5364524740336103	0.9836101437940296	0.05657228582910812	0.3463676182181329	5.37731757058482	0.23321307167494484	6322.561756668001
-4688.345191116598	0.41408528190788885	0.758726253299074	0.0733043113800023	0.44874449257047566	3.923321101918161	0.17994710103918637	8190.045106663598
-4687.883409054114	0.5936672119109605	1.0895255588254182	0.05104252400182519	0.31164364531841426	6.062115494732324	0.25958229277929445	5709.42097244251
-4688.1224366873885	0.4702487990823681	0.8627699560950476	0.0644622848735133	0.39350446309539333	4.594820508931301	0.20549348626998531	7206.9592408656545
-4688.041233326873	0.5006547981799891	0.9178646285273162	0.060622220758806286	0.37111923857671686	4.952138403046203	0.21764271156623152	6774.316100029719
-4688.461379969188	0.41032698576869203	0.7532734898019939	0.07373877378410006	0.44849281119195017	3.887301642445	0.18060870459212525	8250.76547019386
-4687.79143104647	0.7139562943513614	1.3094576723415206	0.04250205959639962	0.260199023748555	7.486375923246748	0.31050170517074327	4751.088204677421
-4687.842847002106	0.6325629988669456	1.1610048309636125	0.047905577810741416	0.2924660928431352	6.5246052143506645	0.2766043173049239	5358.444239921732
-4688.172852623904	0.45434062193180075	0.832704386820071	0.06680396026154901	0.40900850057479343	4.401742315100103	0.19747424669358377	7464.718517576761
-4688.245327438007	0.4354020124703511	0.79786183777201	0.06970832268260889	0.4268242432529938	4.176515666696884	0.18921343379566277	7789.494542487318
-4687.845646025688	0.6366074646301665	1.1675262369049846	0.0476672696098494	0.2918249945256957	6.567448530330379	0.2768317529455475	5328.092647376091
-4688.73051221156	0.3608571359425621	0.6606017528739139	0.08416666192422595	0.5150770062025135	3.291045806410036	0.1567413165476316	9397.521688448798
-4687.966689483598	0.5381486967639841	0.9867579772037877	0.05639186036068768	0.3452286676458777	5.397711459506027	0.23398450235352827	6302.437803219535
-4688.157811236775	0.4587567487901004	0.8407813994121922	0.06615748340140017	0.40502552402024494	4.454010782603966	0.19941550871543579	7393.111922019051
-4688.349499477137	0.41324863709897985	0.7573276424225798	0.07346459817344211	0.4496655892024147	3.9144089227429353	0.17957868625229412	8205.291655884175
-4688.220953924986	0.441360742749457	0.8089201021554671	0.06877713941977143	0.42099700502813503	4.247638345446787	0.191826698108344	7683.886558273167
-4688.374478630774	0.40870666911305137	0.7488273635090379	0.07428109012609976	0.45482188251897054	3.8597171104983814	0.17754756663172408	8297.527177384365
-4688.111518195725	0.4751461226341542	0.8711129544755332	0.06385991694037411	0.3909162120964955	4.651260403376795	0.20646607591502794	7135.998244307967
-4688.358116758937	0.41221333419765294	0.7550735002019977	0.07366494572558532	0.4512994542979694	3.900901968332802	0.1789754549341998	8228.00785235624
-4688.915537485129	0.34516923861573745	0.6317565044207689	0.08807635865421934	0.53910944105918	3.107588231192025	0.14959590099846445	9820.298932874624
-4688.426536381964	0.3997332531795928	0.7322756226789444	0.07594235508352189	0.4649412703330514	3.753375364125496	0.17368281633128127	8483.428775438684
-4688.161889689684	0.46249677826174124	0.8470389631593	0.065661227869341	0.40192535730033296	4.4956706757080145	0.20068254482320666	7336.869618438714
-4687.968212263359	0.5373156291855582	0.985136639435583	0.05648206170457924	0.34578705731684894	5.387674287192117	0.23363602816566506	6312.394379988074
-4687.95196510179	0.5473575100075196	1.0038252422691072	0.05541993801297716	0.33933816817781304	5.507782820941163	0.2380711281262037	6195.845425914699
-4688.049164979495	0.49692193312939464	0.91169945602286	0.060985608203716686	0.37233208606954316	4.911086697877327	0.21721391542912108	6821.050402483304
-4687.995865685859	0.5229651984193888	0.9587256233137122	0.05802657324038868	0.3550110568928562	5.217043104581652	0.22753084246867197	6485.59084435654
-4688.341064653727	0.4162073864271418	0.7634128522323514	0.07282694114567825	0.4447463681198722	3.9534230387176788	0.18180013272995282	8140.9264388205775
-4688.112953003481	0.47312283263015703	0.8671997030380646	0.06415610128568397	0.3926979672610645	4.6244568460045095	0.2056700346127531	7168.8823695972815
-4688.914517575396	0.3446233833748823	0.6305043579430905	0.08815182907212823	0.5401905911373639	3.0989357989588133	0.14947962575598028	9839.585193342598
-4688.079445907332	0.48545966200577734	0.8899497712458194	0.06251246295655855	0.3826989812868905	4.771555127560542	0.2111383754709309	6986.21312277371
-4687.955065453653	0.5443513652245605	0.9991162915885153	0.05565355613526077	0.3395766436376109	5.477764213982876	0.23822719996650726	6224.905777497225
-4687.878854962586	0.5975694699084645	1.0967334809860876	0.050713941254462165	0.3095949005791856	6.10849410327048	0.2612881362606243	5672.121308691159
-4688.5183323639085	0.3870824379344347	0.7089103316273986	0.07842452418765583	0.4809645689612589	3.603159329858388	0.16792069627920256	8760.902053252887
-4688.322677063015	0.4189956711606454	0.7677690054602158	0.07250212164195505	0.44370118700231115	3.9811956907730512	0.18193253884869823	8094.691469434038
-4688.28752963438	0.4258412633674771	0.7804152629803586	0.07127256345969077	0.43643433135815274	4.063174569378614	0.18504934240753806	7963.791712331572
-4688.136105352642	0.46717412580624273	0.856782597548587	0.06483986122669398	0.3959421411837255	4.558432615581294	0.20444303487899332	7254.569289118284
-4687.881882387749	0.5949556042514963	1.0919307434542784	0.050935429682958895	0.3109617405271901	6.0774683917879075	0.2601410732935241	5697.008306488227
-4688.180324382521	0.45223846751479924	0.8287765045649758	0.06711078634063593	0.4109110327397009	4.376577985152349	0.19655593244255726	7499.671183054544
-4688.248963856853	0.43622756975964194	0.7997384808176129	0.06954018107765866	0.4257669958011492	4.184289037637336	0.18950130334742446	7775.975953146016
-4688.393402905538	0.405357727228001	0.7426461519576204	0.07489476100163067	0.45856704403883647	3.8206536542645395	0.17610709441687586	8365.301325703658
-4688.190273820298	0.4496745853353702	0.8242215184773716	0.06749477157560765	0.4132070024398589	4.345777489758473	0.19537966221208053	7542.463063673244
-4688.387393908149	0.41093808229709355	0.7544282873520249	0.07361251643331103	0.450314887549319	3.8915977064858294	0.17940901717761173	8242.966936212204
-4688.301743490402	0.42281378644385165	0.7748344594842029	0.0717972908250283	0.43956141356014444	4.027649053173949	0.1837509545479128	8020.361122694878
-4687.9404888482495	0.5544455624229268	1.0166586337888464	0.05473328052317614	0.3350874789033065	5.591039344880756	0.24107387484116843	6117.471492811968
-4688.141565375878	0.4637121901667465	0.8499691354476929	0.0654485562786143	0.4006918256395096	4.513008837209941	0.20157235660544567	7313.913505103743
-4687.928169118183	0.5628500822200425	1.032085523887558	0.05392008066710463	0.3300976979113762	5.690929094655129	0.24471799298608432	6026.156348375187
-4688.014899113453	0.5120524213841663	0.9392867589751477	0.059167236572313674	0.36137216744480094	5.090523065153031	0.223885611259631	6620.160427412608
-4688.228079678388	0.43994117396450444	0.8065310424830996	0.06903431295651882	0.4222543717602125	4.23191272565625	0.19116079264316407	7707.270629077065
-4688.193670696541	0.44851851791469693	0.8220300875213954	0.06766587260664966	0.4143053114594241	4.3328169573355515	0.19494276145734493	7561.301876195817
-4688.2188707785535	0.4425578341486256	0.8111468052106505	0.06853348595961332	0.4195768842867767	4.263805052180021	0.19252858361109573	7661.203740549165
-4688.198600019962	0.4472365482762274	0.8198778613012243	0.06787318598230893	0.41547912705611334	4.318061002805132	0.19435002562561302	7582.2153643742695
-4688.18305642698	0.4514597280734951	0.8274336306561416	0.06723831090114289	0.4116001225556343	4.367491270213605	0.19620477151064136	7512.313422991215
-4688.200584618464	0.44700718961858116	0.8197785229749127	0.06787514171359632	0.41539827622764647	4.316790296552081	0.19438466974848803	7584.15931238549
-4687.90395440652	0.578051336850893	1.0611314598405597	0.0524571412008197	0.31994256177820535	5.876986925136446	0.2527644149479109	5862.985411292264
-4687.868779915729	0.6120820610456331	1.1224990446583902	0.04957857089163371	0.3035314115530846	6.275890520230654	0.26614869432076327	5541.588855673884
-4688.37810736111	0.40935386460298073	0.7505158244952608	0.07405088124384031	0.4521810666914337	3.8710646529213664	0.17882154575167514	8278.583663105495
-4688.002615819708	0.5176613392810764	0.9499197118977487	0.058558089945040144	0.3573658841126617	5.1584757565971255	0.226319981317938	6547.2120693716315
-4688.485986700051	0.3919969317117882	0.718669801766377	0.07734052111052596	0.4721073985358078	3.664372184795569	0.17125181133396425	8644.965690736935
-4688.225638296303	0.44104452251473225	0.8090232866424977	0.06872615913407486	0.41952525514011746	4.248031921203295	0.19276060049189428	7683.523531464218
-4688.06349203992	0.4921634825667195	0.9021299458988984	0.061620613376596536	0.37746793647597654	4.849344662692907	0.214052614553155	6892.629669015901
-4688.5529304836155	0.38569067500939735	0.706347617514936	0.0784889162622359	0.4811011373411601	3.591383656235192	0.16782224611628802	8786.383350083852
-4688.196581630866	0.4517449385481398	0.8276552509871163	0.0671363975950617	0.4117437714693781	4.375381633727657	0.19637507235970605	7504.300777106008
-4688.187390202103	0.45057864619417765	0.8258055776420208	0.06735620020767541	0.41249802998985413	4.355542747782485	0.19576154813669966	7528.320581586268
-4688.909312831912	0.3449660740955437	0.6313084125949745	0.08799807061742275	0.5386290840957367	3.100057514593416	0.14983066231441375	9833.241298757168
-4688.6105890895515	0.3746271391422017	0.6855464410230632	0.08101977634183648	0.49589129364311363	3.453125931608991	0.16283262501184786	9055.147848450153
-4689.188327665069	0.32638595902299455	0.59769583626524	0.09292039364798581	0.5674018527863751	2.8853186899282894	0.14239075327119724	10379.740196046467
-4688.739749460415	0.3598449274080624	0.6588424407146565	0.08434611990025694	0.5164987208289968	3.279491980002178	0.15631208787469614	9423.010778057014
-4688.390798066635	0.40746307232094153	0.7458297737219011	0.07448293051919679	0.456583231726041	3.8398011245393424	0.1768443459719451	8329.866374960717
-4688.394717651223	0.40557258828603354	0.7427891419247774	0.07480266504041137	0.45851564756308866	3.8226710210665025	0.17612578938670373	8362.064672447917
-4688.574339502962	0.3799422223660875	0.6947549612381603	0.07987547968425592	0.4895715199863441	3.5153996558539866	0.16505064202411468	8931.13412357978
-4687.873985132054	0.6025725153514526	1.1055461579665213	0.05029217155182305	0.30705206224097326	6.166995302071427	0.2634240642771613	5625.9030003621065
-4688.414626181314	0.40188027858070285	0.7366938740857168	0.07552747721553749	0.4619863186913151	3.7806513529281944	0.17474863412754615	8435.070754158278
-4688.154365264491	0.46058543908410693	0.8448010819241992	0.06583457861947063	0.40192983982804487	4.479164871500629	0.20124550353068257	7359.052445049148
