# /home/maycon/.conda/envs/dadi-cli/bin/dadi-cli InferDM --fs All.cc_ei.folded.downproj.fs --model sec_contact_sym_mig --cpus 32 --output-prefix All.cc_ei.folded.downproj.sec_contact_sym_mig --lbounds 1e-3 1e-3 0 0 0 --ubounds 2 2 5 10 10 --global-optimization --optimizations 100
# Log(likelihood)	nu1	nu2	m	T1	T2	theta
-6313.663894578177	0.37748961328745784	0.989048302410854	0.16197199988907368	5.713753469275283	0.2748690906162794	3450.8568490762095
-6313.989488373962	0.3174033463747851	0.8276588183904525	0.19381616462885382	4.624987929854562	0.22984946248824387	4118.2581989310565
-6313.77350361466	0.34702694200292006	0.9073576444356743	0.17681623532933438	5.15419506025865	0.2513003788305343	3762.44034246748
-6314.471938366	0.2586771142734496	0.676929900934768	0.23740656232126237	3.594278145929162	0.18628739531545135	5041.670620053168
-6313.746405921984	0.35264676268690764	0.9239939977427503	0.17382304202494042	5.261253196668027	0.25537149249255037	3697.790987858223
-6314.022839143296	0.3019442535809684	0.7912079833118297	0.2023846681325039	4.3712664567366275	0.2198624696235122	4313.203931634095
-6313.635131654048	0.3844704922186708	1.0066642617436248	0.1595372633090713	5.8291165740297055	0.278415557325247	3391.7189317415714
-6314.269359473361	0.272948348378047	0.7140969557693654	0.2246321149872414	3.84558154957447	0.19765588070855922	4779.273760713341
-6314.243421473369	0.2776185424599427	0.7263495583593751	0.22145711647873556	3.930650915093426	0.19992938805321075	4698.277268841948
-6313.626839500821	0.38754828637856764	1.0152166253899224	0.15829149431373798	5.890088392051097	0.28064526176078414	3362.5921645222347
-6314.166094034576	0.2823987505651868	0.7407456199421053	0.2167786190950971	4.031367620631163	0.2056288855416649	4606.181628262975
-6313.499232641253	0.4594977411220108	1.2029733275052032	0.13318017792540318	7.1670890129412514	0.33458456785056095	2836.7482542830635
-6316.214599960736	0.19557204979424525	0.5116289228714053	0.3137673911558337	2.4860036438892217	0.14162318308290645	6651.863545830716
-6315.902927197967	0.2025454693849687	0.5300722754855507	0.3028556298673408	2.6173645765541695	0.14667361694503347	6415.713736895609
-6314.814459717226	0.25175555577204106	0.6601152108186721	0.24499496901679374	3.4958586281537403	0.18029695669065895	5161.999607141396
-6314.348892461078	0.2651483916850109	0.6941568204081211	0.2313297135670819	3.714956370732687	0.19200837047632408	4914.212657232478
-6313.52395031919	0.4653890589070388	1.2186569122744664	0.13150007450435555	7.252868463977346	0.3388721067604295	2804.2651820434094
-6314.480521240455	0.2555875680378268	0.6693713217323609	0.23999971422557953	3.5489414671788677	0.18508396584622552	5094.81842745074
-6313.766716365248	0.34483772665443113	0.9036784213888193	0.1777667719039743	5.1319781044146255	0.24971561623075558	3778.0872564978695
-6313.607055081549	0.39410360150898355	1.0330870972995554	0.1553271554660011	6.014643396453012	0.2869655070626867	3303.5240965896633
-6313.693808403559	0.3647313304455886	0.9568010180863805	0.1678003031765443	5.489549067741316	0.2655792929855134	3569.4206494690093
-6313.813573788204	0.3340380966472834	0.8742933171828304	0.1836810645270746	4.936074774254561	0.24189474706294237	3903.0125614354133
-6317.294113059195	0.18024126272514346	0.47087110402001436	0.3399917617191135	2.2115663821433986	0.13124287650443542	7219.344993543437
-6313.838295358014	0.3286171834222106	0.8612509708493553	0.186309483222918	4.8493350162731	0.23928464019064244	3961.728879728735
-6313.616952578826	0.4078198201648916	1.0706883503140583	0.14975939682914344	6.261839766910934	0.29858590097627663	3189.888259011066
-6314.900462229247	0.2334660715636106	0.6121321650495904	0.26198402442026414	3.1636906089508154	0.16999691827543237	5568.13921667721
-6313.750028329886	0.36313449653020413	0.9490929382650288	0.1693051649473005	5.4341333500730755	0.26151128571905674	3598.235438771626
-6313.861849273641	0.32436422858953756	0.850610732526148	0.1886484975412321	4.772037087349614	0.2361855535387313	4013.5759837586347
-6313.521423181788	0.4409696310997705	1.155113924198911	0.13907188181426858	6.832537399992983	0.31933107727188303	2956.8907478451915
-6313.6225721413275	0.4026985218551255	1.0566746794349655	0.15165848671519896	6.172994269356428	0.2948359157859576	3230.358497346542
-6314.016414970531	0.30025965225540907	0.7877985892822691	0.20381472497080014	4.351845052794136	0.21863030231616282	4331.008288437097
-6313.775226926443	0.3453062942880653	0.9029824187174323	0.17772573075776485	5.126469983707759	0.2500542613598309	3780.068746224058
-6313.756153445239	0.35151630541289974	0.9219736369368516	0.174598984525225	5.2519362360580475	0.254551433195719	3705.0117855484573
-6313.868566498427	0.3228226897356516	0.8452126541273213	0.18999366508802715	4.736573450946262	0.23377242018127023	4038.2449112697345
-6313.69123951048	0.3677512259118679	0.9622252238830473	0.16671528161032145	5.534254032298938	0.26630888814072184	3545.938411682303
-6315.513079417656	0.2117252741213484	0.5535262138138954	0.2896107909833946	2.765604448230857	0.1533209768944185	6154.215112345398
-6314.160743323801	0.2822489644706054	0.7392673009251938	0.2172888658396291	4.019829124632755	0.2043912469454717	4615.683069983356
-6313.5504824882155	0.4513560178837452	1.1810034953302277	0.13615862145242336	7.0064107588775855	0.325048358547226	2892.2792291965193
-6313.976622039375	0.3079864180988238	0.8068601312927988	0.1988968969339578	4.4690037148829775	0.22302854567952607	4233.618485927398
-6315.0986754811465	0.23158624915827544	0.6049691064119415	0.2663449425516637	3.1267653018963832	0.16677908531457536	5623.219534363137
-6313.415785062739	0.5424513937368957	1.4207362699194965	0.11307799551156687	8.643005494155053	0.39281707385764963	2402.778641390292
-6313.996559301631	0.30267791904413727	0.7918193606844695	0.20269705374895547	4.378347998815743	0.21918674458427087	4308.008435061331
-6313.4705339725015	0.5294337093238098	1.385286383741037	0.11609091754419575	8.389211719217853	0.3812747976496087	2466.126270432182
-6314.981238523077	0.23875187762335992	0.6227902948217076	0.2584914825629799	3.229224863833895	0.17002852184427886	5476.371912285742
-6314.3861457296625	0.2699425522425971	0.7032186844252588	0.22801050345688947	3.780110118723887	0.19439802684530513	4845.883222665068
-6313.978440180688	0.3299922783885524	0.8633818076626358	0.18473816748691987	4.857088830504754	0.241605851393298	3953.008396907322
-6313.590516178682	0.40436637111476803	1.0580943421265	0.15171897484936966	6.183230716185231	0.29282364978743536	3225.286185274863
-6313.872498443548	0.33001909353345493	0.8631287178077358	0.1862780669096385	4.858620157184528	0.2376640338459461	3954.122632790819
-6314.278925933146	0.2748704104196816	0.7181850389275053	0.22375798228158722	3.875633287670317	0.19794960520001825	4750.463983208641
-6313.722831941826	0.3560331396516198	0.9324753963665535	0.17223666967914075	5.325483948281885	0.2578216425416607	3661.7507267498413
-6313.65053664884	0.38091593349344893	0.9977955430777313	0.16112951418484295	5.775701002499817	0.2758410590477695	3420.1758634710786
-6316.136007936232	0.1979861921415567	0.517442581700225	0.309204267368364	2.524796929895445	0.1441629099882529	6576.450644003497
-6313.985609518822	0.30376227001128125	0.7958156652313607	0.20192450248751712	4.40201985528202	0.21996937972259847	4288.863507944394
-6315.347823360432	0.21716468007693096	0.5678635348317956	0.28313815340563114	2.860210975915491	0.15639087737484433	6002.5503647268015
-6313.986550522098	0.3035452609373368	0.7948477467538708	0.20208932517694914	4.396740281629225	0.21981313880346912	4293.186464424589
-6314.867916355394	0.23429871236400895	0.6130151923357979	0.2617971849759811	3.1684853458248807	0.16966799276815384	5559.923645205579
-6315.179492902001	0.22291423410742878	0.5829376419637728	0.2757591183135402	2.9600264151452196	0.16053296445190376	5849.836796301888
-6313.597433973571	0.400700753718349	1.0496285981088005	0.1530442315908596	6.116679989659796	0.290168475819386	3254.136025332483
-6313.914721854521	0.314783202017717	0.8241628456653444	0.19483338131350747	4.597032227808364	0.2279509556903834	4139.956634305879
-6314.426534849758	0.25932591295379354	0.6790863591533909	0.23654229107165828	3.6147963044313864	0.18779144434731024	5022.02043128897
-6315.994827903302	0.20033465424203534	0.5234827738917298	0.3059474057686459	2.57012943942532	0.14507226157527742	6497.086013665238
-6313.480894427998	0.4777190525877063	1.250788762653825	0.12835351790375182	7.4762393829304115	0.3459413918591925	2731.465797250242
-6314.661690560526	0.2480457312532055	0.6514051178837879	0.24616290305297955	3.4307074123671106	0.18160615849647224	5233.559130379711
-6314.731792403946	0.24156725717823413	0.631862245576747	0.2541951868465873	3.299954861505656	0.17493070055131588	5391.76516024364
-6313.783971298811	0.3400726123726565	0.8917658407810042	0.17998683482787123	5.055346628416815	0.24762496010224963	3826.97170576334
-6314.015349197703	0.3011381879652223	0.7896398130356813	0.20340040769673914	4.367606359889861	0.21927406487087703	4319.072799063265
-6314.619063167732	0.24857714019566438	0.6509365043574082	0.24663082418597604	3.413561681777782	0.18000704329498432	5245.544461788763
-6314.273600272129	0.27202660661830125	0.7115873865725876	0.22552782505597843	3.8313013886934044	0.19698726818567916	4794.495328961987
-6314.478662590454	0.257869796345338	0.6746490626943606	0.2383203665603218	3.5813748193696435	0.18570563748380486	5056.925208878371
-6314.362398744897	0.26412149254522094	0.6913296139376427	0.23222099462797027	3.697813092509448	0.19126415623264956	4932.934823920801
-6316.165035786354	0.1969635534681621	0.5161692691244711	0.3106071552361959	2.5178525920548944	0.14341931106765204	6593.496355568869
-6313.644607718204	0.3810792345313245	0.9980902756606307	0.16094574504489098	5.775920724906479	0.2759599546478289	3419.598992324567
-6313.72275669989	0.36902239347790394	0.9653863359247103	0.16650356899542434	5.550817671822418	0.2657536859786823	3536.1374402543947
-6313.635923492286	0.4089134446127669	1.0745320511371546	0.14935346147434023	6.279674278817266	0.2993797416436907	3180.924709289893
-6315.855583589417	0.20348804756103395	0.5315988994142821	0.30230298196997424	2.6183800552517456	0.1465425834141721	6405.63877579972
