# /home/maycon/.conda/envs/dadi-cli/bin/dadi-cli InferDM --fs All.cm_lo.folded.downproj.fs --model split_mig --cpus 16 --output-prefix All.cm_lo.folded.downproj.split_mig --lbounds 1e-3 1e-3 0 0 --ubounds 2 2 10 5 --global-optimization --optimizations 100
# Log(likelihood)	nu1	nu2	T	m	theta
-3789.018475866479	0.06940171889624	0.013226714639659003	0.4667477467640221	1.718625159689752	63031.408998621846
-3788.311075588569	0.06713095979104415	0.0128217289869134	0.46004972577178627	1.7804996313587746	64790.77870855451
-3786.1681417555055	0.054526128075500696	0.010415666870448924	0.4459605435053829	2.197869924225097	79409.41886528544
-3785.713281405873	0.042447959950441566	0.008069665992606936	0.418397764561408	2.8185606584013683	102506.90760517416
-3786.6310583964014	0.059201319712415656	0.011278557119127517	0.4581369998478575	2.0187930779160235	73515.16057188949
-3785.6158306962143	0.039799390008080075	0.007582110761184655	0.40512838090680403	3.0107784491753002	108995.16339104288
-3785.683413626919	0.04469859884485729	0.008515406160145653	0.42260441371587704	2.68091403780238	96946.91367904139
-3786.2602431295636	0.055968898493299585	0.010660645119205373	0.4521862957668298	2.1391864910390037	77673.5620023243
-3786.4150389035053	0.05747099933008219	0.010954891994312587	0.45485062561943573	2.080866938449634	75641.93296571099
-3790.851220170177	0.0731893108432554	0.01392704714303165	0.4766999170038727	1.6229694914638368	60282.66093755949
-3786.5721871050355	0.05874523861278511	0.011204065846114176	0.45672648449929304	2.034862108240212	74015.69046475843
-3787.097183714329	0.06232041129274021	0.011857273704665655	0.45864178137293243	1.920339484015077	69785.69978919887
-3788.282530734899	0.06722454680508602	0.012809315290279925	0.46272561813280405	1.7768726485298239	64845.06418652884
-3785.753792393154	0.04653992583318998	0.008883166145234753	0.42841912725853915	2.5756075318338225	93123.65302690047
-3787.4919782683546	0.06413796865865362	0.012227173571855494	0.46175342276682696	1.8618789950206824	67881.57779672854
-3786.4926731402447	0.058098667419810214	0.011033622478338464	0.4538357925542204	2.0600729073128643	74751.2071676788
-3786.609208128646	0.05916669297053753	0.011264948405708703	0.4546117861952355	2.0222006058928477	73351.98986754076
-3786.9000118514155	0.06112957556120018	0.011641326159753437	0.459835523180289	1.9561891184516351	71232.91349025638
-3787.24161455818	0.06294183058266294	0.012013508829212198	0.45819862613690776	1.9004885873901856	69017.5307740955
-3787.3794146434902	0.06365584477795058	0.012128326554759306	0.45933245651521554	1.8792046548867876	68314.23295404634
-3786.7342240178136	0.060100756109613525	0.011448954408134215	0.45654152859141944	1.990300925160832	72282.07002272386
-3786.4969651321944	0.05802649099335626	0.011012627791967954	0.4525351357360711	2.0635478153649367	74773.70505881902
-3786.688513960475	0.059693444672584015	0.01137692419409509	0.4538974775288769	2.0064865061264006	72657.47681288235
-3786.3657797690776	0.05708981168683917	0.010858247514507206	0.4510957731961359	2.0986616864312544	75983.84596986022
-3786.2158550007202	0.055582645046962864	0.01056940496302259	0.44916164622552734	2.156190878878161	78065.46896907414
-3788.9143862810506	0.06907687688391749	0.013166792475481815	0.4657895813113816	1.7256846929576652	63248.37788690477
-3786.6474758098516	0.05942184145661162	0.01130462671516543	0.4566624580883858	2.0153037974234373	73211.09150011839
-3787.3770384216427	0.0636824390316995	0.012126799465538358	0.46086991335018546	1.876177262792261	68342.27370631337
-3786.0021952617644	0.05255654789415887	0.010001060430938312	0.44216746657612266	2.2816266333176736	82413.4933858509
-3788.334282613173	0.06739796668851218	0.01281160387024569	0.4643464736679837	1.7723112650163095	64784.95830101423
-3787.0670408186406	0.06202258685155157	0.011804580172199505	0.4617029043420228	1.9285234700227694	70310.85713797966
-3785.7787465808965	0.04803468251395052	0.009136640359780913	0.432384262576779	2.49706598876646	90261.34590162283
-3785.7143663949905	0.045817079347524436	0.008718763619103127	0.42568551120585957	2.616657139479106	94560.1808622777
-3786.477480903809	0.058127454196207115	0.011072422844493703	0.455388788878882	2.058567933809596	74800.82106462128
-3785.5775969980923	0.034732147701581825	0.006620661965180492	0.3805839328563799	3.4493997135478103	124679.86411607052
-3785.907231462076	0.05072520830545953	0.009650281398142153	0.43963851422646355	2.3613589595101194	85458.85292943584
-3786.058300786838	0.053520498684631095	0.010182426712728745	0.44741934662323746	2.236918513957222	81163.52842185956
-3785.6268154443687	0.0406296820430256	0.007723149933019694	0.4078793908164517	2.950275596017931	106712.82078549456
-3787.527883218675	0.06433068715188031	0.012270654770192157	0.4604984978255257	1.8584497379570946	67636.84842283385
-3787.8568465509875	0.06558110269612318	0.012461770939366202	0.4660746565763862	1.8217232689863256	66672.2620555783
-3786.8237712676673	0.06070724822043816	0.011553737191209322	0.4581313018000538	1.9703000534120765	71643.61632260695
-3790.803043720982	0.07324815008061075	0.013986976093636007	0.47304085497176557	1.6227747581943504	60070.04751297867
-3785.7120559761993	0.04555476224568106	0.008655229732332775	0.4260818326246631	2.6314805971897215	95261.93366330401
-3785.6347973314028	0.041355864301651245	0.007884388695355586	0.4101177190991224	2.8978901242457584	104702.04967317022
-3787.400519557951	0.06379138978523394	0.012155164881815722	0.4613632271047167	1.8750960810827173	68292.23484105177
-3787.4986687561195	0.06417789240713191	0.0122260241100218	0.46342148348772916	1.8614820325680521	67960.64908755207
-3787.3490442383077	0.06353601933175532	0.01211395705319897	0.46086714650088906	1.8806629615824526	68497.8940795039
-3786.2729685079958	0.05511094137734957	0.010526444122575968	0.4441353145604886	2.1771976365896704	78390.51761878925
-3786.401368174928	0.05732880013639041	0.010926294026459794	0.4503418321647635	2.0894066338038524	75561.76114368664
-3785.7551093658394	0.04739090356231779	0.009022295232609098	0.4311954718514216	2.529553701612025	91513.53719739041
-3785.809943897714	0.048456594563144766	0.009211454117390666	0.4350027115754872	2.470556312118492	89532.16043940351
-3785.655716673722	0.04248469884782503	0.008082868285814466	0.41310182604847295	2.822303601530082	101793.46034275854
-3787.24971789804	0.06303985359527549	0.012005168333029743	0.4620585031253994	1.8952999906571975	69126.18877781715
-3786.7350066826803	0.05973663331777662	0.011384250335276453	0.4600202901667419	1.9993139924682322	72926.49510816745
-3786.2565675986352	0.056072647089376454	0.010674538526277673	0.45025546804028593	2.136943005848672	77399.8914924535
-3786.0730109816086	0.053872761930463045	0.010254257444757903	0.44626794259931224	2.2239415089900074	80507.67921609413
-3787.9876973535447	0.0660161883042877	0.012614741078085998	0.4627217801270482	1.8094629612707573	66003.16641313213
-3786.973173518727	0.0598626267805198	0.01137230294069645	0.46649433543046953	1.9930400368699979	73199.41561390614
-3785.8436108218384	0.04902133446479027	0.00932819489650884	0.4376057684586887	2.4400436579032183	88566.50117624803
-3786.4980907071717	0.058357827129542746	0.011111448770395726	0.454150337622691	2.0511695742017415	74411.37820880902
-3790.0215376118754	0.0718022929938379	0.013645398634607439	0.4676599613393397	1.6594021238509105	61042.711057355955
-3791.954582692175	0.07542457588241061	0.014354930603879486	0.46941154850505673	1.5767115661554556	58325.298941851746
-3786.7876391322347	0.06034952574125367	0.011507032143738933	0.4567403912785854	1.984727891527558	72032.30460880927
-3786.988019308662	0.06163103757774319	0.011741701643620935	0.4570834733368263	1.9436477997665393	70511.56266848072
-3787.085863485255	0.062128167217270915	0.011858402167895802	0.4586407743831538	1.9247157126216268	69958.13796975263
-3786.7438225267815	0.06013529082919278	0.011464228569160144	0.45632373319088015	1.9893010958375503	72221.5785917709
-3787.8038552935395	0.06550099836541297	0.012458751788541174	0.4638157658078245	1.8242122081302417	66619.63267170577
-3785.605949858338	0.03928007338606683	0.007471931830145504	0.40285870012852804	3.0507197886453965	110442.30192152946
-3786.0812312970565	0.05386107043088248	0.010270530375039954	0.4464828034757419	2.2239765829500233	80523.94177133523
-3786.4633680637944	0.05789298897616185	0.011025960712796561	0.45369596498674253	2.067377425929751	75005.17020622689
-3788.9229411427823	0.06839373929288124	0.013121833523135111	0.4709709393155587	1.741086021120968	64073.01646678199
-3786.010177824317	0.052110597017884445	0.009909452636099932	0.4393110937908872	2.3023888988767656	82961.97132204524
-3786.772756260605	0.06033188383400806	0.011496000332940952	0.45630087880166187	1.9826482463849284	71973.98093232368
-3785.685338892338	0.04424365457092985	0.008422704953996406	0.4212426702820501	2.7093030552742974	97989.8280711947
-3786.5591108442104	0.058817079881218697	0.011196779991203767	0.45584654840719335	2.0339439769304852	73898.6767262236
