# /home/maycon/.conda/envs/dadi-cli/bin/dadi-cli InferDM --fs All.ei_lo.folded.downproj.fs --model sec_contact_asym_mig --cpus 32 --output-prefix All.ei_lo.folded.downproj.sec_contact_asym_mig --lbounds 1e-3 1e-3 0 0 0 0 --ubounds 2 2 5 5 10 10 --global-optimization --optimizations 100
# Log(likelihood)	nu1	nu2	m12	m21	T1	T2	theta
-3112.7738891898025	0.7895696538024927	0.12111079897365114	0.12003132569406298	0.5454347818940755	4.208668314657852	0.2683856817744444	4602.954012937228
-3113.7178020019683	0.6876131384560243	0.10488843739160297	0.13757581391694065	0.6293650490295604	3.5450499123572548	0.23453383773732417	5281.087909611607
-3114.3545307895474	0.6419109756276106	0.09893355783753373	0.14739530802600154	0.6679429601243245	3.2393035617131893	0.21884498492910137	5654.9128605665155
-3111.9141055442874	0.9749892752453883	0.15079379123448947	0.09710001643893207	0.4379095514623255	5.419642324124408	0.332957938347591	3730.158374851263
-3111.9194742519658	0.9733591716993557	0.1510498264535403	0.097190711745342	0.4371520212642146	5.407792758045547	0.3329190592896568	3735.9098436178256
-3111.8053859659612	1.0196706819116264	0.1577440544489661	0.09264631773274522	0.4189437430457995	5.712359634479225	0.34830325835933934	3567.264372078511
-3112.2537006183743	0.8800171295658791	0.1361707234970308	0.10761731960133508	0.4851780407961886	4.795194905202631	0.3001255737395114	4131.924202752633
-3114.183518808703	0.6538721886907665	0.09991059344915271	0.1447234042873168	0.6618593411393316	3.3211121656486906	0.222603480394966	5553.191056295009
-3111.4335996362443	1.236873896337031	0.19152374260703037	0.07655665739116278	0.34483286539296143	7.137195887396113	0.4221248446822791	2941.746633328683
-3111.588858010435	1.1260790510142153	0.1738876408093739	0.08400775008683029	0.3796847798219505	6.413208130611707	0.3850451981654198	3230.632236534169
-3111.774813767482	1.0303853609187315	0.1601186541445739	0.09187975647789352	0.41259643594978596	5.777590586333961	0.35162556687763175	3530.4871854097355
-3112.8219712913155	0.7881609628229238	0.11966335937202428	0.11987164201965325	0.5508379398459355	4.208601397614867	0.2704428050996524	4610.687275006221
-3113.495250833984	0.7087171226226054	0.10773117047700644	0.1333331962828052	0.6123369030290825	3.689145905347998	0.2426335828080965	5122.746835188694
-3111.1605762075897	1.653034384726046	0.25570674185381387	0.057339297019781924	0.2585061066246913	9.875158328949992	0.5625630929363729	2201.3240982213947
-3111.2815537759966	1.6647693798741572	0.25145702619616733	0.056908320323433216	0.2623775461152879	9.998090353491255	0.5672953316589835	2184.430501082487
-3112.567586451348	0.821952992996351	0.12795029221977927	0.11531075822571103	0.5168001879724093	4.408541500545028	0.2794476849197245	4423.467704715529
-3112.079280837682	0.923732686404467	0.14313536746382752	0.10245728607715107	0.46152335015727314	5.079976660532813	0.3154753571143796	3937.3485215742685
-3113.707711516361	0.706252241864859	0.11218366364118515	0.13349932036588474	0.5900020195701319	3.6609859844925863	0.2418154728583331	5131.015072384081
-3112.620340072331	0.8127565606657993	0.12451941266534255	0.11644280948416356	0.5294808989538694	4.361058451583463	0.2777671748423552	4472.727426475849
-3111.8377056922754	1.0029528344432384	0.15528437767596937	0.09434300584105658	0.4252551089007374	5.600756085838467	0.3428725112526034	3626.9608673501966
-3112.76471866531	0.7923692907454237	0.12301822916200675	0.11947934196025525	0.536431286378568	4.206254698286178	0.2701527988081928	4593.510196406427
-3213.11594828969	1.982484315095594	0.37961055537310084	0.048494557572705925	0.17730612852137503	10.0	0.6051204339589574	1996.9150267750067
-3156.0519381377244	1.8767562486907394	0.35290839337639757	0.0514145675816562	0.19100589172533572	10.0	0.5858293783100313	2046.4932626870711
-3187.7111762661007	1.935125482811521	0.3450440910624109	0.04885418522735279	0.1946149199366246	9.977204095823618	0.5968713580388685	2029.401626245364
-3112.857985754038	0.7949562961076534	0.12055456450515283	0.11902651583236581	0.5466005003434496	4.235921082902753	0.26936088057968655	4579.738486829097
-3116.3681543891353	0.5574340723435219	0.08535846841836515	0.1696769950924757	0.7755747182977915	2.688977772433053	0.18908621902836223	6504.9918779193495
-3185.113118825649	1.932795025965945	0.32797415241705774	0.050356219452185234	0.2055049650576408	10.0	0.5637635260957876	2034.6235521526098
-3113.665019755302	0.6906392307793842	0.10686684243979935	0.13709482081393592	0.6186327962475755	3.5537044833779476	0.23511068456968842	5259.843678563477
-3111.1459136799836	1.6638386949587816	0.257653973734579	0.05686456007444811	0.2562712385788591	9.942799015503786	0.5689073603232744	2187.401435794201
-3111.167383481906	1.648494467741267	0.25399453630311875	0.057333614602011244	0.2597780250536554	9.851918288045216	0.5651361069786268	2207.4956900061934
-3119.926925616459	0.48512176725756295	0.07200245389196107	0.19342975404240204	0.9098050774958535	2.2304044847472326	0.16617987634759665	7461.943358831773
-3116.729846243214	0.5472595207861713	0.08351541094267938	0.1733635847016926	0.7931668506678701	2.6250928021601565	0.18507285240616875	6623.265013267387
-3112.199052569749	0.8926025277551415	0.13844977517792048	0.1060012835733566	0.4770316295961078	4.87619894025749	0.3051482624153713	4073.863289199759
-3111.429964836869	1.2404907279128434	0.19173207655789062	0.07631258587037262	0.3444904804119573	7.161960345585969	0.4233507245616716	2933.3929579910573
-3115.782834261891	0.58086890258972	0.08695413589832421	0.162817170994804	0.7605200219673123	2.858837281533305	0.19790995849193763	6240.567282533201
-3111.7956599959684	1.024327085358948	0.1587515168699334	0.09246522942272532	0.4162382282689175	5.733749784510247	0.3486234223092713	3553.213337648252
-3113.06475167663	0.7542671755788087	0.11750265862585253	0.12585573363549224	0.5633291317535206	3.9634948482086267	0.2556898069932286	4819.447419633037
-3120.9364545574526	0.5091204488189176	0.07375957926812107	0.18802027117073725	0.8915541170642383	2.413697237384508	0.16558685425983138	7088.089429934933
-3113.864052730921	0.6754680748765592	0.10405515672823275	0.1402691087571168	0.6353718811599458	3.4546094872618873	0.22975684300270804	5378.950637331513
-3180.3831780907863	1.9239849084722223	0.37424713864421677	0.04967787452168473	0.18432310241630234	10.0	0.5824042805597217	2021.39782369559
-3112.91664876738	0.7670286601676751	0.11839166169030167	0.12345043478678411	0.5579253807083833	4.053917430976374	0.2614125383926653	4739.4061999622345
-3112.432400292765	0.844608902039244	0.12960438769765392	0.11214240133516701	0.5094296122313869	4.570389548388975	0.28824391051876197	4303.988855972768
-3113.3500309540595	0.71785863117532	0.11052946796637564	0.13176849263619805	0.597330171391486	3.7395645290848964	0.24537926896596493	5058.763999061432
-3113.4748342151634	0.7071679305570293	0.1082633414233543	0.13376041796754462	0.6099846371374077	3.670256398307031	0.24164759789415988	5136.6429431959905
-3111.275369757496	1.4185153550406917	0.21936457304862672	0.06669815498918612	0.3009370915191327	8.33375616132956	0.48515863687678573	2565.2040784823844
-3112.540821415434	0.82233986713962	0.1269968270410334	0.11506068364524405	0.5200708300235346	4.418379302846458	0.28092096033597586	4420.8664201161955
-3111.1802362571984	1.621001489494607	0.25077231922887894	0.0584526865717791	0.26362618769604745	9.652099399101271	0.5507031570464929	2246.3025346498366
-3212.5721594984075	1.976974137473715	0.3790289115333263	0.04889329422733028	0.17757880145329594	10.0	0.6244162973797079	1998.766333763044
-3113.1708618893977	0.7476715753488397	0.113234440870006	0.12678540937828683	0.5839336027602188	3.9494244739695583	0.2543900947386216	4855.669285883422
-3112.9122040907546	0.770085012120516	0.11787388400678492	0.12259117037828475	0.5598154216408796	4.082435175187442	0.2638312883631862	4719.475901085626
-3112.531225016777	0.8249709353563919	0.12730852008051835	0.11477617742144683	0.5188601222498395	4.435098363792821	0.28110125495615473	4407.130704687263
-3114.9443843540816	0.6114073370504094	0.09367690978747448	0.15499774969896313	0.7057004132281675	3.0467090280416707	0.20796640165038102	5931.307346503445
-3188.275621835396	1.9381611233802147	0.34213180835827617	0.051122726575850624	0.1993650871244225	9.99998731865259	0.5464630483794617	2027.568513288392
-3112.231598124216	0.885926089588636	0.13654907040366585	0.10682256732650659	0.4835616057867927	4.840053500313498	0.3028867215714238	4103.2915589657105
-3112.365082693197	0.8643973944447907	0.13352338715397302	0.10959927009286739	0.49563089337495764	4.696246640957018	0.2931919137880695	4205.120990022444
-3175.7157389148106	1.913038005537165	0.38478429228142025	0.05071568296302145	0.17695345982774777	10.0	0.5813549870147546	2021.7891291297094
-3217.4200128339867	1.985072469042308	0.4037776804794717	0.049530679344423456	0.17105729130984243	10.0	0.5716434332291733	1989.7211217443992
-3112.860388173105	0.7745533682021105	0.11931736462759399	0.12225960911603502	0.5535965336373665	4.106300176942587	0.2639336122130297	4692.573871995035
-3131.349096306146	1.8069026300196938	0.3260975870233193	0.05374689335252357	0.20882327908894388	10.0	0.56655962607855	2084.9928885657296
-3115.7745475706074	1.6425515741313226	0.21725753628055416	0.05740478927053387	0.3008711107577644	10.0	0.5627449601145642	2220.4855222039782
-3112.200482085543	0.8936053273644775	0.13895756385355254	0.10591868320334584	0.47527986623436264	4.879081022318275	0.30515568242726654	4069.9389607656103
-3111.232741977644	1.5155757061961705	0.2328890389176493	0.06237890038788247	0.2832889764834874	8.980164283577071	0.5192369975152304	2401.0818114842787
-3112.377205052373	0.8547472751832866	0.13145978887797036	0.11076550301584943	0.5026393234843016	4.633842943339893	0.29131940189439676	4253.721162549388
-3116.5076652334287	0.5530951839231241	0.084635742459618	0.17131503922024627	0.7799423059320734	2.6714636336256743	0.1880964121514731	6544.152864584578
-3111.1631740482067	1.6670336321444337	0.25768993249097577	0.05666831097372746	0.2558999335449528	9.97177749269823	0.5728534951915919	2182.711763558439
-3201.3229040639144	1.9644213761318954	0.3568034621255042	0.04941312809948906	0.18856637415002647	10.0	0.5869634780450771	2011.7262615274688
-3123.263579626876	1.562256227870955	0.18946353581153172	0.06131332494118133	0.34559857032745556	9.758691382730891	0.5426351852711149	2315.43868271985
-3118.930244433562	1.5421352105904638	0.19736580910627555	0.0604924655998903	0.3310748192532084	9.556838440719481	0.5487249273952309	2344.2959942747757
-3222.8298801347305	1.9929607824895474	0.35927127724605035	0.0499614609310673	0.19352344854825348	10.0	0.5425463500547211	2001.5854944589303
-3111.3729034866706	1.2999115564066703	0.20079643663988378	0.07279498767732717	0.32882798132632063	7.557919251628988	0.4448442607701248	2798.606608417671
-3111.5115521797393	1.3012292047641305	0.1970700989836313	0.07244033767057464	0.3343181622426238	7.599810540352644	0.4489175075659669	2794.0221079532403
-3113.063643784615	1.5706982117987542	0.22235192094193812	0.05969205691264304	0.2974174057559641	9.4949151169634	0.5350084297119313	2311.9878478512705
-3111.7702859826577	1.0303517423048458	0.1594855378311597	0.09183445248125918	0.4140599170061862	5.782919579621403	0.35215001541422153	3530.028669539629
-3176.391506997573	1.025901467440532	0.08541522997356354	0.08787776122361274	0.7822691056601344	6.618509772958683	0.36137136751937465	3531.647770256066
-3134.8170522629007	0.3760433309516492	0.05100959865609377	0.25259822690631006	1.2824298095681563	1.5997225700131699	0.13166619427492143	9475.983668592391
