# /home/maycon/.conda/envs/dadi-cli/bin/dadi-cli InferDM --fs All.cm_lo.folded.downproj.fs --model split_mig --cpus 16 --output-prefix All.cm_lo.folded.downproj.split_mig --lbounds 1e-3 1e-3 0 0 --ubounds 2 2 10 5 --global-optimization --optimizations 100
# Log(likelihood)	nu1	nu2	T	m	theta
-4149.326577154974	0.024159853993449523	0.004549000216624326	3.601001393480206	4.292801393928453	234198.93432779578
-4149.322746852802	0.03809426396824651	0.007172523910550107	4.065029464609106	2.724152648740145	148578.4814022535
-4149.323288701721	0.026108586864464437	0.004915773465313092	3.14397997101881	3.974929286756169	216792.33708197656
-3788.8490040432202	0.06892790533147722	0.013135595953945171	0.4662128516113784	1.7302086071975418	63418.64173474343
-4149.319525075336	0.03948598276891231	0.00742827606875287	3.31605986355086	2.628909320061735	143373.6709550071
-4149.321662698343	0.036752010389441425	0.006909380913288241	4.602655647154107	2.8240052962502795	154033.99659830384
-4149.304830574338	0.06162974495779793	0.011612048310857168	3.9981548412363797	1.6827268652674054	91800.180957068
-4149.320914420767	0.04144507569522073	0.007797971170995712	4.306652281070339	2.5043913925795733	136587.69010961594
-4149.320564752306	0.04186694118442519	0.007872855509920671	3.6462499816371152	2.4796585017780504	135232.06518366747
-4149.2872498774705	0.08077548681160172	0.015186375403298836	4.9141088477270936	1.2850410836807051	70086.87677815183
-4149.318095897996	0.08693175306167415	0.016355673498653772	6.422644358265757	1.1936980867496603	65110.79159745808
-4149.307672420029	0.0523836622763838	0.00985379414205139	3.663503934089	1.9813048126349513	108063.63618934531
-4149.320615533858	0.04330854541624406	0.008144910846366194	5.374518647753848	2.3966778627126173	130716.68772925576
-4149.320787205117	0.06106614874316615	0.011490361524264841	9.529904003034185	1.6995029284292387	92694.53347328588
-4149.326415439371	0.024213376256563526	0.004548371580732138	5.017122079220153	4.28833300515409	233870.5119346487
-4149.320464186432	0.034841179451383965	0.0065543640575012755	3.253943528408923	2.9791763853077287	162481.79216028735
-4149.330706638974	0.021244836604707648	0.003996270771787748	5.645638196000899	4.880819028509731	266325.40929860296
-4149.3206394726185	0.024294861975508054	0.004569041176310439	5.940439233186564	4.272110653190546	233011.00146165167
-4149.320443020883	0.04090610298050897	0.0076950869774362754	4.150592752795227	2.5372572437112315	138385.69616941168
-3791.4916373816263	0.07461783372177452	0.014195265772442168	0.4698082890579022	1.59308378772439	58915.023008190445
-4149.322135979942	0.021709192189231653	0.004086626205899316	9.860107965414457	4.780506702505534	260731.33500908437
-4149.31945737055	0.026704085733430583	0.005021070506855979	2.1457967128641324	3.888878194329971	212055.45430882057
-4149.320878742797	0.03438495615593055	0.006468551466744986	6.183771369270522	3.018105352168236	164620.3107042927
-4149.320575195101	0.03473076976900559	0.006533986662520174	6.006003148903051	2.988441565680155	162991.62453598453
-4149.323459547435	0.028633581471937	0.00538753062584274	7.084531371007877	3.6228604667547057	197641.05616768604
