# /home/maycon/.conda/envs/dadi-cli/bin/dadi-cli InferDM --fs All.ei_lo.folded.downproj.fs --model split_mig --cpus 32 --output-prefix All.ei_lo.folded.downproj.split_mig --lbounds 1e-3 1e-3 0 0 --ubounds 2 2 10 5 --global-optimization --optimizations 100
# Log(likelihood)	nu1	nu2	T	m	theta
-4514.354493706712	0.2336412217395421	0.12612367859290313	2.9298904271381074	0.3012096869384576	12010.787162394881
-4514.354493706712	0.2336412217395421	0.12612367859290313	2.9298904271381074	0.3012096869384576	12010.787162394881
-4514.778543131803	0.23350460670083878	0.1261139648866429	2.930834518244576	0.3012707662641651	12013.732385634154
-4514.354493706712	0.2336412217395421	0.12612367859290313	2.9298904271381074	0.3012096869384576	12010.787162394881
-4514.778543131803	0.23350460670083878	0.1261139648866429	2.930834518244576	0.3012707662641651	12013.732385634154
-4566.983560018083	0.056146445035079096	0.030292429409244936	3.0699598873607115	1.3114876925453376	47544.59385705541
-4515.04181981556	0.23334103145770585	0.12603891905582087	2.930182969047653	0.30140704840742977	12019.713944660523
-4515.04181981556	0.23334103145770585	0.12603891905582087	2.930182969047653	0.30140704840742977	12019.713944660523
-4514.778543131803	0.23350460670083878	0.1261139648866429	2.930834518244576	0.3012707662641651	12013.732385634154
-4514.778543131803	0.23350460670083878	0.1261139648866429	2.930834518244576	0.3012707662641651	12013.732385634154
-4514.354493706712	0.2336412217395421	0.12612367859290313	2.9298904271381074	0.3012096869384576	12010.787162394881
-4515.04181981556	0.23334103145770585	0.12603891905582087	2.930182969047653	0.30140704840742977	12019.713944660523
-4514.778543131803	0.23350460670083878	0.1261139648866429	2.930834518244576	0.3012707662641651	12013.732385634154
-4514.778543131803	0.23350460670083878	0.1261139648866429	2.930834518244576	0.3012707662641651	12013.732385634154
-4514.354493706712	0.2336412217395421	0.12612367859290313	2.9298904271381074	0.3012096869384576	12010.787162394881
-4514.778543131803	0.23350460670083878	0.1261139648866429	2.930834518244576	0.3012707662641651	12013.732385634154
-4514.354493706712	0.2336412217395421	0.12612367859290313	2.9298904271381074	0.3012096869384576	12010.787162394881
-4514.778543131803	0.23350460670083878	0.1261139648866429	2.930834518244576	0.3012707662641651	12013.732385634154
-4514.025674805214	0.23508449061785464	0.12700319753747796	2.931697340739832	0.29906411045870374	11946.305258694318
-4514.354493706712	0.2336412217395421	0.12612367859290313	2.9298904271381074	0.3012096869384576	12010.787162394881
-4514.354493706712	0.2336412217395421	0.12612367859290313	2.9298904271381074	0.3012096869384576	12010.787162394881
-4514.354493706712	0.2336412217395421	0.12612367859290313	2.9298904271381074	0.3012096869384576	12010.787162394881
-4516.289424464167	0.24359236256087222	0.13232129180694768	2.9055758341214	0.28448321258931947	11572.066358026597
-4514.354493706712	0.2336412217395421	0.12612367859290313	2.9298904271381074	0.3012096869384576	12010.787162394881
-4511.010786185557	0.23772066815620868	0.12761688546577196	2.916256741415041	0.2955218245644763	11856.090795368356
