# /home/maycon/.conda/envs/dadi-cli/bin/dadi-cli InferDM --fs All.cc_cm.folded.downproj.fs --model sec_contact_asym_mig --cpus 16 --output-prefix All.cc_cm.folded.downproj.sec_contact_asym_mig --lbounds 1e-3 1e-3 0 0 0 0 --ubounds 2 2 5 5 10 10 --global-optimization --optimizations 100
# Log(likelihood)	nu1	nu2	m12	m21	T1	T2	theta
-3052.408235643239	0.3132555650138939	1.0360090064401493	0.03448835368047042	0.40313410149159207	5.941640454466254	0.20429638940665304	5784.648208799363
-3051.964117744819	0.4934818543360647	1.6486558566588505	0.021871734275029336	0.246701867005777	9.949808309568622	0.33566085711730276	3658.6031879820084
-3051.613313683553	0.34832320336798434	1.1563555486565529	0.031175538278070923	0.35611161704430705	6.741691898190494	0.23274397718060147	5185.88950719175
-3051.525717581207	0.36382831028229	1.209847285629945	0.02985490679361768	0.33960853713409717	7.103558385241406	0.24455843155292575	4955.740592218477
-3052.6589075201578	0.48880114641231465	1.6287399726105742	0.022623763442741418	0.2602697872512771	9.898844105099489	0.3168268177592307	3687.2752173821514
-3051.723689654144	0.3066867359848359	1.0165536828004806	0.03525218673691473	0.40248506368806053	5.806196153090941	0.20615174398676606	5896.642980841691
-3166.6318090776244	0.4870686465781694	1.815540378974773	0.02194805469564749	0.23515570506372793	9.528968042461253	0.3351873234688749	3681.8781221151503
-3231.2204571929224	0.5054057276867424	1.9640854087545216	0.021582720199792134	0.22112320451270515	10.0	0.3518645062681081	3498.86094339685
-3052.4181087605284	0.4835109201207677	1.5960099342894558	0.022110273659891957	0.25074671173151525	9.68638032323372	0.33467395797503535	3751.6866687253823
-3051.594767722739	0.4952258132684735	1.6490367535720574	0.021955182567326585	0.24751872915661585	9.999966041581393	0.33487175383772544	3646.084541566426
-3051.543731835835	0.4942086773261394	1.6379796572511387	0.02210044516466489	0.2491014061252354	9.997910493493386	0.334176308170967	3652.5752382125766
-3242.8548513726496	0.5082651340114942	1.9745882663556427	0.02176934952564102	0.22219863690660824	10.0	0.3477575112104148	3492.9828598762606
-3249.282968718035	0.5100157788420561	1.981067746541743	0.021213715339246944	0.2201156214109067	9.999999924675269	0.3509907497347099	3488.322274492082
-3051.746945690548	0.4301209545707008	1.4246472255542226	0.025281506126232797	0.29159151618344936	8.549160781136724	0.28395857727346163	4205.813197500629
-3051.736008432554	0.49342822605681824	1.6517748992984502	0.021868353254088892	0.24578268447871807	9.999936443849519	0.33956551210367103	3645.547374543155
-3051.6197910574215	0.487864085201596	1.620967503318105	0.022158988697868462	0.25312798617936355	9.891883407144704	0.32793646295177054	3690.773701061819
-3051.7496105409864	0.29868770276533996	0.9949297001836018	0.036019750790937735	0.4109714486603367	5.664383372433382	0.20315718783167197	6025.899667502655
-3269.608781328658	0.5108160381689533	1.9992501370392328	0.0212114222541691	0.21795770692964972	10.000000000000002	0.3535889894923975	3479.771669755263
-3051.5738324520635	0.49509556426528883	1.6482846936367026	0.022031971292820356	0.24913500263228575	9.989036450864315	0.3327887726427841	3649.399901410291
-3052.471438753711	0.485496320062612	1.5967499186067946	0.02266713574118938	0.26283612448680627	9.740350316005756	0.31469043478384073	3741.510052738903
-3051.4579348721063	0.48636830261728764	1.6205103005795594	0.02234910754904106	0.25397157251927327	9.827861326325872	0.32692591224691203	3706.9651204712163
-3051.6782168627915	0.31198836926942786	1.034413218044552	0.03471422634841392	0.39842387195294	5.929693916773846	0.20846304540370708	5793.683531515041
-3051.589331176903	0.3133092386877428	1.0419203729866442	0.03468583006617076	0.3925404188658555	5.97860699161164	0.2118525664057999	5753.72720582522
-3051.9151029954833	0.37335009618713966	1.2539458566037442	0.029333456508340666	0.3246481818273795	7.35039137097885	0.25543696336734695	4804.652955688144
-3052.3553457255002	0.49753359650939816	1.6519225352502582	0.02158693299167992	0.2427785900120978	9.999946874105042	0.344385839681605	3640.819801396877
-3051.700004753818	0.4898286714636467	1.6254553290803588	0.02189993979247423	0.2500190681950521	9.919629995424156	0.3331623181386204	3679.6517051211354
-3245.9260709195764	0.5143737616091694	1.9771259272916069	0.020547724763783207	0.21214132469492314	9.99999510122837	0.3683839767028673	3483.056205195409
-3052.099903325359	0.47916913465631616	1.6160998611403186	0.02286336707304932	0.2513014785571829	9.754430625057154	0.3316718643510644	3731.2144668195083
-3051.796263122919	0.26285301153931684	0.8706604214725187	0.041268912008226126	0.469231175546705	4.848318489328703	0.1777384385215217	6868.267374439785
-3051.532346505979	0.47397616303712	1.5846544297766754	0.022755945230777144	0.2581663819458688	9.60088311012854	0.322387454699709	3788.8111868198557
-3051.955864762048	0.29670882227868445	0.9844936967386559	0.03605180563282721	0.41627689846171606	5.5878634777245875	0.19944028292946764	6091.782937013629
-3051.803857999468	0.3020658958101571	1.007784605154717	0.03595280326420177	0.4021575704556971	5.732391099858348	0.20667116991605677	5959.995789661622
-3236.848693955655	0.5083319707342049	1.9693967677928506	0.0211494231941187	0.21554517316087768	10.0	0.3640533727330684	3491.9949939152425
-3051.5224833270045	0.44740756993498115	1.4936014595711509	0.02443304259891091	0.27609627920850593	8.979910002166209	0.30074131858084724	4022.984835139063
-3253.3899934511546	0.5104915207796564	1.9846730895119185	0.02128879752439096	0.2211438058305448	10.0	0.3492873366061526	3486.8335841018115
-3051.533628169244	0.4868070297634808	1.62001954344799	0.022256145952908077	0.254987924356269	9.846369471269679	0.32527251304999	3702.990325852139
-3051.856321092068	0.48973427751515264	1.641503003601174	0.02237759020410334	0.25236697306268163	9.910058420916657	0.3272314261369316	3675.793087476594
-3054.957208819857	0.24062687245962114	0.7917209285251089	0.04326027464392994	0.5267936644329113	4.29621674230672	0.15789407908227665	7570.804047551217
-3051.856920205988	0.34277029731725567	1.1418362374913174	0.03203951966459972	0.3551870118995595	6.635516477829249	0.23452208952094036	5255.923178715413
-3052.5983537222505	0.4974107095167327	1.6629756429830693	0.02155570284987184	0.2441591656414321	9.997895079331707	0.3403244068112541	3637.299618402068
-3165.245009812293	0.5069684088483835	1.8950626414504952	0.02159618917882301	0.22233914864200888	10.0	0.35497684299494026	3525.4429600909793
-3051.5327746476582	0.39076547045781224	1.3036539084509593	0.027870838033042643	0.3159164894239756	7.706494802643545	0.26266727395917056	4610.110970386057
-3252.4766881429346	0.5143564456053702	1.9837220009367764	0.021127996101170804	0.21812865428375966	9.999438011277743	0.3539881605753048	3483.224638260539
-3051.5521884421923	0.4152481213449052	1.383062510783589	0.026123845090621246	0.29345815060934033	8.25975250764756	0.284100095303751	4335.8768279709775
-3051.9066569355205	0.4903410722068705	1.6478013718226043	0.02241854743179769	0.2470226025153907	9.999830966146972	0.3374348519446289	3650.47337258739
-3232.6537308627003	0.5118450504220694	1.9654606713523826	0.021208079442333622	0.22275480821345495	10.0	0.34815058175091634	3493.821742371846
-3052.612162669115	0.3139325954118343	1.0471631533115604	0.034031191349813555	0.38055162242707885	6.017117871953299	0.22105904238783108	5721.021137748451
-3051.6254191516136	0.4403999731274817	1.4776612607009898	0.024781817742477247	0.27878387359504836	8.859058170541765	0.29778994330231784	4072.653618718575
-3051.679575636727	0.47876943243235887	1.5923259840423014	0.022677693075948524	0.25398554146484675	9.698358979596328	0.3294804160071046	3756.229234437107
-3051.736771323594	0.4927456999222315	1.6287662933807314	0.02216944374907533	0.25475784161023224	9.924287014690448	0.3253008682498428	3676.2035506026887
-3051.5612361910726	0.4561267888632093	1.5272692474528602	0.023758428057577965	0.2666996018105834	9.210702910552001	0.3120706106630869	3933.0838719227545
-3051.734488749987	0.33694308157400255	1.1278060706077804	0.032493725871177395	0.36682244008514037	6.531579266114196	0.22648478860074478	5331.488098129204
-3051.644965100284	0.4601277157509571	1.5309342023161805	0.023597904213294916	0.2642233908934622	9.258165551878447	0.316650667760805	3914.023074586914
-3051.657167948033	0.47660650915354047	1.577504685684295	0.022616191312714733	0.25782217364040605	9.565351038878047	0.32417807234054896	3797.7853042418596
-3197.6932844323815	0.5144529852319193	1.9299091588525426	0.020927064931263745	0.22750321540774393	10.0	0.343747840160106	3507.277150128301
-3051.7547971313033	0.4973932129886413	1.644373336005308	0.021673544131385572	0.24939178130938533	9.99893313822268	0.3323492829712383	3647.0630574461834
-3052.2949271007687	0.33040172055948513	1.0913815717193982	0.032522152110291636	0.3824693596607793	6.311807637469035	0.21679877210912177	5490.262062685389
-3051.5113429982307	0.49369045097309994	1.6469815103486594	0.02193523956064705	0.247382883784572	10.0	0.33579980118585057	3648.180875116883
-3051.6697360000308	0.3499705032566072	1.1692361177784956	0.031162659441707655	0.353805106269427	6.822679731961317	0.23524551923158518	5135.088509205815
-3051.538925382885	0.4940717883769489	1.6440206878709924	0.02221893210562956	0.25019051025196315	9.99994324133814	0.33210132076942017	3649.9964011454936
-3265.0980339379435	0.5066419319395911	1.9651356511612788	0.021568643594626357	0.21736188439206586	9.836607050804858	0.35879876128437294	3529.228732255563
-3051.6404654537923	0.4902311104348138	1.6343583382879425	0.022028330746248336	0.24771766770067277	9.969048393243087	0.33736768829164815	3663.428890513796
-3051.8942584797824	0.45854739929020866	1.5261344267525316	0.02414285320567874	0.2720926957790761	9.223736255839587	0.30455863082915496	3929.738534035719
-3051.829600161903	0.3762091755621486	1.2642525585480235	0.028768249323109306	0.32255551304885377	7.4264270058711555	0.25889988084271964	4762.740009325438
-3051.922735792693	0.4244576962766449	1.4098587497366792	0.02561726658470575	0.28542947213363856	8.443509973972379	0.2937962993193661	4249.626998214863
-3060.64382344753	0.483650769497982	1.5705702158611896	0.022825094054593015	0.27255340689962193	9.868218862443788	0.3038360515670313	3728.703790112211
-3051.5135746612114	0.482887184375071	1.606485012166799	0.022493407173912093	0.25622112797279506	9.783705134037136	0.3245843429882461	3727.2216517969637
-3051.7315152168044	0.49510783410654813	1.6456229114157024	0.021971181046965747	0.25317178639764637	9.999577368632036	0.3268611566097738	3649.5901911514643
-3051.4516229932606	0.4941123485959549	1.6456953769525908	0.021980823534649085	0.2499878613283673	9.999447725656527	0.3321313573482118	3649.325815383517
-3052.0669352772206	0.49901366975078937	1.6482289556251013	0.021843966798768363	0.2524933260611849	9.997028333785565	0.3274443180774374	3645.3984344053665
-3201.440612500072	0.5059334982261237	1.923813559521541	0.020922962006245736	0.21054319847388633	9.958118693452327	0.3805453883009126	3517.9721292976433
-3051.7745154505674	0.4771981288379845	1.5943518855843426	0.022652570809578776	0.25275735535060345	9.645404655915133	0.33030379512828556	3768.823890424684
-3121.3006425897106	0.5024344786125056	1.837993732850846	0.021639112095184203	0.23555895109028743	10.0	0.3357191828722033	3557.191769629452
-3252.8845366893584	0.5141520343790226	1.984308847951688	0.02103442765268204	0.2180467743209493	10.0	0.35590040090252667	3482.7621548881734
-3065.577396979933	0.31825834018730953	1.0961470459717277	0.03599245852426654	0.34902287243368796	6.28800383763937	0.24320881161576172	5508.434752113278
