# /home/maycon/.conda/envs/dadi-cli/bin/dadi-cli InferDM --fs All.cc_lo.folded.downproj.fs --model asym_mig --cpus 32 --output-prefix All.cc_lo.folded.downproj.asym_mig --lbounds 1e-3 1e-3 0 0 0 --ubounds 2 2 10 5 5 --global-optimization --optimizations 100
# Log(likelihood)	nu1	nu2	m12	m21	T	theta
-3005.7372435736297	0.04978829118736323	0.015199172446706464	0.4068256202397538	5.000000000000001	0.31675019640208407	39025.62556848889
-3005.673762596279	0.04972316442310167	0.01516030541447411	0.4075571782311008	5.0	0.31854863455919613	39182.18419114313
-3007.0377252034255	0.05024515654543015	0.015356988196506707	0.4020733477362615	4.933048028855324	0.3202244053395569	38759.99148742261
-3006.3001853605565	0.04998664882048475	0.015256255074553996	0.4049086385237413	4.968671611312872	0.3191609998025067	38964.178564465816
-3005.7228116607175	0.0495668986132867	0.015158401036692352	0.40940909377768747	4.999420816203829	0.3185694321895988	39243.68989490182
-3006.7612457757355	0.05020433455498466	0.015323929234685618	0.4025041747891966	4.947288567956347	0.3197721164934211	38813.510802292665
-3007.7741390235715	0.050561082825430315	0.015412916204121248	0.39713959278084027	4.9014053334827965	0.32200677087043156	38608.287121426656
-3005.7114746276497	0.049713924667388464	0.015151242569201615	0.40751429706222947	5.0	0.3191392037094989	39227.67790347425
-3006.3739098512756	0.05001277326641623	0.015257443173165307	0.4044476876110792	4.966129972884705	0.3191242916896559	38940.81047756901
-3007.243622203565	0.05038023806170497	0.01538244440967597	0.3991104738960169	4.926213587540944	0.3214315652865522	38750.198299740485
-3005.6909043016863	0.049811673322642254	0.015167291191963353	0.40586060301999854	5.0	0.318207451038796	39122.162028727
-3006.698436145363	0.05007430857157045	0.015313621648904477	0.40372076573999743	4.95043517878655	0.32004784849494416	38897.54756969018
-3005.735613730938	0.04957870570213514	0.01515835467701955	0.4095470308868135	4.999995968609733	0.3193421729050177	39293.0736707631
-3006.683773238265	0.050176505416102246	0.015310498148232161	0.402762631539298	4.951036343109038	0.3196826424098195	38837.42625789412
-3005.708099787971	0.049919283268258355	0.015171855579790304	0.4037562072985536	5.0	0.3175689665261063	39035.49878767842
-3005.8842786098458	0.04938889607539031	0.015168133927177313	0.41391943366716016	5.0	0.3195607425229413	39381.83267225286
-3005.6952955885345	0.04972110600905627	0.015152833388424722	0.40665949720789835	5.0	0.31869302810897276	39194.223279154045
-3007.0655312062063	0.050393819506981324	0.015344324655983585	0.40000122664046434	4.9324744109433	0.3200215153597434	38690.42609850523
-3007.201728079365	0.050344455833600886	0.01538411301804126	0.4016551434756161	4.925875377549589	0.3202339238446096	38686.091996934854
-3005.7037365455626	0.04991481390496029	0.015169713367327526	0.40398143253355057	4.999808687309001	0.3176545003280629	39042.86846290202
-3007.196597592006	0.05031608357424546	0.015376552095291905	0.4015237909535982	4.926105508988395	0.32063018527510734	38725.40979655004
-3005.6916844570624	0.04978282047506674	0.015165262392536096	0.4053069688957361	5.0	0.31895586770300854	39183.33639503431
-3005.668283319383	0.04977916829879383	0.015163421967053647	0.40598984926653103	5.0	0.31825026946594354	39138.74970270302
-3014.4030504417774	0.05280987317264484	0.016383630769499183	0.3832067667915674	4.6028891245405426	0.3319229234202091	36935.69141546995
-3005.693439798684	0.04971703420738059	0.01515849272729199	0.40732061694360455	5.0	0.31820492591544525	39162.094467618816
-3005.6909928988453	0.04976427385854792	0.015164136281644808	0.40600529909827715	5.0	0.3183813681013818	39153.10027077772
-3005.6747503120428	0.049747553996688225	0.015163744215446655	0.4065790968440561	5.0	0.3178932026511629	39127.503778721555
-3005.7365050848175	0.0499956849596822	0.015172034180479198	0.4023286929709703	5.0	0.3175737182385112	39005.44046047347
-3005.7441202082923	0.049467356758662324	0.015136218183080826	0.4108654658219611	5.0	0.3188900635920231	39313.551648060304
-3005.6976668622565	0.04968568847684797	0.015156080080254075	0.4075907422501549	5.0	0.3186384048011064	39203.99833870091
-3006.2983480839766	0.04955301541660288	0.015201514371163898	0.4095110799658129	4.974717832983017	0.3211169589140171	39303.94636830835
-3008.098435376123	0.05062581493019904	0.015494157109081898	0.3993620842454605	4.883035776492013	0.32202964055237976	38489.97572865934
-3008.1886369449107	0.050572396976728565	0.015520139392463054	0.4007946349242414	4.878951054542049	0.32244420230435045	38513.463976676736
-3007.316350899847	0.050094677113329454	0.015372940326937236	0.4054902519615815	4.922560320728128	0.32171641477259644	38868.729178911635
-3006.4683077439195	0.05001124388384188	0.015275018560171716	0.40495791119735025	4.961905991232427	0.31887883885465457	38903.43955177883
-3005.738121954572	0.04997103371689685	0.015161417621997403	0.4023599140069352	5.0	0.3176989464879142	39026.302705752816
-3005.8753277404408	0.04974595860436628	0.015158047523942751	0.4061636899589491	4.991810682622088	0.31928727580576094	39188.69726720497
-3005.724213503759	0.04959239915948615	0.015151779140666607	0.40949712862131615	5.0	0.31867007289075866	39244.82470227053
-3005.6876494423636	0.04969533830360699	0.015166084140890244	0.40799448203014804	5.0	0.3186702573596831	39199.730394838116
-3006.9128056739723	0.050256758557319786	0.015335364413243196	0.40228780632924516	4.939894720185292	0.319833634133695	38764.21488209093
-3007.28307603182	0.05029422561610968	0.015395886867043304	0.40231726028717074	4.922003243293716	0.3210313303858447	38738.03095452872
-3005.69633894529	0.04983944013629982	0.015174761105542903	0.4062352736718058	5.0	0.31757435867688866	39067.368427842484
-3006.3323590191044	0.05016769577368661	0.015237274718850639	0.39962473668618526	4.973297373924276	0.31949431805090817	38937.6863558505
-3005.7151549371515	0.04961374708537706	0.01516803651827157	0.40873297398279124	5.0	0.3188295512665616	39242.01186622406
-3006.608684674989	0.05009357656664972	0.015294747277737763	0.40415137129191914	4.954677807004235	0.3194738667221955	38875.508797310285
-3005.6897757918478	0.04979867732323193	0.01516233637582895	0.4059094075810217	5.0	0.31816726782511673	39125.96374599345
-3006.490501340934	0.05003619859248227	0.015279734244931077	0.4044783442800404	4.960438940022873	0.3194632497092095	38924.644918965896
-3005.7176556046106	0.04965364293342213	0.01516029271222956	0.4091577675247535	5.0	0.3183032039100741	39193.889202842765
-3005.675650740701	0.049817010927099524	0.01516622943114786	0.40597388419732505	5.0	0.3177633402905147	39090.87240260683
-3005.69090782384	0.04976078273222814	0.015161839884045956	0.4067003800205636	5.0	0.3183376337099391	39152.61947224628
-3005.8368692205977	0.05002130921078714	0.015168427661459063	0.4011946055285506	4.9999465722958	0.31956884312040823	39127.97801230206
-3005.736670946667	0.049960375338488815	0.015142580571418996	0.40517308754528414	4.999999380133715	0.31774175164693286	39040.2539485186
-3005.691443154118	0.049805740149718204	0.015155754867783767	0.40565921541012984	5.0	0.31802428948930445	39115.43155595759
-3005.672163697929	0.04984499449182843	0.015169017905374354	0.40552173815382475	4.999978617874805	0.31757892672383886	39066.59962041954
-3006.0707337444237	0.0493433605791378	0.015163591434476407	0.41680178949189634	4.999916054261773	0.3181074319349857	39305.36629319319
-3005.7275234526	0.04961263369174309	0.015159377356468865	0.4096819427359046	5.0	0.31852550072722413	39225.24977487294
-3005.690016806557	0.04979916142390552	0.015165836574176646	0.40603523015659604	5.0	0.31781299397947654	39101.269282427515
-3005.6965806052076	0.04975323146728747	0.015148217655006593	0.4058011593552181	5.0	0.31846906992867724	39167.63459978863
-3005.7048866361074	0.049807724057783276	0.015157887166166745	0.4049797179274833	5.0	0.3174027004679031	39072.243978629944
-3007.602052750733	0.05036657393804798	0.015441950768411566	0.40082111903620626	4.907581605637154	0.32230515282561056	38720.10417179683
-3006.5785467006153	0.050081650921792356	0.015296240141388315	0.404177413247967	4.956137924961313	0.31950743543919125	38887.804702958034
-3005.7566665842473	0.05005482311464309	0.015209609673707896	0.4038816943038482	5.0	0.31678192228498264	38920.293471226934
-3015.3198936740678	0.05287181528031688	0.016518166604215314	0.3854172598170147	4.566670617594441	0.334128411889496	36861.98329204815
-3006.247869396605	0.05003243577844719	0.015260923336358768	0.40362144682515044	4.9726984301138835	0.31893642562786423	38946.173522588695
-3005.759997099192	0.049605974507177186	0.015156267756687004	0.40991778564828246	4.9999741591172295	0.317369560412902	39151.61712508459
-3005.845252103237	0.04989226637216701	0.015179606302017399	0.4045443717414494	4.992647894908492	0.31779962361269143	39029.642473488166
-3006.317285515613	0.05000755003209996	0.015238030332493767	0.40424881758166076	4.96915898782328	0.31938452400994927	38977.61799315226
-3005.779924938267	0.04951510033075595	0.01517267412880317	0.4112127319953914	5.0	0.3192820127582408	39310.85485965744
-3005.692821095844	0.04975262791865523	0.015163399393528657	0.4069972831390873	5.0	0.31788072471773793	39125.089911741605
-3005.692902246609	0.04975532656843785	0.015159880560115468	0.40692158510132104	5.0	0.31841700765786946	39160.71315898326
-3005.69643273675	0.049793640659183354	0.015169555871178212	0.40661712967612545	4.999983981495148	0.31752047010804424	39083.147121653026
-3006.2351326970947	0.050235234576486536	0.015243393163739665	0.40106160327884194	4.97652725631558	0.31711786714458007	38767.65464695928
-3005.673508717274	0.04982802600553881	0.015162492427034675	0.4053417768346118	5.0	0.31798823524897524	39102.25685767804
-3005.693545014119	0.04978802562779818	0.015181112851718482	0.40608200715327886	5.0	0.31794376351074893	39109.976037356246
-3005.8648318691444	0.04942626670894553	0.015143997910780825	0.4132818410987169	5.0	0.31810704994485406	39276.650363692665
