# /home/maycon/.conda/envs/dadi-cli/bin/dadi-cli InferDM --fs All.cm_lo.folded.downproj.fs --model no_mig --cpus 16 --output-prefix All.cm_lo.folded.downproj.no_mig --lbounds 1e-3 1e-3 0 --ubounds 2 2 10 --global-optimization --optimizations 100
# Log(likelihood)	nu1	nu2	T	theta
-8915.208117332018	0.057789583049672875	0.022631841963280948	0.06282950341392335	31250.991156430584
-8915.201341972846	0.05761295929554976	0.022548958633121865	0.0625986128795017	31257.795264780358
-8915.229679052629	0.05805386388637254	0.022727408292684687	0.06309773082800602	31232.65359331047
-8915.45834890075	0.05898455694860756	0.023064477284146633	0.06412253755431244	31180.939156514665
-8915.225898355766	0.057201379459023836	0.022411772017835722	0.062129137888656545	31276.12642738867
-8915.216826416567	0.057546587209925955	0.022530928902666364	0.06252852409877756	31261.099749374007
-8915.2159742844	0.05762789813881882	0.02256090287942519	0.06261648412406454	31256.245709470833
-8915.220863509709	0.05744074629623282	0.022490125945542137	0.06240818481333885	31266.739718124172
-8915.203043587715	0.05755704517239328	0.022530237508062656	0.06254809886814591	31262.46818060174
-8915.202239096216	0.057669155949005714	0.02257783805108142	0.06268023291106577	31256.57641546654
-8915.215983369113	0.057610257502781356	0.022555030652665505	0.06259888148365066	31257.44309091439
-8915.452379058548	0.05626492345383555	0.022035821325104153	0.061086004049671225	31331.781344682455
-8915.219253734618	0.057923707038950216	0.02268759872605131	0.06298326928831215	31243.416254425887
-8915.213841572506	0.05742034617800395	0.02250470488334636	0.06238609949905904	31264.48358079924
-8916.972906938514	0.0541076435051721	0.02130146276686573	0.05879710138958643	31458.888852182357
-8923.785439883082	0.04989518231843222	0.0196115393660283	0.05397480049423821	31684.59853674046
-8915.212336079956	0.05759651791206192	0.022561187915123786	0.06263213000073016	31264.32393677103
-8915.20186238959	0.0576130330097651	0.022553094191463723	0.0626097650602481	31258.964336020046
-8926.309211612164	0.04897414186264112	0.019198172526192242	0.0528351552271414	31723.69222538332
-8915.236128863151	0.05812132829598635	0.02274795572945628	0.06315298584459923	31226.427735472786
-8915.50771688678	0.05911335938169015	0.023117686737897627	0.06427089987026505	31173.82700864481
-8924.529002908046	0.0495671914986598	0.01951062851459265	0.053619317799554055	31700.42489963082
-8916.332096763492	0.054770735923344215	0.021465777684245357	0.059420379097916476	31415.654891017977
-8915.556254675026	0.056060293039051	0.021940840224279407	0.060824504980518716	31340.296368265717
-8915.20100402689	0.05761571150152833	0.02255046841928379	0.06260346062225382	31257.85862935788
-8915.223235303598	0.058030130380972336	0.02271859962759223	0.06307072507173342	31233.852789812783
-8915.21598500225	0.05763945854011101	0.02256606441749494	0.06263105263922035	31255.753421290934
-8915.20554609615	0.057826950711407636	0.022637672400838013	0.06284518073682879	31245.966310750362
-8915.219038735	0.05732521496190482	0.022460955042662135	0.062264110487332915	31268.368716281027
-8919.281010069446	0.0523621707710838	0.020535934257771202	0.056602125011319726	31527.42085920329
-8915.229249992359	0.05716127511082426	0.02240302302337379	0.062104207361280306	31280.62162167223
-8915.20084944128	0.057626689839745004	0.022555452000755254	0.06261732905748899	31257.383952351636
-8915.264800629933	0.058290333469185794	0.02282257478447016	0.06335894456402347	31218.19392885865
-8915.25444456927	0.057079765169942405	0.022347252318208895	0.061949875980086735	31278.55343155423
-8915.432847536773	0.05632536320163868	0.02206163566291262	0.06116146607826325	31329.325221356066
-8915.215370999264	0.05751418628344215	0.022493479269561606	0.062445618273930456	31259.08837080428
-8915.215974035735	0.05762779035484366	0.022562686878096046	0.06261966353919478	31256.509482772766
-8915.215095667703	0.057590645306849854	0.022570714157187147	0.06257000975236673	31253.78586851889
-8915.206217607236	0.05770323129979145	0.022574209766047577	0.06266925063371785	31249.24748759819
-8915.215959341083	0.05762636598302922	0.02256170672639785	0.06261732807424246	31256.534821437093
-8915.207249158186	0.05747532263207397	0.02250116239624243	0.06246574392285935	31268.176404062204
-8915.218812210087	0.057761557162544296	0.022615327846301683	0.06277159949296528	31249.18922184824
-8915.215953547895	0.057625746690533095	0.022560966104147647	0.0626159033152732	31256.527272919655
-8915.226610063239	0.05718441455638073	0.02240977139380564	0.06212340926970948	31278.55711689284
-8915.220733400285	0.057985850924917856	0.022706189576236283	0.06303481273916665	31237.83283101782
-8915.216096995993	0.057593308716876686	0.022548305748499593	0.0625795473174668	31258.365222418735
-8915.204109522307	0.05780280386222204	0.022626894601455956	0.06281556931422559	31247.128650668445
-8915.216126647087	0.05759055141003972	0.022547273185501118	0.0625758945220634	31258.423415582292
-8915.253162582898	0.05814771028369028	0.022782629067093444	0.06324763995029499	31231.681304328533
-8915.225695000423	0.0573650133843428	0.02246018438538092	0.06232401862619873	31271.205216680682
-8915.23259068252	0.05810308670306106	0.02274761167416467	0.06315072894557257	31229.352520562014
-8915.215954107864	0.057624680289898374	0.022560620888195194	0.06261514243401696	31256.647396879987
-8915.215955229658	0.05762321503003194	0.022559892140455298	0.06261333099220881	31256.726841926953
-8915.215953707215	0.05762553125603342	0.0225609534593818	0.06261569787827571	31256.534447693222
-8915.247402430674	0.05701983676561068	0.02233909441750942	0.061927539667165764	31286.981973502363
-8915.20901063455	0.057881327442985124	0.02265727449719881	0.06289933279659847	31242.03421024823
-8915.215982975187	0.0576386378330233	0.022565682727133062	0.06262961568046477	31255.72534126854
-8915.202883930311	0.057627939762286924	0.022548923135761432	0.06259948241616471	31255.257011635502
-8915.22513928383	0.05804269415694776	0.022716383502478732	0.06306378776530486	31230.838550782453
-8915.200915133584	0.057646204752265964	0.0225620748796579	0.06263520792425728	31255.78138607874
-8915.204522155684	0.05759201257124666	0.022533045032340368	0.06255564315856177	31256.993898766807
-8915.201101903416	0.05761944004538696	0.02255537413790041	0.06261683398823366	31258.61460926549
-8915.211278882842	0.057834277542429424	0.022629682477727748	0.0628261606387879	31242.809641309097
-8915.227169588976	0.057187656672370434	0.022416036020939598	0.062140760452584355	31279.85739720016
-8915.204649760242	0.05781264971192838	0.022628253547346742	0.06281914155080932	31245.741620278655
-8915.241159836094	0.058158516820770084	0.022770571194148884	0.06321444620879593	31226.26618274713
-8915.215977230651	0.05761199818158862	0.022555666127339804	0.06260089299566624	31257.360987934597
-8915.217224838	0.057717645167153844	0.022597093523541674	0.06271899962255921	31251.29641257446
-8915.245906739616	0.05707061437998538	0.022377691995848964	0.06203354360372659	31289.30139338681
-8915.215953892744	0.057623669624742455	0.022560252927540235	0.06261396363421817	31256.693150117295
-8915.21595419319	0.05762319420756613	0.0225601452327021	0.06261326545331866	31256.681386560012
-8915.216347255875	0.05767102000133573	0.022579532279705262	0.06267035683287521	31254.42754351237
-8915.215953453797	0.057625125676590325	0.022560677486150756	0.06261516399758607	31256.56247341733
-8915.261159406831	0.056931512085672625	0.022305530517703565	0.06183412507004814	31292.758626861607
-8915.215953436933	0.057624129170794174	0.022560393157475184	0.06261426320788319	31256.638086791805
