# /home/maycon/.conda/envs/dadi-cli/bin/dadi-cli InferDM --fs All.cc_lo.folded.downproj.fs --model asym_mig --cpus 32 --output-prefix All.cc_lo.folded.downproj.asym_mig --lbounds 1e-3 1e-3 0 0 0 --ubounds 2 2 10 5 5 --global-optimization --optimizations 100
# Log(likelihood)	nu1	nu2	m12	m21	T	theta
-3006.2994312182473	0.050033012947429276	0.015259877017869997	0.40427504821857346	4.968731439303995	0.3186264384339779	38910.055183591285
-3005.6766338547336	0.049845066535907895	0.015171746153456171	0.4062100463728056	5.0	0.317818158785487	39082.22785622588
-3006.559153716931	0.05015467783354029	0.015284468201656845	0.4013053884619251	4.958233340466424	0.31956424398602523	38873.70132769898
-3005.6975564570953	0.04969507416779185	0.015161107517845633	0.40765477122274524	5.0	0.31807476069809143	39161.40664631682
-3007.7820026408203	0.050507958534663895	0.015437758558934754	0.4005828854682648	4.897382609840398	0.32135271591770387	38565.33183676486
-3005.7001436380697	0.049785900742998976	0.015171227964594703	0.40525780356151203	5.0	0.31865462082404816	39160.41449693814
-3006.5387766536132	0.050079554475664326	0.015281129530604131	0.40399080583774477	4.958053198420392	0.3194947524765839	38899.7028832571
-3006.507052101336	0.050033607083558494	0.015281417169829498	0.4041130852358876	4.95992968196579	0.31895362957036166	38889.434357393715
-3005.6899084952784	0.049781874207120706	0.015163972316471343	0.4061904664056131	5.0	0.318255907401605	39138.08256287286
-3005.7236904457627	0.04957551353572635	0.015146369443126714	0.4074529613252214	5.0	0.31904148751149247	39276.42742179734
-3005.6805639099143	0.049765498624161165	0.01517603985107146	0.4056734631179966	5.0	0.317786357228143	39109.381768661406
-3005.6836190203044	0.04974976235176805	0.015169129919320528	0.4077460743978938	5.0	0.3175203751052746	39100.959784877916
-3005.6924024260074	0.049723760774311974	0.01516268010938775	0.4071290124199155	5.0	0.3183510253455216	39167.90342484341
-3006.8474130238	0.05012748134981279	0.015329457196721298	0.40358526431004416	4.942938163872843	0.32026376725111216	38856.22810450448
-3006.007215073162	0.05034955937772158	0.015204846352996418	0.3995633689158899	5.0	0.31370663173247565	38601.61834939947
-3005.7006958818815	0.04989277140604881	0.015167201408517409	0.4043200823767763	5.0	0.3177743100769284	39061.05895993579
-3005.7578824161956	0.04998773794517848	0.015171620077167595	0.4016245680012072	5.0	0.3179955724443442	39036.2415772905
-3005.6923318697277	0.049748532735212514	0.015160563711465704	0.40622148351505055	4.9999036854719625	0.31831043369388334	39155.24089597014
-3009.79505912516	0.051283655988987785	0.01575425818090825	0.3935414169220728	4.804424150716745	0.32459317984193614	38016.282193142026
-3007.500782615714	0.050291233168339514	0.015412373057395056	0.4015691994931732	4.9120924208316845	0.3214972103087628	38723.75559064354
-3005.6906742568303	0.04980996513456435	0.015161353884858416	0.405850828116266	5.0	0.3177814099889593	39096.14509828476
-3005.8672043073757	0.05030344608642618	0.015205243599125152	0.39933058328451715	5.0	0.3159044441539661	38765.25347643235
-3006.2373657341204	0.04988280635339856	0.015234702710974995	0.40594090046890363	4.973136341031272	0.3191889436758233	39030.936257817295
-3005.702801704203	0.04969772870215004	0.015164648115018874	0.40820227398586717	5.0	0.3181537456508718	39164.96514966994
-3007.8850565584994	0.05080354807310918	0.015515851980846696	0.3972904858824309	4.895011227719496	0.32099220834530784	38398.79927313917
-3005.6929681413194	0.04976716434155171	0.015162975383177077	0.4065785955330737	5.0	0.3176928573940335	39106.802856318565
-3005.6699003769445	0.04980480338771229	0.01515416247093001	0.40585689936825015	5.0	0.3180556926816672	39118.41486460715
-3005.7024850604	0.04983318484830089	0.015180222889919704	0.40644995112527393	5.0	0.3173225610923351	39051.59182422989
-3005.703048346699	0.04981382629381012	0.015144940747898458	0.40493979610793646	5.0	0.3183379311244106	39135.815147160894
-3006.540823995068	0.050110074006090875	0.015284253109310263	0.4028380701966314	4.958096318952256	0.31950116021314834	38887.04708188232
-3007.569855232261	0.05042834947456794	0.015428768093680956	0.40120985172595053	4.908108262416828	0.32128730455716265	38637.53758739257
-3029.8098494617375	0.05767005806378969	0.01850898090241562	0.349576115606254	4.04471916717677	0.35574275385716786	33927.8613363442
-3006.302674934712	0.04999185161118377	0.015252349279194282	0.40481179163549885	4.9691400268837755	0.31895771882836305	38951.779297659006
-3006.9504160348324	0.050182888306731684	0.015361573373409194	0.4043484332792255	4.937787855912436	0.3196438752806525	38765.28407562325
-3007.6717336009924	0.050350393777526314	0.015436730080714448	0.401504884708084	4.903180148464427	0.32207248116822695	38695.182113650895
-3005.7056177734953	0.04987499060510079	0.015149031798691379	0.40457491056121253	5.0	0.31752002436861043	39056.31627253266
-3007.9078755238006	0.05059305761205089	0.015472385053101563	0.39859726600749323	4.892390086444425	0.3226305999511496	38583.942757502424
-3005.6978168836085	0.04974939290999825	0.015181252470741103	0.4068841838682671	5.0	0.3184382498984005	39158.317996655926
-3005.6849443184296	0.049822869936366296	0.015168910529927507	0.40635716515936465	5.0	0.31745552967372714	39067.57592114317
-3006.6088342534	0.05004806806724994	0.015298536450772334	0.4038237497858688	4.954856721247391	0.31948987294895836	38893.416660658295
-3005.69337721358	0.0498022901309495	0.01517186867621932	0.4060630505459468	5.0	0.3175729762338673	39082.37139867092
-3005.6902001985777	0.04978422574976545	0.015166853784355129	0.4058985785794781	5.0	0.3182559149386861	39136.17428991487
-3005.875979837532	0.050160149448421606	0.015190808698187636	0.39840633685498744	4.999777790829346	0.3170631898192483	38899.773209710016
-3007.90134696308	0.05056440831248209	0.015484079810175501	0.399996501204301	4.891184050371661	0.32157369571888755	38520.051206197255
-3005.7105966844056	0.04990620941787543	0.01518214375500089	0.4037618004403307	4.999975645322052	0.31748505507799163	39031.95121523069
-3006.6206627596594	0.04989908088046628	0.015288147661105542	0.40599286633914866	4.955324973060059	0.3203123725928596	39010.55856822682
-3005.691745073038	0.0498025584484824	0.01515643442856238	0.4058511065923434	5.0	0.31785047201374445	39105.01371700009
-3005.77163223231	0.04954186387756874	0.015158048259380257	0.4083848982688091	4.999647208087179	0.32031637658537626	39370.187352206434
-3005.6913218364075	0.04980387982512944	0.015155533600988463	0.4057465341492199	5.0	0.31814482471185174	39124.29095078965
-3006.1496688120947	0.049836555831799995	0.015225625068379574	0.4067704002265476	4.977684881228772	0.3190659679596406	39062.31941562584
-3007.798010618182	0.0505490689088977	0.015465359978969874	0.40009970158823693	4.89725194911191	0.3212455091189573	38534.67847977369
-3005.7131897265444	0.049896711551614716	0.015168730857548073	0.4035651969493308	5.0	0.31817817992313313	39085.509160268404
-3005.699116530148	0.04984136421332372	0.01516793965112395	0.40457282706245573	5.0	0.3176712651518259	39074.02110187452
-3005.6804260223084	0.04984058289746206	0.015146320960148646	0.40544951330771367	5.0	0.31752759612504267	39071.37876825656
-3005.7004180244858	0.04992934892064302	0.015188327426122545	0.40368628093154824	4.999942588398608	0.31719349332400903	39001.65043613062
-3005.6951356983163	0.049740223674670035	0.01516930074215549	0.40739243042617157	5.0	0.31806676949382173	39140.85519786163
-3005.7025898134466	0.0499207947119148	0.015152557472457926	0.40425735916054034	5.0	0.3179618926035478	39066.80252305476
-3009.7047309921372	0.051331149997873915	0.015738040578991308	0.3923604333197692	4.809672323536653	0.3241948871682014	37999.210602315055
-3005.689554220069	0.04988786332944437	0.015185836040114462	0.4045198646066961	5.0	0.31720219250392423	39019.66985640723
-3006.9298067444597	0.050070045550785744	0.015319239789251158	0.40496014023454713	4.939832978858976	0.3204164456941461	38879.1297228897
-3005.717822861881	0.04994652142439603	0.015198029102487754	0.40415914241307327	5.0	0.3173226234671601	39001.41730057449
-3007.0907818513438	0.050276556186243895	0.015364254204678504	0.4019614474170758	4.9311900056484115	0.3203702927535525	38747.92505104399
-3006.409429345277	0.04997250244870027	0.015262647427176115	0.40598392248067433	4.9650471648635675	0.31965249455625805	38986.03293843071
-3007.0652273156356	0.05042434259300969	0.015362647888177117	0.3995140692287535	4.9338300196774005	0.31960286222029366	38651.91319206802
-3006.505645145396	0.05008363317417152	0.015279444525566675	0.4033586439360394	4.959727847325705	0.319516263100399	38906.45980525815
-3007.8043832256226	0.050526152498963015	0.015465807619285813	0.4001051481261196	4.898204316094383	0.31995713506880735	38464.43591288222
-3005.690658434617	0.04974843950539144	0.015163895579276237	0.4066537404194693	5.0	0.318379541883162	39159.58521189945
-3005.702291126684	0.04976898167858453	0.015140722722972167	0.40569992035010166	5.0	0.3178312083941244	39121.11944196965
-3007.560985099046	0.05045028646819948	0.015408587084266536	0.40103537737822087	4.908937038122217	0.32086783946176023	38611.16284477219
-3005.690928101884	0.04981157353397229	0.015169540325326423	0.4055358211017504	5.0	0.3181311487553396	39116.28826231845
-3014.024666684742	0.052441516005609756	0.0163393266367009	0.386988213919805	4.619881739237127	0.3326939848468658	37187.34180703728
-3007.9613291061014	0.05068274926807191	0.015486218483240149	0.39790771214749204	4.890170445346765	0.32154596657265017	38468.118024960735
-3006.776074622592	0.050649273639509905	0.015206761299912722	0.38779447091858954	5.0	0.3159969781630977	38633.12912704595
-3017.75929163447	0.05383808120999122	0.016864248038163297	0.3766927888993784	4.4671913897724	0.3375434274331877	36241.3276697594
-3005.672826335627	0.04980253744029054	0.015164112721126641	0.405544350282803	5.000000000000001	0.31808288175603	39118.091578847685
