# /home/maycon/.conda/envs/dadi-cli/bin/dadi-cli InferDM --fs All.cc_ei.folded.downproj.fs --model asym_mig --cpus 32 --output-prefix All.cc_ei.folded.downproj.asym_mig --lbounds 1e-3 1e-3 0 0 0 --ubounds 2 2 10 5 5 --global-optimization --optimizations 100
# Log(likelihood)	nu1	nu2	m12	m21	T	theta
-8081.968435915998	0.018680005519788836	0.025077807811442147	1.1032760539855515	3.8139242709707206	1.5719683998596958	93003.0556369884
-8031.287669850091	0.03250832603220148	0.042906528983334025	0.6429280701520826	2.2626204872532902	1.3748601481211993	53068.54588058776
-8029.58243224803	0.018607476317727592	0.024577783725254494	1.1247344539888995	3.947741092498436	0.9569558320907005	92688.38114679181
-8082.525368201642	0.018535262460510654	0.02491704560206223	1.112862149031137	3.833759724993954	2.066173199211786	93759.1704110978
-8082.814027365896	0.019123439736073968	0.02571495314041577	1.0782502795745876	3.7156790140038676	2.4006896178742214	90875.50964527081
-8080.120704991261	0.029419990563076724	0.03957769544340355	0.7015674681574309	2.4151839970519737	2.4742387024840697	59012.01584178967
-8080.545673660047	0.018506919555477532	0.024872081809029098	1.1150071429090047	3.8433347393002144	1.8367123426872758	93917.11449530424
-8041.190497614761	0.020556617397405108	0.027265726846625322	1.014558742384179	3.546143873734361	1.0900852880479257	84012.89007183546
-8049.043868507833	0.014667527072377633	0.01939537314505976	1.4266609887062522	4.95	0.8084254576040791	117003.46748710521
-8049.544259381512	0.015661566564471704	0.02076913609159721	1.3278364672330363	4.64676201003275	0.9235379079710522	110533.24624084355
-8085.565664737334	0.022333925791770817	0.0299786045573445	0.9217677927806538	3.187996260570235	4.847278548669796	77907.5596433841
-8085.062237685488	0.01604951031794676	0.021568452112922628	1.283105851128643	4.430725681306235	2.293228123746247	108324.56614813498
-8080.419364558068	0.027760728566153324	0.037277342212426914	0.7428570790462389	2.5662485169863625	2.192449736297922	62590.16096507151
-8085.784291108839	0.024116376214417836	0.03239572911025757	0.8538881134472565	2.9487620148053595	3.8591108958254656	72100.8499318639
-8084.335581876285	0.020947919407749843	0.028090215774335184	0.982393685065736	3.405877350240011	1.6978804797044127	82980.42825697258
-8082.575488846487	0.035846091491941116	0.04819153624089639	0.5751277295154515	1.9833461931149772	3.4356688376642457	48483.17392402448
-8084.413306401036	0.016914961213430217	0.022724309745624977	1.2179098422789567	4.205193994806369	3.0070188223754633	102807.33451123808
-8082.599173515274	0.03631231692955379	0.048847317853948455	0.5679835469189224	1.9557675943549382	3.835908852896609	47841.28097131023
-9663.198321721542	0.003937917449811502	0.012805596954976099	9.9	4.95	1.2498053907034867	260247.0152877199
-9504.729868680868	0.0041507388597677684	0.01310341494194796	9.389053084844273	4.95	1.352863117230116	251605.3280251346
-8083.818932747247	0.023214273778818757	0.03122335262280464	0.8877714394481389	3.060198595480363	4.95	74850.23919531489
-8102.590780723131	0.014242471425976464	0.019125378952751657	1.4454588426467585	4.95	2.512663939528355	121688.73606056224
-8035.3371624803385	0.013924796520066689	0.019157448998679157	1.5290211053285025	4.95	4.257896177682634	122868.33572395031
-9639.767022892822	0.0039701660598332605	0.012859454754723706	9.878425300655017	4.95	3.828022272145344	259290.91453441378
-8164.583609856716	0.007708624132238601	0.016605402160407165	3.8960782342801124	4.95	4.95	165806.97813467198
