# /home/maycon/.conda/envs/dadi-cli/bin/dadi-cli InferDM --fs All.cc_ei.folded.downproj.fs --model sec_contact_sym_mig --cpus 16 --output-prefix All.cc_ei.folded.downproj.sec_contact_sym_mig --lbounds 1e-3 1e-3 0 0 0 --ubounds 2 2 5 10 10 --global-optimization --optimizations 100
# Log(likelihood)	nu1	nu2	m	T1	T2	theta
-8207.460004973263	0.03729906410222586	0.08663267732548112	0.9372155107281728	7.978919400172468	3.0482516602349183	32014.681057031357
-6617.389456737472	0.26341735024486246	0.7624317844997198	0.16875568574518685	4.2413331841200455	0.32308344708983994	4452.010434672752
-6625.143945490593	0.2628382743328875	0.7628062116867022	0.1684263399545564	4.27178463339791	0.3282392419491589	4436.143065302891
-6617.389456737472	0.26341735024486246	0.7624317844997198	0.16875568574518685	4.2413331841200455	0.32308344708983994	4452.010434672752
-8231.176872245682	0.030231934728311496	0.07034694669335419	1.1442557746847208	8.61788662131805	2.815823924883546	39891.43882585712
-6617.053372193142	0.2630226125567071	0.7626113535606409	0.1689764932492348	4.255689091095025	0.323780050400426	4445.4207049189945
-6617.389456737472	0.26341735024486246	0.7624317844997198	0.16875568574518685	4.2413331841200455	0.32308344708983994	4452.010434672752
-8212.714072548195	0.0252903899455996	0.058760815220487525	1.3785928253648052	8.90522361314355	2.324302670239502	47382.86369736318
-8220.108825606552	0.01823256438293428	0.04255714941503593	1.9040600841507216	6.0328191916331475	1.6796680008029228	65517.08483329479
-6615.896419270501	0.26379807627816004	0.7626681472193757	0.1686990342208738	4.264829662208584	0.32321003147082533	4439.616088575563
-8236.526633620073	0.02741617473248939	0.06376515271395447	1.2594297261389116	8.096226633200885	2.624297177681382	44114.87207684914
-6617.053372193142	0.2630226125567071	0.7626113535606409	0.1689764932492348	4.255689091095025	0.323780050400426	4445.4207049189945
-6625.97215223393	0.263342999323353	0.7630952924469407	0.16812091276102362	4.291306279438234	0.3280801244039127	4425.470735560581
-6618.605428183327	0.2640942663425345	0.7629994516915065	0.16837561482315494	4.300394201459047	0.326868067770248	4420.313293422699
-6627.101046127093	0.2632965374154924	0.7635368645498268	0.16807700242665521	4.3176320143974385	0.328862329349406	4412.1684017315
-6616.143433163277	0.2633982862624997	0.7625041059917019	0.16886947203555067	4.251290472279799	0.3231394123115846	4447.168975180881
-6628.654745660166	0.2632528558131627	0.7636164258040457	0.16798426979112502	4.32231327242609	0.3301193142578241	4409.477604646594
-6624.229614053421	0.26327480674077774	0.7635806534634846	0.16834287839458564	4.325755571984809	0.329823720444547	4408.006789507267
-6621.846217439452	0.2635796968779813	0.7633295371916788	0.16835859435510214	4.310263910145547	0.32655421142867885	4416.264052747485
-6625.143945490593	0.2628382743328875	0.7628062116867022	0.1684263399545564	4.27178463339791	0.3282392419491589	4436.143065302891
-6629.492975882686	0.26314441989055976	0.7636651051420246	0.16797352975249716	4.326840152577907	0.32822945651876745	4408.173112398244
-6627.101046127093	0.2632965374154924	0.7635368645498268	0.16807700242665521	4.3176320143974385	0.328862329349406	4412.1684017315
-6621.660267831381	0.2637892937072934	0.7632193215738254	0.16827729818129314	4.307839938480508	0.327855923054296	4416.691761778239
-6618.605428183327	0.2640942663425345	0.7629994516915065	0.16837561482315494	4.300394201459047	0.326868067770248	4420.313293422699
-6626.589239546453	0.26331999512404636	0.7635670099989047	0.16811466483094997	4.320024801477204	0.32947187571326547	4410.739762870285
