# /home/maycon/.conda/envs/dadi-cli/bin/dadi-cli InferDM --fs All.cc_ei.folded.downproj.fs --model asym_mig --cpus 32 --output-prefix All.cc_ei.folded.downproj.asym_mig --lbounds 1e-3 1e-3 0 0 0 --ubounds 2 2 10 5 5 --global-optimization --optimizations 100
# Log(likelihood)	nu1	nu2	m12	m21	T	theta
-7413.8856753087775	0.028447084248753175	0.04049201662826479	1.1999764816568579	2.7114812337175143	0.6734066709459141	56132.54128947572
-7413.884392505002	0.033070942150515585	0.047115445843694044	1.030717744158586	2.3283226653683715	0.7142018296145694	48313.627741312004
-7413.871681776188	0.025611502210774385	0.036323282715875614	1.3290646051118487	3.0208799603814915	0.6461314377289933	62555.25890388913
-7413.888488199091	0.02652686478931251	0.037720114956672685	1.2827498825496966	2.905948142110696	0.6592522276577645	60330.93401115236
-7413.8751049749235	0.03179563315767938	0.04526258597454558	1.0724127530337328	2.422638386301048	0.7052299904716303	50268.09305097393
-7413.878480764128	0.03268178186631158	0.0465261435775717	1.0420222756286324	2.3569923748310235	0.7119469591433454	48907.891086753
-7413.864094713612	0.03215793057857259	0.04568051958765065	1.0593519139619632	2.4037635740056538	0.7041359586487959	49723.899877834236
-7413.879256368079	0.015651102572396096	0.022218841014663628	2.1732732066302853	4.9385334621129555	0.493761896549907	102353.50210609024
-7413.866145459784	0.0231041826354688	0.03285848578507825	1.4751308650697805	3.3432538688478624	0.6136491972225282	69200.39886456859
-7413.883009962936	0.015802128671442147	0.02237131583636974	2.152974550152273	4.910883056136859	0.49302760738465995	101364.86523332512
-7413.873397417786	0.01695675473818344	0.024047070758448807	2.0083987861481454	4.569328729402832	0.5146069217498664	94351.22086575913
-7413.870471644817	0.020906091665802026	0.029722499344040587	1.628480825265674	3.689971017872473	0.5828649260459984	76447.99619409726
-7413.861830295409	0.015592012161098645	0.022126971043519798	2.1838575440018593	4.960673207145594	0.4907769078487821	102650.61156431245
-7413.912600193516	0.0176364355967823	0.025139762675111654	1.9368933712241534	4.359899660199565	0.5304342945509544	90519.51249084201
-7413.862449598039	0.023798033125886544	0.03379126608952701	1.4305541002681492	3.2486726297046897	0.6235121864201721	67261.75768677701
-7413.863924725822	0.01814872733260676	0.025792321792124484	1.8782307526140358	4.258047339937995	0.5372782138199091	88097.0784779156
-7413.867790009727	0.015745688562606393	0.022331553492927397	2.1635622690356096	4.917121460435183	0.4927807798409519	101644.05775722397
-7413.861879552169	0.015569641321882415	0.02208684345953337	2.1871665031942946	4.97275766367116	0.48951103291445075	102791.61650511068
-7413.860167376879	0.01566274583613668	0.02226002083645095	2.1755644127640346	4.931005666567267	0.4919999220738241	102061.55651980593
-7413.872126104169	0.015695959108226562	0.02228951616099961	2.167759800981586	4.9294930770249215	0.49291978872977193	101962.64752574479
-7413.888519932992	0.02334465224684063	0.03326131477081899	1.4621980167010136	3.3020243524000117	0.6160214863642702	68368.44571037161
-7413.865178719345	0.027332964944792305	0.03880406669828112	1.246201428702092	2.829210245394779	0.6624473510990236	58516.3913484787
-7413.991684839072	0.024143482426669763	0.034063161173450526	1.4049445400355618	3.2309653652223274	0.6222290946548693	66458.18506211447
-7413.872609232063	0.021197326444579074	0.030086619671491423	1.6063576884829245	3.6518375807436345	0.5853077237902251	75470.27401674341
-7413.869170831615	0.030768356659854185	0.04368713450098783	1.1080440228630384	2.5120778998172018	0.6952503004493402	52011.47323417211
-7413.859554151631	0.01987467915686805	0.02822475991747481	1.713270751310281	3.88805647265448	0.5665895718047111	80492.33261943603
-7413.863031391942	0.023278808461360382	0.03302201891670614	1.463442185271334	3.3258387676055445	0.6144703593248035	68747.09662514337
-7413.868571059313	0.017081241108930226	0.02425694229467347	1.9941376137368851	4.525622611252742	0.5184564816702384	93634.00450994403
-7413.87052101254	0.02968500770448679	0.04222559984460959	1.1477474048046967	2.601161980605458	0.6871540980008515	53873.102857670245
-7413.886421416658	0.024500994211424622	0.0346824103424146	1.3885316259604723	3.1679291369746245	0.6307559108048907	65446.12035531658
-7413.860032385356	0.01730367091572201	0.0245779670118146	1.9699212726317554	4.467478389294715	0.5222956485335027	92422.41623688782
-7413.868874543488	0.01831259701807371	0.02599696562974069	1.863216233439828	4.223885896370339	0.5393455305687952	87345.57753660306
-7413.87192445752	0.015634642164791344	0.022220275408982165	2.180173626177214	4.940753420715877	0.49182374066947876	102290.7430431143
-7413.872177526944	0.018003611136161606	0.025580817216343765	1.8933770052025358	4.291897393169724	0.5348640061305457	88814.96319262004
-7413.863482907223	0.02400974568046909	0.03411167275666524	1.4199313814161372	3.2201700959444284	0.6250241193846111	66627.14466438768
-7413.868248663035	0.018091689304271234	0.025697057359408425	1.8825096452307515	4.271393676893455	0.5364606941628617	88388.98784089158
-7414.037541409037	0.015499261334225186	0.022173828213058442	2.2038449006839715	4.931066356956607	0.494618419488133	102915.62390180408
-7413.913433923075	0.02717300453984076	0.038426979200585396	1.251283427207003	2.854444294106212	0.6625935551405004	59046.380392818064
-7414.00902826225	0.01615434699013218	0.022781489083972768	2.099631469460543	4.832286306490324	0.4972973292945355	99325.35824815743
-7413.864577507761	0.015459248298574575	0.021962972956340344	2.2038525526461976	4.9999698915809745	0.4878357776627254	103439.12188377234
-7555.003686842045	0.01723433909728449	0.026256966849632586	1.8557370482487157	3.8773385550021406	1.7097176844779547	99113.10164899904
-7413.878024565586	0.02361847596309459	0.03355049137299388	1.4388394899105839	3.2740468696519995	0.6216413746599798	67769.26173001413
-7413.859876167008	0.028781047756419643	0.04087744696230079	1.18327535677482	2.68497296133908	0.6779690084692139	55581.40582843358
-7413.879213656244	0.015596907428727387	0.022089946233394567	2.179727361720159	4.971883336573512	0.4903684948211947	102747.6716283176
-7413.865111176454	0.023868599588436307	0.03386133684471106	1.4279764925380372	3.24408430004546	0.6217320336806177	67040.44455114755
-7413.870842693211	0.02745921594313575	0.03895852500247992	1.2399691881726007	2.8160583234328196	0.6636376583601951	58252.16646662087
-7413.8746992869665	0.02243063625413874	0.03182832724908963	1.5179583189833201	3.449254152382333	0.604775135951624	71386.13430889772
-7413.867906812035	0.022465100775037095	0.031960648807138455	1.5180954009255279	3.434618141287452	0.6052138318280752	71144.2159201653
-7413.870857423494	0.015713758934882138	0.02231184689260231	2.1651586919363344	4.919324355533679	0.4941082007069092	101874.83528649803
-7413.874788733112	0.02010128507046611	0.02859947494115845	1.6949502041601665	3.8375125198615385	0.5703224267156866	79487.34318721302
-7413.867011433026	0.015650801523854767	0.022232663851214588	2.1769618739478696	4.935815386250299	0.4924420283704758	102221.49513225086
-7413.871411896819	0.015872280186878345	0.022501840455964765	2.1427253175530314	4.877777804760948	0.49566146825415325	100855.63465015368
-7413.869662126192	0.015609901329341916	0.022193236818309398	2.181212200219059	4.942242765150262	0.4929014992566874	102489.64887719124
-7413.870885742003	0.015592823613839334	0.02218205454687535	2.185599413339378	4.943704475436818	0.49260959752985023	102560.08133266162
-7413.867074255989	0.015886176929622742	0.022533157057221344	2.1430500220874924	4.875137552936816	0.4952701741960065	100728.6902702389
-7413.86990625057	0.015652005698789197	0.022219013591784846	2.176756724244311	4.9417938685329865	0.49173168028587777	102239.5588717506
-7413.871209110515	0.01948640149499271	0.02767465066147145	1.7471340507321103	3.9658221771031497	0.560441022041291	82099.78518887806
-7413.878362163854	0.015561544180639486	0.022055789209618506	2.1856959516742833	4.978608602260372	0.48975836994600663	102924.19034832015
-7554.707150221724	0.017237864507175092	0.026278215743679223	1.8570470710881106	3.8722555003545773	1.6535264815618074	99035.44750145508
-7555.823609525709	0.013500374928899146	0.02061264249432905	2.3711481017737035	4.936120798670736	1.8000009906504715	126390.99510100175
-7413.868612500362	0.015577614580928895	0.022107089168761404	2.1858574739225274	4.966019767579657	0.4901397339008563	102721.71050217963
-7413.878026006752	0.015837025149889487	0.022557421679422582	2.1526719523426228	4.867154631521815	0.4965264031609352	100870.31935437296
-7413.866469467515	0.015572093357841092	0.022083410247834365	2.1856507146987494	4.974540107898541	0.489277220856926	102779.16627151078
-7413.868436091972	0.02705321876834419	0.038386226783223065	1.258344258972477	2.860840821177472	0.6605384881959275	59176.04150835148
-7555.847062900085	0.015441503266787586	0.023541356202003493	2.072308247384844	4.324876776214305	2.1346654798765576	110627.0303758356
-7419.174371339171	0.01667203322322541	0.02263323027166033	1.9990077797848378	4.931695871191642	0.491382728350434	98480.39963260511
-7413.86372020246	0.015684731021718485	0.022272754456824074	2.169902990993696	4.930626713767529	0.4931930154779977	102058.46287318216
-7413.865426999709	0.0162697100945779	0.023118727929572876	2.093332328632327	4.751613692434313	0.5035184501614867	98290.39158734863
-7413.861388468218	0.016196340516931355	0.022993173847467345	2.102689881206904	4.7744100419897695	0.5029300466292782	98841.48913896624
-7554.557721826279	0.019974435423430262	0.030413589866580173	1.6032262454818753	3.349978034439314	1.8423898416104256	85563.7093684896
-7555.490471343801	0.014925658615217254	0.022762531723255812	2.143897339667598	4.4725335831890725	1.6498243132102042	114403.50527634178
-7555.880745025029	0.015648943717331124	0.023850053584956125	2.043195970818579	4.266277352032353	3.0701683103167263	109153.33155271957
-7555.837869142897	0.013485307753774245	0.02056643651037381	2.372736142395225	4.948911957895007	1.8553324763179728	126631.571539749
-7413.86313155682	0.015506919671917235	0.022022134199614296	2.194044249553376	4.987275456393591	0.48890396334018027	103150.45112932408
-7555.879174527535	0.013496005106601981	0.02057966387201811	2.3714411635884356	4.947000994648533	3.1986806566680963	126559.49748681809
