# /home/maycon/.conda/envs/dadi-cli/bin/dadi-cli InferDM --fs All.cc_cm.folded.downproj.fs --model asym_mig --cpus 32 --output-prefix All.cc_cm.folded.downproj.asym_mig --lbounds 1e-3 1e-3 0 0 0 --ubounds 2 2 10 5 5 --global-optimization --optimizations 100
# Log(likelihood)	nu1	nu2	m12	m21	T	theta
-5104.593091105865	0.024264158892818286	0.06217170135368646	0.36122366629821584	2.2179285392042374	0.753552694591515	69628.76766523486
-5102.242468879993	0.02261336211642309	0.05627366984098663	0.3837477566750216	2.4807514321094897	0.6824748256403042	74993.83856040594
-5102.2109935462195	0.019362162275622683	0.048318098213249464	0.45503197616492086	2.895015382129284	0.6414319243152713	86769.22313708064
-5102.65693783064	0.016379774742404454	0.04027545200804808	0.5260190112669273	3.468541898828188	0.6059884460002598	103790.20599710544
-5102.297655239245	0.012059459506560143	0.02987030704990713	0.7211957207521482	4.684480233531593	0.5245921803798913	140415.761033794
-5101.9937667452805	0.017212371544448234	0.04294541949710882	0.5098530910120662	3.2462085216548617	0.629218229847167	98117.28622685008
-5102.021005907042	0.01738020831647569	0.04336746303023138	0.5031343867438661	3.2183940692693853	0.6275679128871963	96984.48601596162
-5102.104767905589	0.020110938477847083	0.0501184616935492	0.4400469256846804	2.7803084884237927	0.6577118318117767	83893.04934695635
-5102.127718627179	0.017427758439347178	0.04384876539321767	0.5029450151447775	3.181528262780313	0.6401589560027425	96654.94115367558
-5101.999255546542	0.018486000510609425	0.04618774356875812	0.4743138226085678	3.0210129517958526	0.6452385161738933	91275.07847874837
-5102.5202645704285	0.017423987092235006	0.042735526178721575	0.5014848184221561	3.2667526522041697	0.6155578100697694	97519.06206935813
-5102.220382774047	0.02284996814720357	0.05666765666683729	0.380585373469473	2.4613947550159403	0.6688711337204107	73908.11387511784
-5102.445791875472	0.018223228675522063	0.04519288580105724	0.48359589711288786	3.0965059913605892	0.6217842452946206	92310.56248509405
-5102.112820935791	0.01242030219623563	0.030874931726491042	0.703928707375372	4.521281875896403	0.535519380937325	135966.70983692553
-5102.365321202211	0.013044006673131629	0.03271946658782713	0.6819777293459088	4.25987889593681	0.5520233061483527	128621.84640047417
-5102.145461058335	0.0193259895441723	0.048102501165430425	0.44984585162549795	2.904994530702726	0.6463418808499619	87254.28888004887
-5102.03283800856	0.014630851562987594	0.036632422810975326	0.5993138514877384	3.8046849032367343	0.58868820883102	115152.02315664258
-5102.279074277898	0.012972267387178953	0.0327335151856219	0.6799610114014908	4.255057512532811	0.5613949012795248	129541.82964149422
-5102.145652207039	0.01117359499495216	0.027992312253687125	0.7835752135861066	4.9671675816664305	0.5182790543454135	151286.83350449658
-5102.0248020479685	0.013805939863830935	0.034414566523184816	0.6335471556515955	4.045652845766821	0.5727274195407984	122461.5093042968
-5102.057929695829	0.020262882003556842	0.05063548580585123	0.4319154308367669	2.7519463441063996	0.6646302845130071	83251.82946120527
-5102.159922154738	0.011317175399703493	0.028135599114914613	0.770016402942242	4.96897632890745	0.5092772112782863	149361.84437559705
-5102.046443797583	0.014809538614028207	0.03701720701811615	0.5937416444113838	3.7657903762831557	0.5907871791666465	113884.25741789563
-5102.161983727918	0.014940661661715215	0.03756567084377043	0.590323515222816	3.702088575987793	0.5960154030669856	112321.29289851099
-5102.160232021657	0.011276741361754506	0.028058479757179927	0.7723145877092894	4.971055905281117	0.5110696614847984	149893.96055355936
-5102.199945169188	0.01303322910730193	0.032542571590247274	0.66552904446188	4.277088705766563	0.5610046579584775	129875.73989438207
-5102.221472123824	0.01238935528104127	0.030662063053491558	0.7021576178555874	4.554409556633593	0.534926020553975	136907.82515756055
-5105.377157522849	0.011798425347661463	0.028576868942375534	0.7311272978343838	4.946458577571692	0.48515533705399777	143193.95989043056
-5102.048975964686	0.014165876503883245	0.03526065214539177	0.6187571461697464	3.9500872922652803	0.5740605214766821	119052.9928487751
-5102.052032440181	0.016624430450311183	0.04170366937762278	0.5304246938060844	3.341699470072406	0.6238847352752269	101291.64886630359
-5102.461679696072	0.011549312073749235	0.02845824686743128	0.7560856736347579	4.919865495435555	0.5071165657739811	146791.01744148624
-5103.081370070525	0.012056266757312615	0.029542249762516987	0.7127461012925945	4.747254824023129	0.5139847241876456	140760.44731599075
-5102.114266197139	0.028812339835879316	0.07203558886448622	0.30480762795168664	1.9347219404940676	0.6694864081137023	58530.77210094875
-5102.090516915826	0.012736685469507833	0.03194530870179604	0.6916664838496088	4.356736726110826	0.5512957320546237	132142.83288522135
-5102.061024637654	0.011223813912631612	0.028151875494901245	0.7804580497409677	4.949433558066485	0.5136027388717865	149860.3723011784
-5102.175067044153	0.015185803587765934	0.03787543055741376	0.5737806671570171	3.696003617856113	0.5915816570922265	111079.87922787659
-5102.056925176843	0.011250973742487829	0.028089122613933346	0.7770032960057967	4.969404899030636	0.5121927433964639	150093.38932800238
-5102.1160618323765	0.01516033480108552	0.03796650459937534	0.5775249187422384	3.657230415309583	0.6042321666347544	111251.14246008144
-5102.3995851804875	0.01332808424071471	0.033651509483772865	0.6548992757691899	4.127701537845526	0.5766860016462954	126366.66684691641
-5102.120033143194	0.02117467675759462	0.05250523252165793	0.413489662795515	2.6550356018416217	0.6667538742655792	80021.95099296996
-5102.923744266152	0.01198114711901905	0.02936437560312287	0.736517162265071	4.776808080671581	0.5065163762671362	141147.32940978586
-5102.029398875419	0.02041367066482317	0.0508525529103517	0.4291163067071654	2.7439061334017394	0.6594482601637588	82659.73746811604
-5102.209253965095	0.011327359358511415	0.028348876689667946	0.7807183457084871	4.936126261220472	0.5107304170034924	148653.45853998113
-5102.056868359412	0.015316501993797459	0.03834852327121101	0.57094951772982	3.627299115495585	0.6054341248724653	110148.80072548991
-5102.042167242936	0.01717668999955575	0.04288433083051148	0.5107181518392151	3.244472620033213	0.6280514271183735	98099.1349804172
-5102.060202903997	0.01889184605226149	0.04724233207924997	0.46460890714248465	2.9504568311431765	0.6523804836749306	89319.89120897843
-5222.613635321037	0.01354606737963236	0.039007001229578585	0.6178674969374035	3.2959723786607413	1.5567167600506169	127570.80772316408
-5101.993476900734	0.01119675833092866	0.027989500372921753	0.7836927185783991	4.979392162262641	0.5124104531405816	150716.6808911201
-5102.138313634975	0.018338962105265602	0.04607162972819336	0.47595795127855944	3.023132286840518	0.6510345418394105	91813.34752479312
-5102.045048268638	0.02363951454282215	0.058796505754745605	0.37229428746787674	2.3716630410495587	0.6764725960719944	71478.19082111865
-5102.00269394836	0.015466727214917703	0.03862481710766678	0.5688813233548277	3.606971902290262	0.6012870038312015	109015.05177993186
-5102.085438685602	0.011189060736393443	0.028026020585345132	0.7861088062672454	4.978349645972524	0.5087471522184052	150186.96833459492
-5102.04593046949	0.01877826576144055	0.0468313697370166	0.46616823109256594	2.983255861075833	0.6421453200054119	89743.489863563
-5102.199455317749	0.02014643738678486	0.05043067627589835	0.4340667915125331	2.761458761763623	0.6722588832793647	83938.23445574963
-5103.94905014451	0.01199815779632304	0.029218111045231712	0.7143603963293828	4.820963897694158	0.5047412868162697	141714.2456390569
-5102.193275507564	0.013657978605142696	0.03388451598765159	0.6419098660982747	4.132245802564193	0.5553900741187687	123513.34664316104
-5102.0172067390295	0.01714310838397495	0.04276202337870794	0.5116464343178654	3.262974597760113	0.623807176404108	98324.10626505126
-5102.070472617846	0.011371474790218676	0.028233200676796032	0.7722387739254851	4.941898803358627	0.5092627166964746	148525.22380641312
-5102.166000407506	0.013023540460270499	0.032720301035407	0.6717738792061524	4.264850524523283	0.5617332260840546	129596.46465315644
-5103.387744807277	0.011609240083651273	0.028579703220345202	0.7665720572276254	4.911135182899876	0.49501930682086	144755.4571097111
-5102.119148725265	0.011237579400486761	0.02796626427105776	0.77760814026855	4.999367851046466	0.5097832394678623	150651.53344474972
-5102.054126315958	0.011219720291716712	0.028003025185854086	0.7760209663666087	4.979964883208621	0.5105435944557737	150287.08641423748
-5102.777491309497	0.011384447379940226	0.02801083158125103	0.7602557934951096	4.999665971742272	0.49804803371035156	148348.65902783533
-5102.00114608159	0.017656363842882945	0.04412152371282023	0.4978955074926864	3.162062466472142	0.634077620572832	95508.53723191947
-5102.456603924394	0.011385413097538306	0.02831407041646596	0.7826718188401585	4.935888392146807	0.5056526358465363	147896.79156697367
-5102.088824628662	0.01151361030053014	0.02858854139383246	0.759216838698701	4.886379880613937	0.5124505855598764	146714.1278571245
-5102.038981554324	0.018470284033967565	0.04614515981027346	0.47639764684112057	3.0224388927121373	0.6409969181295125	91146.91349267054
-5102.240437858653	0.015525224918111969	0.03913147326292387	0.5675960381939664	3.54828735040935	0.6134962424874594	108226.27749966738
-5102.196613044197	0.014003561070367267	0.035148941976070276	0.6322305800345244	3.9715755857751684	0.573534136606099	119974.6523072106
-5102.122346180886	0.021112311992375746	0.05291029738550242	0.4182960983982324	2.6365930775069724	0.6658033576628558	79594.8756100597
-5102.139481445278	0.01739495563310648	0.043766121711619664	0.5040830771140618	3.1895368277756444	0.6325522901611129	96476.52743169208
-5221.175027266048	0.017319654738395317	0.05000301350481238	0.4812500270515465	2.565005620867001	1.8137179439547346	99308.8354681927
-5102.81386543949	0.011389604147690377	0.02814341545319846	0.7513943661839334	4.968445054495634	0.5100744811678326	149012.85212077107
-5102.508603371082	0.011349282498591982	0.02840693315058437	0.7885842478515676	4.906721109714703	0.5106741164438866	147974.90605798064
-5217.896416851328	0.00917694921717412	0.026090556879371264	0.8975671483779345	4.9578860821414965	1.04650370119715	189833.70813546647
