# /home/maycon/.conda/envs/dadi-cli/bin/dadi-cli InferDM --fs All.cm_lo.folded.downproj.fs --model sec_contact_asym_mig --cpus 32 --output-prefix All.cm_lo.folded.downproj.sec_contact_asym_mig --lbounds 1e-3 1e-3 0 0 0 0 --ubounds 2 2 5 5 10 10 --global-optimization --optimizations 100
# Log(likelihood)	nu1	nu2	m12	m21	T1	T2	theta
-2247.7436435210348	0.9456288607655835	0.13267356718009338	0.3218196498683028	0.1921359037197071	4.99067883457223	0.24256119821971048	6356.9213475446595
-2248.0019605546813	0.8574141092241285	0.12056526367247496	0.3549736015630842	0.2113158055386093	4.434812400037941	0.21994322213343892	7006.994768596905
-2247.8069896368024	0.9224689960669066	0.129172606131839	0.3299023859937184	0.19744930066253957	4.845279406094639	0.23667670244896558	6515.926637936354
-2248.3310528471916	0.7830222522557828	0.11030795117153419	0.3893091391738363	0.23121033481211858	3.9646605373347876	0.20034842646958903	7670.1628827451505
-2247.474175785431	1.0964538058032962	0.1543821306500728	0.2778068705383506	0.16509931728381924	5.942721457866141	0.28101330020524157	5484.042393376298
-2247.8817568214545	0.8943302260497935	0.12574978406003726	0.3403161224013424	0.20283755589681424	4.66815259783964	0.22940038851035627	6718.590789036422
-2248.6402247600754	0.7316727830198577	0.10290504629462999	0.41625135337279934	0.24793591519422473	3.640203031435529	0.18731028785015455	8206.879202345093
-2247.7401265337476	0.9472730059027896	0.13287402226265957	0.3208946258573177	0.1916571987505972	5.001865642174472	0.2434577861909913	6345.184474746317
-2247.2770690882803	1.2950729126586171	0.18218319490702273	0.23501704328767642	0.1397621145015953	7.1981986565292555	0.3323474549754363	4644.193248540706
-2247.849244736332	0.9096010535193413	0.12726461520341853	0.33372525795398633	0.20015946308302426	4.765087496472218	0.2341954038144598	6606.827456933979
-2248.5373472745287	0.7469739740123569	0.10519200676389348	0.40686550100071883	0.24194564474969085	3.7383657509134443	0.19189586630095512	8036.715458137845
-2248.1717172556337	0.815312990689272	0.1147456404664051	0.3736268521996526	0.22213986323007032	4.168362403419288	0.20886791662279677	7367.925695185204
-2248.781377254908	0.7207381561961747	0.10016631686660703	0.4216048073779975	0.25482958585931903	3.5768151615920596	0.18512601179360544	8327.524044214944
-2247.3425411306794	1.232514286436216	0.17203288385068766	0.24637255524342266	0.14802595463873108	6.805287738769413	0.3172720839477743	4879.951643306902
-2248.195819884875	0.8136059023289974	0.11502749318903974	0.3738372107068334	0.22108049466551383	4.155925525457429	0.2089167715021318	7383.217526650463
-2248.2023841161335	0.8084786473930407	0.11391957783559338	0.3764268042312793	0.22370265770051095	4.124599253526951	0.20736457493804458	7430.072844902001
-2247.606154267107	1.0116666276241888	0.14216187049476461	0.3005816209453238	0.17894990034945682	5.406421139802543	0.2599073087077505	5943.336552747834
-2247.5831064464264	1.0232087976129434	0.14389447531765434	0.29747939567506937	0.17704393605812627	5.480049572807614	0.26249932883357857	5875.9297554406485
-2247.8179869384467	0.9207402440459457	0.1296199820879241	0.3312923360360712	0.19695055303296236	4.833567194419868	0.23543028633331822	6527.546297620056
-2247.8189386115714	0.9175063859867361	0.1290787908835694	0.3320913146230028	0.1976522206847652	4.8123898818787305	0.23496242634935127	6551.126088388289
-2247.9308105590853	0.8783199581675885	0.12335008957236977	0.34627221254785145	0.20651690184056887	4.565883403938547	0.2255123284683511	6841.899666708193
-2247.9908898643025	0.8607527219358517	0.12088813730444782	0.3533506168826544	0.21093399094333226	4.456756568841244	0.2210106990530931	6979.433487754533
-2250.6076674909973	0.5745762971664425	0.0818744551952014	0.5296708167478509	0.31110480484827774	2.6534194636157853	0.14710408782520543	10419.74921949457
-2252.07828226433	0.5206895750316919	0.07314402383603297	0.5882737545572659	0.3512932858088672	2.3157004989710934	0.131802010916491	11490.960273980585
-2247.5559489454718	1.039255304788552	0.1459963606714903	0.29262390929816384	0.1743829972097012	5.580783567450212	0.2669191537347142	5785.966625580431
-2251.862024467694	0.5254736493820249	0.07401646650383764	0.5813943025207875	0.3468031026401523	2.3464987960312156	0.13355191768741217	11383.967180740588
-2247.964928328737	0.8735940659140753	0.12211635050771023	0.34875083268452434	0.20909514386706174	4.536874372836498	0.22374628452020248	6879.778224373656
-2247.7914942746725	0.9279086865851642	0.13077845152854176	0.3280268203580217	0.1946252711295182	4.879192507808191	0.2380528007448157	6476.282500294588
-2248.202473954466	0.8152533825383353	0.11373593932794229	0.3728960154090907	0.2245838559702669	4.171054668472044	0.20929855879312076	7368.042540810031
-2248.190537675941	0.815465451819826	0.11525410856201927	0.3742119914171237	0.2211499718619986	4.167887650977235	0.2084083601102069	7366.879509677155
-2247.81528476206	0.9176298239159566	0.12873354569684545	0.33168406094370345	0.19795955380122268	4.813620695508336	0.23535989926562054	6550.528765708766
-2247.8481468386835	0.9063455882608762	0.12763658142788326	0.335375119896267	0.19954862727241598	4.742116980783423	0.2328429421998264	6630.742394108751
-2248.8548272934017	0.7035627044966216	0.09915445399986349	0.4332211486308472	0.25713275996768875	3.465531012465693	0.18008912892059395	8528.617943308296
-2248.3795084548037	0.7754189745911518	0.10843081351895421	0.39221411523748007	0.23502458994356357	3.918885187679147	0.19910889770784262	7744.698082525079
-2247.497784400236	1.076991047597821	0.1514418814069233	0.2826545579338672	0.16823317128808504	5.820021922952395	0.27626745065387875	5583.039178402726
-2249.293121676579	0.6587129942116734	0.09309780815437674	0.46289884582110696	0.2742221943275895	3.1813902039483013	0.1683462193719991	9106.49172779138
-2248.108078046953	0.830233881397044	0.11670931207421116	0.36653330022532915	0.2185378973752745	4.2614122250608695	0.2129186321961025	7237.418995901138
-2247.9328693709426	0.8796081263371546	0.12327028130556798	0.3457850065628881	0.2069749624890577	4.577133148337473	0.2258705363027038	6829.870242032635
-2249.3822536773905	0.6520360779481517	0.091106527683035	0.4664718002977189	0.28011927384762875	3.1427403750921545	0.16729353266056263	9197.814375985443
-2247.444041521826	1.117304036472549	0.1571554009415379	0.272407219764026	0.16210808340830513	6.075961059468539	0.28668991541259314	5381.231427413528
-2248.090759228351	0.839314577126488	0.11867702573319584	0.3628310025264201	0.21437002200079422	4.316830179112936	0.21508353607448571	7159.381876060764
-2248.0081909653336	0.8560408180911596	0.12011648341334542	0.3554796100120948	0.21220475978770853	4.425299026502816	0.21960344440452137	7019.638867708637
-2247.8811582972667	0.8942404983545249	0.12585250338450396	0.34018377036296854	0.20246080129040459	4.667859413037438	0.22957955751486586	6718.649800046242
-2247.8008829413234	0.936723553088432	0.13257497161466306	0.3259029736828212	0.19235659948365705	4.930918800005582	0.23920395753041518	6417.831522822555
-2250.092525830695	0.6011292291619081	0.08510144893855782	0.5082022039874978	0.3002265391945871	2.8200942672294755	0.15320744222266475	9968.482158084222
-2247.9691210732617	0.8674006744817885	0.12211465742825865	0.35112808998009293	0.20872606021352275	4.496931236290145	0.22228012079646353	6927.195001011073
-2247.4286917706404	1.1293455688233023	0.15857101249449088	0.2694035225575221	0.16070699035037925	6.152604351121375	0.28991010557509056	5324.058334908766
-2248.374725800857	0.7746670067099635	0.10922204992406087	0.3931912124032807	0.233425815812944	3.911304158804508	0.19837786391214043	7752.825801713353
-2248.2554625984912	0.8005037880195464	0.1118812829417796	0.37948121505791	0.22781235223325555	4.076665170701188	0.20588834072184722	7503.694851621136
-2249.4308924514703	0.6478094426156357	0.09074904137435946	0.47063938973982933	0.2818162549291993	3.114849051015673	0.1655480105338364	9258.87303836359
-2248.1256723462448	0.8260341201223096	0.11633497479709347	0.368523585081584	0.21904836393988597	4.234864245439765	0.2117591373990991	7273.5281895239705
-2247.162030153254	1.5403390236031504	0.21742836799856327	0.19777088030493206	0.11714117438311944	8.746863561816237	0.3949112138237683	3905.436873653424
-2248.016464169965	0.8728062700218868	0.12369843467597948	0.35052370249881587	0.20638988859907068	4.529198812761729	0.2222041409103087	6884.737740567818
-2247.698965773142	0.9718507726928195	0.1371155890999307	0.31389381853152376	0.18588547146099715	5.154151409879715	0.24849323990222183	6186.1487397373485
-2247.374628218966	1.1818673376157676	0.16554667259147557	0.25756414857666776	0.15387470531263453	6.484277244780536	0.30332221814024296	5088.569823120442
-2247.1544577710315	1.535145731920398	0.21614081672094382	0.19813679031238948	0.11775553959672089	8.715128373190371	0.3942950881165298	3918.6510262014203
-2247.890061455172	0.8935358624949362	0.12596359101572116	0.3410553743345171	0.2023247538553751	4.660996726226639	0.22878525460597077	6725.730945062102
-2248.1704517393546	0.818590766218054	0.11540344632755517	0.3728291756010395	0.2210773377687238	4.188561532990642	0.2091396146371951	7338.787599167154
-2247.3482310809077	1.2065570100607819	0.16920113444822252	0.25202767749512467	0.15049272678987993	6.640052361983634	0.310018322322741	4984.391569615755
-2247.37513659063	1.1826656625807586	0.16575652792749143	0.25681050873247935	0.15356050480643177	6.4891213287548135	0.3043697580151162	5084.884108547404
-2247.5322633218243	1.0542144034740388	0.14820673930617662	0.2887969384824618	0.17199631058768225	5.675879915030676	0.270367579479879	5703.638336021499
-2247.5492951489778	1.0565231083788114	0.14740614959125592	0.28743324806543913	0.1728375463765079	5.6938602360499555	0.27185313798340227	5690.784230508918
-2248.3791822758885	0.7733369605947046	0.10882480557805789	0.3938160369507953	0.23437961222011477	3.9034883252387362	0.1980938333929417	7766.097240349101
-2248.0623307372944	0.8438652155515047	0.11804754876738684	0.36034675089415175	0.21591566925457323	4.34995915152909	0.21675964104114304	7119.94182644771
-2248.5063574622855	0.7515062678226004	0.10555286011160886	0.4045757977540152	0.24149856670429035	3.7669842684455572	0.1929760240736826	7989.503209843335
-2248.407483539251	0.7694469113341855	0.10774753843433685	0.3953499564986394	0.23677440768330166	3.8798647734043503	0.1974190688262676	7805.6548160626135
-2247.274111346682	1.298027065534934	0.18215651912782388	0.23449506014645932	0.13988203849484587	7.215689521413835	0.3330280279983757	4634.639942183174
-2250.366626376971	0.5858227080036422	0.08284289661082322	0.5216059465399194	0.3086242192739241	2.7252778315589117	0.14918524958776327	10224.038787689435
-2249.29210987782	0.6589941019410049	0.09229873968912349	0.46107559992316033	0.2764284462193233	3.184795763818416	0.1691140338074402	9103.188406953937
-2248.105480108879	0.8327055649768302	0.11651537710860439	0.36506864068834066	0.2186893809004818	4.279662878613023	0.21394828556080164	7214.713010279337
-2248.4555212603977	0.7607084463189632	0.10715522645332543	0.4006751701919823	0.23807849111621335	3.823010954274577	0.19461843750567695	7895.124991916966
-2247.471157434805	1.1008142440767739	0.15423649853016794	0.2758868070514156	0.16506812612042512	5.968920533307336	0.28321719032846226	5463.984058170142
-2247.590947747759	1.0183760642921753	0.14303350954073027	0.2986987352429834	0.17811843625876433	5.450242825868335	0.2615007646665824	5903.535389966418
-2251.065423837033	0.5540854772300866	0.0774720939585422	0.5496869191727581	0.33064630989703647	2.5283630658604572	0.14163957202660812	10801.870157669604
-2249.2047600742785	0.6683257639148477	0.09343027281843894	0.45540965116526944	0.2735632643117828	3.2447288720558487	0.1711903716778748	8976.37373647725
