# /home/maycon/.conda/envs/dadi-cli/bin/dadi-cli InferDM --fs All.ei_lo.folded.downproj.fs --model sec_contact_asym_mig --cpus 32 --output-prefix All.ei_lo.folded.downproj.sec_contact_asym_mig --lbounds 1e-3 1e-3 0 0 0 0 --ubounds 2 2 5 5 10 10 --global-optimization --optimizations 100
# Log(likelihood)	nu1	nu2	m12	m21	T1	T2	theta
-3825.9151119797652	1.3514037618232722	0.10913592097625523	0.11273669890518781	0.7502417642365781	6.263643711727453	0.15511955046056833	3109.7228819493894
-3825.9151119797652	1.3514037618232722	0.10913592097625523	0.11273669890518781	0.7502417642365781	6.263643711727453	0.15511955046056833	3109.7228819493894
-4099.241244316967	0.09842105651867303	0.03339431565346658	0.5386471928865597	1.449627991672449	3.383776200192901	9.643607656870541	33451.2638844017
-3825.9151119797652	1.3514037618232722	0.10913592097625523	0.11273669890518781	0.7502417642365781	6.263643711727453	0.15511955046056833	3109.7228819493894
-4134.747294673783	1.3675756447427243	0.13626335389036348	0.13372244625694052	0.7366082325342267	6.143253043597306	0.13045463056090328	3102.496367780318
-3825.9151119797652	1.3514037618232722	0.10913592097625523	0.11273669890518781	0.7502417642365781	6.263643711727453	0.15511955046056833	3109.7228819493894
-4001.709460631404	0.12878117182085566	0.03383917961088002	0.4118601844275575	1.6483559011584599	9.310025160471863	1.9998974924601944	24344.406481351703
-4099.338598910195	0.055838772550295346	0.018967887877531214	0.949817021904589	2.5507329669368075	5.4402473215481155	5.961231382871777	58920.1390670704
-4272.624818664182	1.3736345837415287	0.1387745662114959	0.14508200126854248	0.7344258137206627	6.129254246218821	0.12201523985172326	3099.5708464784584
-4099.508295890859	0.03393388903635242	0.01150833455819832	1.5614248216677027	4.206012474094997	0.851903080593894	3.0002695931187997	97034.1422730262
-3825.9151119797652	1.3514037618232722	0.10913592097625523	0.11273669890518781	0.7502417642365781	6.263643711727453	0.15511955046056833	3109.7228819493894
-3825.9151119797652	1.3514037618232722	0.10913592097625523	0.11273669890518781	0.7502417642365781	6.263643711727453	0.15511955046056833	3109.7228819493894
-4098.853369685734	0.03929686681013118	0.013357432235309495	1.350951200187384	3.6217393885735283	5.159213707276717	3.4532169269461543	83700.87809495574
-4098.985801407691	0.030199643282379247	0.010226154798245336	1.7548103702570923	4.733782515187881	2.8901992579218203	2.896742897463379	109115.56052881468
-4000.5583893310695	0.0748601345277668	0.019831869384871845	0.710250758147922	2.799714480943257	2.8339430048120295	1.0247531835868018	41916.53556557703
-4098.871160407332	0.02926282555006806	0.009936938139865325	1.813273932781498	4.870733986012564	0.6108864676107728	3.145081659844922	112467.34176160244
-4099.453683588596	0.04464348534076582	0.015160535655916655	1.1875920162215077	3.1921451103342817	9.28527659307881	4.927053710069436	73709.89530432498
-4098.862474282762	0.03635882553246098	0.012339268790909042	1.459157764997618	3.9212485733720883	4.415461731914619	2.8222392610395293	90529.73385858748
-4098.880382881085	0.04587311442473186	0.015573982420295155	1.156565608703705	3.1079706392934034	5.100977792198851	9.1774993047122	71751.93302461933
-4098.89807033158	0.04770766983295569	0.016223758959308568	1.112870975797385	2.9824155612397014	2.8969727541576202	7.815441586569678	68935.27016966468
-4000.879149153959	0.07185446347774117	0.019053789079655242	0.740571982068026	2.917968958311515	7.39860248341458	1.2555709511246198	43604.34566302228
-4098.603780973317	0.042949732299271744	0.014574523658912921	1.2354950970452199	3.322164194846096	7.63959560248205	9.110711583091456	76662.71975753023
-4099.407704904413	0.028989625551134834	0.009839936005300138	1.8285943163173717	4.919194411407837	9.144674114175558	6.213684832106814	113543.9226354353
-4098.217510767435	0.035785506507267015	0.012149679317146875	1.4842278709802021	3.9821215148530253	8.169914270493438	9.796774240881456	91971.08621521665
-4074.1971959044736	0.027321813257775895	0.009560946865901556	2.0892864923379606	4.95	6.667369497009121	8.288033950462344	118708.52733340223
