# /home/maycon/.conda/envs/dadi-cli/bin/dadi-cli InferDM --fs All.cm_lo.folded.downproj.fs --model no_mig --cpus 32 --output-prefix All.cm_lo.folded.downproj.no_mig --lbounds 1e-3 1e-3 0 --ubounds 2 2 10 --global-optimization --optimizations 100
# Log(likelihood)	nu1	nu2	T	theta
-8919.371360334144	0.06322602283493922	0.024648518807899034	0.06882181671538465	30942.733611061896
-8915.607710218173	0.05933041054723954	0.02321290562680743	0.06453666645067024	31163.471523751476
-8915.269753871034	0.05831498940502227	0.02283147568547774	0.06338334300926803	31216.388918245855
-8960.543556538429	0.0404794404568396	0.015942682952732035	0.043496212199809425	32214.740484124628
-8915.216539499688	0.05756374131271949	0.022535943099927954	0.06254577967072554	31260.063655899008
-8915.201762061351	0.057703985534006005	0.02258233261260861	0.06269227663154223	31251.60981421093
-8932.049430100089	0.04690409487843462	0.018480925700016276	0.05064037171036468	31847.20896583183
-8915.223723646839	0.05722002185129715	0.022426272259919586	0.06216949638699622	31277.156371163856
-8915.203493262352	0.05778559287017909	0.02261872921405826	0.06279343712932792	31247.865167708722
-8915.221108692916	0.0579985751786858	0.022709639820226328	0.06304453688880213	31236.61019727874
-8915.22020078154	0.05733565718090243	0.022447845790047105	0.06231949314504982	31277.599169937916
-8915.215958078523	0.05762678316151614	0.022560942954192868	0.06261652237483498	31256.445589142906
-8915.264327234268	0.05800307109156545	0.02274792404757318	0.06305985987060833	31232.43542842251
-8915.213696610164	0.0573751719978703	0.02245926237016781	0.06234995207479448	31273.7083384285
-8915.202404589614	0.057743602513333894	0.02260371422285179	0.06275202894354415	31250.952035848026
-8915.218055690746	0.057742488016893134	0.02260761226548501	0.06274903018485786	31250.11771709604
-8915.215955405989	0.057625491047951456	0.022561177864030713	0.06261622372773051	31256.592846819447
-8916.050247070925	0.05515924468691215	0.021610366362796774	0.05982081100860847	31388.782642020935
-8915.913253800576	0.05981622692653055	0.023430470115573643	0.06514168974759064	31141.10368636495
-8915.216354824319	0.05767498225877456	0.022580541931192324	0.06267029323975673	31253.55429240516
-8915.202147552758	0.05764760773952186	0.022558335448367533	0.06262476544920845	31254.404846207737
-8915.219776697322	0.05746251442422814	0.022498010201503063	0.06243210853161515	31265.52277807183
-8915.212583641784	0.05789940511346142	0.022670918570006037	0.06293894186561465	31243.132870791866
-8915.215953376377	0.0576250695249747	0.02256073767419089	0.0626153132553439	31256.587600370887
-8915.218074565735	0.05750358795503783	0.022513707480670775	0.06247888546599539	31263.36771400957
-8915.216354400052	0.05767499143700342	0.022580897008883553	0.06267316350686836	31253.964024360906
-8915.30232876635	0.05679405278690793	0.022237491025508684	0.06164932133522787	31297.680312055334
-8915.215953330438	0.057624910275916985	0.022560657379788115	0.06261507726470887	31256.590050087616
-8915.201844419124	0.05767929706594682	0.022582320756568863	0.06269169688010316	31255.935606947984
-8915.203139888	0.05759108556382801	0.022544418253369312	0.06258527265245556	31260.24536546287
-8915.201402928182	0.0576024761486029	0.022548582600970094	0.06259778012162606	31259.596038451185
-8915.215983317063	0.05761118249211655	0.0225557544301604	0.06260079973598948	31257.478584406697
-8915.669548885413	0.059468759498025374	0.02325703075090582	0.06465779704672961	31151.8047167203
-8915.215956633881	0.05762550421365348	0.02256050906904588	0.06261502085553605	31256.497057562337
-8918.097962060803	0.062272856685486266	0.024304286747389634	0.06776415846454809	30994.33404296666
-8915.218918828563	0.057483413672931305	0.0225054981068306	0.06245883136708234	31264.97848857724
-8915.218809884209	0.05799021220724374	0.022696596095779176	0.06300892889469555	31234.342081810104
-8915.215988625874	0.05762718129547281	0.022562667395176747	0.06262014344998659	31256.699482369164
-8915.20464748082	0.057813828426106516	0.022631267838992396	0.06282762406050003	31246.444366941898
-8915.213043253658	0.05788092515167614	0.02265531644112017	0.06289779573859543	31242.168487004918
-8915.337585031171	0.05670912969193328	0.022192841954054035	0.061521418823329364	31298.801678667274
-8915.212870033523	0.057925107192955155	0.022670835321498824	0.0629370134130999	31238.252214827502
-8915.203378809485	0.057782739458540275	0.022615646468629694	0.06278422082461169	31247.351893086096
-8915.202684918095	0.057751836334101456	0.0226016254783227	0.06274527240525787	31248.702386510122
-8915.532228563223	0.056124017203643156	0.02196378360035193	0.0608859788788552	31335.32013146144
-8915.21595698942	0.05762957217172824	0.02256239866977462	0.0626200159384484	31256.29133526321
-8915.208943000944	0.057431222046242306	0.02247663681185229	0.06239839683605144	31268.871892697378
-8918.180766548787	0.06231700690570946	0.024349161880794164	0.06788822158929188	30998.765205977583
-8915.224782924006	0.05804598402131326	0.022723234374224327	0.06308302466456665	31232.30946421231
-8915.381287758653	0.05646601188094074	0.022113889379127224	0.06130317988010925	31319.098608358057
-8915.254827191018	0.05696777541417698	0.02232228133678505	0.061881644826648416	31291.443692254026
-8915.208081059614	0.05785381915997637	0.022651842277345437	0.06288493441098936	31245.440453058738
-8915.219903058392	0.05728274506229517	0.022446944523624012	0.06222792504091576	31272.249418651212
-8915.204952414528	0.05767536109911351	0.022586077457122142	0.06270229650722478	31257.78672863616
-8915.215977062304	0.05763288345171648	0.022564377259285093	0.06262438110615105	31256.105369022367
-8915.233296755578	0.05712600311953495	0.02238433529486992	0.062053950687549424	31281.6152867614
-8915.200702010665	0.05764917564896768	0.02256425101521297	0.06264161774769793	31255.957767887634
-8915.215956038173	0.05762037267432339	0.02255897344191986	0.06261008640571597	31256.84929124113
-8915.203502457969	0.05758999969818976	0.02254269874562964	0.06258034304034067	31259.90255099686
-8915.216046476606	0.05759938830970957	0.02255115257325482	0.06258742986804199	31258.12213412185
-8915.318255307135	0.056669604431845405	0.022201323085033108	0.06154605095569456	31308.793503279336
-8916.569352760598	0.05458684372190816	0.02135996384150487	0.05912714781471265	31416.23458297243
-8951.727339439101	0.04339127607297567	0.01677617290566633	0.04652672664057949	32064.856339891896
-8915.205125261742	0.05760338174200394	0.022542874344280397	0.0625850121149743	31258.239683662912
-8915.208500230401	0.05745530955836077	0.022486891774485006	0.06242822528015134	31267.84116267644
-8915.216073292811	0.057652397244021644	0.022571315100719365	0.06264484111822433	31254.874051881063
-8915.201557495544	0.05766587808965236	0.022576138489930633	0.06267422795625213	31256.447024219982
-8915.209970811058	0.05778542856631223	0.022631776628125176	0.06283000196305198	31251.825387313896
-8915.225834083987	0.05736695130707366	0.02245890811625539	0.062325853710309215	31271.351392849025
-8915.21106690088	0.05787689262812074	0.022648163975968676	0.06287616261842266	31240.47126319594
-8915.21597426719	0.05763641942647805	0.022565210672136047	0.0626282849407161	31255.978637713983
-8915.33049652121	0.056792591487416215	0.022210860276596956	0.061658993714067446	31303.705767847736
-8915.200883427438	0.05762396194963753	0.022554649859116465	0.06261515022171771	31257.641254302103
-8915.215954783142	0.05762755808381976	0.022561642256755755	0.06261810615395524	31256.457360514487
-8915.216337030059	0.05767303698714251	0.022577514873262292	0.06266669471884465	31253.779599013484
