# /home/maycon/.conda/envs/dadi-cli/bin/dadi-cli InferDM --fs All.ei_cm.folded.downproj.fs --model asym_mig --cpus 32 --output-prefix All.ei_cm.folded.downproj.asym_mig --lbounds 1e-3 1e-3 0 0 0 --ubounds 2 2 10 5 5 --global-optimization --optimizations 100
# Log(likelihood)	nu1	nu2	m12	m21	T	theta
-6650.342818424108	0.02963704527361971	0.045988832362453325	0.6292978965189754	2.8435010037331185	1.068370760849331	103794.87039214383
-6650.753447706008	0.021685404281756734	0.03359651966257941	0.8602847787377976	3.91907441637605	0.8540078186221002	141772.0073988926
-6650.4043040215	0.02168741910004046	0.03358147821314647	0.8604528124399652	3.919015149160559	0.8539580668562029	141784.66469618966
-6648.453434284666	0.021727243788338565	0.03364929282752658	0.8624363200358317	3.919790359988963	0.8562105592917201	141758.03658926164
-6675.165656298502	0.01911602515101438	0.030991522544189888	0.9629773256108685	4.105673631838939	1.9171912463650573	161984.2622032024
-6648.486494438785	0.022478851953402882	0.03386954859371851	0.8350220924527517	3.9417682235946847	0.7598999665247704	136603.30174705887
-6648.913045092803	0.01892055440238617	0.028949914222012846	0.9857444841156805	4.54543203434204	0.7484362862445856	162658.7265840247
-6669.821473038334	0.016414029223021098	0.02655646987781094	1.1260964709380958	4.8115134293452675	1.0763765897302353	187726.23418090175
-6676.217901316684	0.019399143092179192	0.0315116585404095	0.9483154179979563	4.038292905234697	2.3060240023526504	159447.94580033835
-6657.7727766854205	0.022336389148183755	0.033880796395016136	0.8297251160065732	3.9425651873281202	0.7591473756174278	136728.69231520663
-6653.539306655977	0.016991141286728524	0.026352089483911437	1.0896024105716244	4.947768678101972	0.7699129842792535	181962.29906521394
-6675.721668907691	0.016122265585735682	0.025986600610445783	1.1356627207738246	4.900739722303052	1.2758604517557253	192401.0181565076
-6648.44102899268	0.022536909560278613	0.03373895019650301	0.8368158623046338	3.946384465342072	0.7350587227225382	135537.54945783064
-6648.453434284666	0.021727243788338565	0.03364929282752658	0.8624363200358317	3.919790359988963	0.8562105592917201	141758.03658926164
-6660.602746557701	0.022329972548512256	0.033930074788115834	0.8284739692103003	3.943247622715232	0.7533482338096229	136407.0703152769
-6649.881241376821	0.020644471270155545	0.03232816510888948	0.9086460014072432	4.025286096552877	0.8682379941098151	148165.39727611546
-6675.289934377652	0.01594253391699057	0.02588776883773698	1.1556883346164892	4.9274985614041515	3.2180413387246714	194301.46973550264
-6673.389243314464	0.016448888702072756	0.026684013560822558	1.1233801778753334	4.767241904268689	3.445987859483494	188256.81208942112
-6664.658288810844	0.022810948517469842	0.03430702014625558	0.8098393728175001	3.9520755000038275	0.7296040591706007	134042.46922109782
-6674.979438927598	0.015750951967760284	0.025616799965188824	1.171926354535093	4.95	4.95	195966.5977799279
-6675.64687449478	0.038299319984616643	0.061811336845520023	0.47900347977427815	2.058882519798177	3.115130351633942	81067.65693541888
-6654.013082755001	0.02299947324079367	0.034196668279801556	0.8129580658230269	3.950072955018364	0.7280797469824367	133790.99243557284
-6675.905756517735	0.015925028061126317	0.02578379001381044	1.1538340023800022	4.934021675412807	4.750317189582772	194648.9259280027
-6652.047216556971	0.022313874955291996	0.033833883244425204	0.8375044982218203	3.9419030801587396	0.7633212276457515	137089.4931069389
-7156.491530834018	0.03623522633653213	0.03566822626270831	0.4649231269616667	3.9591217002924437	0.3819829215250688	86900.89671698782
