# /home/maycon/.conda/envs/dadi-cli/bin/dadi-cli InferDM --fs All.ei_lo.folded.downproj.fs --model split_mig --cpus 16 --output-prefix All.ei_lo.folded.downproj.split_mig --lbounds 1e-3 1e-3 0 0 --ubounds 2 2 10 5 --global-optimization --optimizations 100
# Log(likelihood)	nu1	nu2	T	m	theta
-4514.354493706712	0.2336412217395421	0.12612367859290313	2.9298904271381074	0.3012096869384576	12010.787162394881
-4514.778543131803	0.23350460670083878	0.1261139648866429	2.930834518244576	0.3012707662641651	12013.732385634154
-4515.359125728054	0.2321473489133616	0.12520854711052065	2.931535983336084	0.3031587056557531	12073.270323552146
-4514.354493706712	0.2336412217395421	0.12612367859290313	2.9298904271381074	0.3012096869384576	12010.787162394881
-4514.778543131803	0.23350460670083878	0.1261139648866429	2.930834518244576	0.3012707662641651	12013.732385634154
-4514.778543131803	0.23350460670083878	0.1261139648866429	2.930834518244576	0.3012707662641651	12013.732385634154
-4514.354493706712	0.2336412217395421	0.12612367859290313	2.9298904271381074	0.3012096869384576	12010.787162394881
-4514.778543131803	0.23350460670083878	0.1261139648866429	2.930834518244576	0.3012707662641651	12013.732385634154
-4515.04181981556	0.23334103145770585	0.12603891905582087	2.930182969047653	0.30140704840742977	12019.713944660523
-4510.898659187853	0.2434730555530784	0.13138168268308628	2.9120599260272693	0.28683163374983106	11609.125300421321
-4514.354493706712	0.2336412217395421	0.12612367859290313	2.9298904271381074	0.3012096869384576	12010.787162394881
-4514.354493706712	0.2336412217395421	0.12612367859290313	2.9298904271381074	0.3012096869384576	12010.787162394881
-4514.354493706712	0.2336412217395421	0.12612367859290313	2.9298904271381074	0.3012096869384576	12010.787162394881
-4514.354493706712	0.2336412217395421	0.12612367859290313	2.9298904271381074	0.3012096869384576	12010.787162394881
-4514.354493706712	0.2336412217395421	0.12612367859290313	2.9298904271381074	0.3012096869384576	12010.787162394881
-4514.778543131803	0.23350460670083878	0.1261139648866429	2.930834518244576	0.3012707662641651	12013.732385634154
-4515.04181981556	0.23334103145770585	0.12603891905582087	2.930182969047653	0.30140704840742977	12019.713944660523
-4514.354493706712	0.2336412217395421	0.12612367859290313	2.9298904271381074	0.3012096869384576	12010.787162394881
-4510.698725495332	0.24318167522083667	0.1311811168017178	2.912276267941704	0.2873609839199049	11622.571082292821
-4514.354493706712	0.2336412217395421	0.12612367859290313	2.9298904271381074	0.3012096869384576	12010.787162394881
-4514.354493706712	0.2336412217395421	0.12612367859290313	2.9298904271381074	0.3012096869384576	12010.787162394881
-4515.359125728054	0.2321473489133616	0.12520854711052065	2.931535983336084	0.3031587056557531	12073.270323552146
-4514.778543131803	0.23350460670083878	0.1261139648866429	2.930834518244576	0.3012707662641651	12013.732385634154
-4512.365117892269	0.2432290476235419	0.13146549536007104	2.911900979499038	0.2865923361546904	11609.633166065018
-4513.952364610514	0.23530093283921974	0.1271523305884354	2.9327295145123267	0.29879014403625015	11936.672499875669
