# /home/maycon/.conda/envs/dadi-cli/bin/dadi-cli InferDM --fs All.cm_lo.folded.downproj.fs --model asym_mig --cpus 32 --output-prefix All.cm_lo.folded.downproj.asym_mig --lbounds 1e-3 1e-3 0 0 0 --ubounds 2 2 10 5 5 --global-optimization --optimizations 100
# Log(likelihood)	nu1	nu2	m12	m21	T	theta
-3769.0812848117375	0.023972586862505148	0.005198865781463136	5.140513653319791	4.081332256973608	0.340714607509141	177745.74048847146
-3777.0379302238616	0.08284938643984291	0.01799905081090465	1.4678880232410265	1.1638362933680966	0.524457158655454	53016.04546091126
-3770.115401106682	0.025178361750648155	0.005644618082878051	4.927487734875013	3.6718359365617026	0.359393818098644	168825.19283008878
-3769.1338054930675	0.04870663648655174	0.01064537606841726	2.5301995715922674	1.9873188289726165	0.4769155021636877	87473.84425813955
-3785.627377464067	0.02668326760556779	0.0066032197460020895	4.71804733638032	2.9392835740411014	0.3920434167424589	156335.15753262737
-4015.3201577441077	0.024740695457198012	0.006014605518046697	4.607321329318412	2.7291162087046037	3.1817610196672117	209409.08799642907
-4015.227773341174	0.02566031444374375	0.0062510250680479305	4.444671233865298	2.61994588448408	1.820861103080474	201735.93581211957
-4015.4386403827393	0.026784799566530612	0.006475596951191471	4.249618633869194	2.5448567137835227	2.2869072933758314	193768.9559729218
-4015.299294532396	0.01710846396057422	0.004163772451266893	6.666784892041576	3.93730226489696	1.5743968079952742	302732.034310444
-4015.3357193512597	0.017892467735919508	0.004341994067299308	6.370049612686865	3.781524123835797	3.7351999811034986	289708.1219770531
-4015.265086965654	0.029113133611302827	0.007093312280445597	3.9194104739501894	2.3068748901432223	2.2079636078892215	177809.61513800788
-4013.2791220256204	0.033237368404702955	0.008124118646603676	3.432951967253943	2.012005249246446	1.604530298472414	155391.12760587127
-4015.075474439684	0.031019781892501853	0.00758119124153178	3.6811448665318554	2.1533068982905657	1.9339771982958882	166688.91180001196
-4015.3485561091857	0.020666322095473554	0.005070990600551549	5.531021717793362	3.2081706696357597	1.732971925226713	249888.1615002011
-4015.7902851590625	0.03591552492020331	0.008617405093188023	3.1658555052094806	1.9240676496800628	3.4667675073505078	144928.54796020951
-4015.288510788292	0.034654801366861346	0.008453543674505131	3.2929828031679262	1.9333816376944783	3.0893826749909308	149301.04414505957
-4014.5299338370405	0.04721896554343534	0.011546906675008298	2.4190151132123927	1.415963619051601	2.424639078596538	109495.17600775394
-4015.289851800244	0.03782465822481372	0.009229337871559546	3.017367363525104	1.7709908012642344	3.5874245260179296	136786.30116926372
-4015.6789243480307	0.03273779065941921	0.008095289331892614	3.500495710994306	1.9945893247777402	4.792587941648583	157345.42211155576
-4015.364114691988	0.014130807267255529	0.0034676566786191387	8.09104583155933	4.690536957793906	2.784992867024495	365473.1553553653
-4015.415516840929	0.028285384152720243	0.00695044976099677	4.043008280806668	2.33494908042402	4.201505977138011	182455.19361438323
-4015.2912276356046	0.033778764828396965	0.008236613012255901	3.379986897646967	1.9856642140878202	3.846416939076682	153236.71179927408
-4015.6023475177035	0.0343215829973736	0.008256224342911962	3.312715495110016	1.9997380346100024	4.93000651833013	151423.76416970964
-4015.331545929311	0.017321307651507665	0.004204793026208912	6.580757663996775	3.904607231133634	2.7633138603862912	299239.80929956294
-4020.4437566956253	0.012293644904021031	0.0031389096049991173	9.418381709352326	4.95	4.646257699482961	414211.1737623949
