# /home/maycon/.conda/envs/dadi-cli/bin/dadi-cli InferDM --fs All.ei_cm.folded.downproj.fs --model sec_contact_sym_mig --cpus 32 --output-prefix All.ei_cm.folded.downproj.sec_contact_sym_mig --lbounds 1e-3 1e-3 0 0 0 --ubounds 2 2 5 10 10 --global-optimization --optimizations 100
# Log(likelihood)	nu1	nu2	m	T1	T2	theta
-8145.990973516329	0.017182179399577127	0.04841798508769528	2.080802659524733	4.040417964291217	6.87830492054623	127040.59372846498
-8147.311885307329	0.024482318350301072	0.06877710658035381	1.4612778059346518	4.907082335681895	3.5616011070948863	89183.93900719016
-8146.141134048145	0.01886836154921147	0.053157758968428184	1.890142184129017	4.359996633737615	3.4667270926913525	115547.28962361166
-8145.967843999543	0.01719093871399041	0.04830874235361309	2.0786514535445155	5.20029951943959	8.4784378971519	127066.2695857631
-8146.150135876273	0.014987833381219414	0.04196107856229765	2.3956850829199943	3.971787857458782	5.381114796761207	146260.4398856722
-8145.95459070831	0.026945422292238504	0.07587557263991637	1.325066177001175	9.902482586102636	9.899323675558453	80978.36733336515
-8146.091626482342	0.01625766244001744	0.045776089203414264	2.1929747735720215	6.328770910573766	3.310454795893286	134118.05223573625
-8145.986001986198	0.014871224039844248	0.04193866750195551	2.4016185532484067	4.537950316052412	8.233011737538224	146670.26532712928
-8146.032818499138	0.009428489400280881	0.026617262881501257	3.7793855385061237	4.202356886673094	5.5977340259864965	231008.36457317468
-8145.998283124079	0.023831302372714733	0.06717645928612871	1.4977026346293023	9.89167245248823	6.145150305332676	91512.29776100324
-8145.973456192194	0.015147028555837917	0.04264352961193162	2.356290892140674	5.580503527598001	9.98213734425552	144039.11683485805
-8145.978511878052	0.015146673621622352	0.042584546681822696	2.3609889664061097	6.715305703536486	7.1748606629575775	144243.21225628792
-8145.9529714591545	0.019278395628508378	0.054235974632241495	1.8551092808264618	9.897529477162267	7.2430534117238645	113307.20097014603
-8145.978643057255	0.019823196510871836	0.05565295821885646	1.8044647189597673	9.894825573332943	5.245857685776889	110281.84842801013
-8145.962028821787	0.012355529299081814	0.03471850593780676	2.8933666557729456	4.365052573295206	9.899895421924532	176833.12605487186
-8146.023876373338	0.012815993668200399	0.03608118926239776	2.791145768952845	5.571862596478757	9.896620062428067	170417.07359599136
-8146.004930786529	0.019633077793764536	0.055262995407172014	1.8179386629110925	9.910771852821707	4.6221061306784454	111134.30304424993
-8145.978711601181	0.014901445911171811	0.04196176791278415	2.3952394505041066	4.434618562875657	5.254315260186776	146404.6859913941
-8146.073317514873	0.007305979555442027	0.02047303765372037	4.910343969296026	3.0623159733836443	5.469521291448445	299828.84806973935
-8146.022449619514	0.015992830977335854	0.04514172168281105	2.2284142647253113	9.160753099998395	9.924963024460231	136205.69599517682
-8146.040806573659	0.017825790133621955	0.0500269041684715	2.0053262939239445	4.350241090695422	9.71520615929554	122616.89437375487
-8145.972863531471	0.016451131850404244	0.04631149290014922	2.173294260988868	4.984701595682511	5.021418500042495	132732.79332494768
-8145.9649700100545	0.015955872647086283	0.04485520963812503	2.239175640017567	7.507984793572563	7.534111382350411	136873.0594686492
-8146.010571353335	0.017881907108140357	0.05028710297370696	1.9976973402135398	4.650430730538023	6.675182953078115	122107.66911118057
-8146.004408471714	0.016428718797661498	0.04609340884695428	2.179360852971575	8.614091182824874	4.965550651838919	133156.87961620832
-8147.512073762781	0.021400669585859892	0.060275692164914664	1.665806579447105	6.662716061506909	3.235530306287843	101755.61107059417
-8146.066365299653	0.016086984110378576	0.045370116476635275	2.217769431570106	9.507500997864216	9.892413438846324	135516.09221940924
-8145.980394795085	0.018799823337355515	0.05297585711230804	1.9007560566374997	9.906515311228734	9.90766093656747	116081.08778192481
-8145.959193327957	0.018069909197456928	0.05078970911703946	1.9799739815546378	9.899997361823196	9.901448756993567	120946.0221263334
-8145.95483448007	0.010201295973091808	0.028686859404297094	3.505147166296015	5.402730379385642	9.81050822914962	214141.878435338
-8145.964373310721	0.01671877420989481	0.04700641860960448	2.1368532420005595	4.156247028252908	4.795417918727926	130616.8727085158
-8145.977037074119	0.010000886421930122	0.02810536174269592	3.572585687556464	6.109654521392318	9.900839686978236	218401.11976233713
-8145.997560273537	0.007234830551796871	0.020354192641949327	4.947243992637265	3.9145795527343537	6.615589904241737	302037.9501647984
-8145.967801562882	0.011964323856591722	0.03365048925495305	2.9893621969178987	4.46254251420045	9.378311798975549	182596.30712770214
-8145.962944446594	0.01601570930286989	0.04499144261930089	2.232652957903657	9.881219397045255	8.470200618809136	136447.8932590177
-8146.2867509347725	0.009937082670921337	0.02811200800068093	3.5754659722265987	6.805983592822194	6.82185197767084	218725.98985057967
-8145.94946519586	0.015320036050107644	0.04311857995251923	2.3324914143039672	5.375443777197227	9.882776282817863	142506.5726984343
-8145.988133264149	0.01468757861838174	0.04127116539663633	2.4318902551356696	7.942016407312473	5.537162738645558	148697.04220806423
-8146.004038467717	0.010900553027220244	0.030758718332715266	3.2737468834260413	6.403348133600079	6.9171459888961015	199979.8011649308
-8145.98851301773	0.016804274549956377	0.04730106529780894	2.1243520633681814	9.90997417907645	9.896515206109605	129854.28440210866
-8145.965002336811	0.011537790397100305	0.03250293501532065	3.097469629466284	5.467534084329936	6.182228729013591	189172.76989268936
-8146.011368988452	0.010867834531318791	0.03056803440581503	3.2937338263824003	4.878375542385774	8.58507285332243	201094.72104649147
-8146.609557788258	0.017603195682705856	0.049442532284806565	2.035216711782703	7.005629781741429	2.96022755692368	124197.70545024573
-8145.968795404187	0.013086402162676543	0.036878839106468796	2.730650294882807	9.893204690084692	6.29665675724378	166757.8572026307
-8145.954122151204	0.025243996011707015	0.07098926626012586	1.4166859444741156	9.684305334655619	7.830393008246461	86542.44973521696
-8145.963233674661	0.012975117005919641	0.03651179581512716	2.757230063569008	4.059532625703187	7.673798827164879	168363.49989998518
-8146.155417537905	0.013689980789100617	0.038351733262520664	2.6118588556951425	5.691065379911695	9.998894258648388	159778.59271267868
-8145.953382296662	0.007753235838404311	0.02182715534408403	4.606412471306353	5.026901662288534	9.900171322340626	281490.8687636058
-8145.972025786211	0.008277056967529086	0.02330213811569256	4.316728685939472	6.46354192418276	3.9208785442776914	263727.9958914059
-8145.960883933337	0.012448278312926005	0.03503132436821291	2.873349395956477	9.902396662983138	6.484361861099019	175469.1299273723
-8145.950117214728	0.01320355237374091	0.03714123966847952	2.7065316953555754	9.91143893851468	9.435315503874596	165385.64833966052
-8145.997693372538	0.012766891699376375	0.03599779164859211	2.7929427325546197	4.963794283101571	9.90037124384941	170726.58737576735
-8145.966227907893	0.017107367891304324	0.04807069365114048	2.090191011335755	9.89614313541973	4.333300020440742	127729.10441426311
-8145.959914306397	0.013070891538973058	0.036806211608064035	2.7345772490415197	5.499170699701203	6.513752466043355	167020.77632287584
-8146.018004954798	0.015538076883980423	0.04375260660225364	2.294577758356449	9.925487613441826	6.664098242686251	140335.93909920022
-8146.084041250129	0.015206933761124843	0.042987857032927144	2.344735374717292	5.835096654980747	7.6660637983028215	143203.54819123822
-8145.999152322031	0.012622951851530902	0.03544912366196165	2.8341316313586042	9.948506729712781	4.901498084276045	173181.14849767965
-8146.025712145691	0.014677994005487265	0.04134134397729773	2.4284199948947953	9.904054268457049	5.446479508626961	148528.4600774952
-8145.952363394459	0.01263839444688687	0.03554502464002228	2.826960427207727	7.763245262856512	4.9917645119006595	172774.91414907866
-8146.0630680128115	0.009654861723305012	0.02724656567633305	3.69125381358754	5.083158680228275	5.7334480793542495	225634.10104988195
-8146.00902965149	0.015235169101767209	0.04287494704120302	2.341536119629175	9.897661671714475	4.444957575627622	143192.92394229074
-8146.118016838867	0.011692960192580162	0.03289039099173854	3.0479034766663684	8.49957306737532	9.9341539788532	186517.6693815449
-8146.010175308616	0.011468550087407598	0.03222528418405673	3.124277426163704	6.826134500966594	9.579729490345569	190715.09249363598
-8145.96572924725	0.010019990413059822	0.028183828526997263	3.5709719071015305	9.43659964360623	5.324465887197021	218066.9969621507
-8145.956866608584	0.015299337837497397	0.04300108247547759	2.337699652599741	9.898444863019638	9.964586139728773	142826.01823396905
-8147.475201025014	0.013844914116600729	0.038894356456278666	2.5820818778157157	9.898826329183478	2.2646997200165284	157628.23371768167
-8146.024861150678	0.013147160548794872	0.0368765171954921	2.7215767092365635	9.893563949928504	6.3755890975063005	166358.41589089562
-8146.048358519611	0.009682190589404215	0.027180330465110165	3.6890892114309177	9.898971894050034	7.399908114257683	225643.01319308614
-8146.1764595857	0.007266829668727176	0.020384398948044564	4.942881244961119	6.408548546654666	9.907073887439626	301509.96965198027
-8145.954355981508	0.011959753705237058	0.03365184225335007	2.9871552672976263	9.88852626672754	9.865652694757044	182543.60037536075
-8145.974030050027	0.007319080053375737	0.02054799626440861	4.889478309888443	9.894651934351728	9.107660071352019	298754.6289253014
-8145.9605667254955	0.007247723919502315	0.020379791216157225	4.9372233027683095	7.556724433484125	9.934776262509518	301520.22871896456
-8145.97004761611	0.007281724980796721	0.020479892514548185	4.914115260194048	8.789467535704556	9.405748464966518	300088.06397319527
-8146.014837766521	0.009237505409716032	0.025915523350171787	3.8725718995302874	9.832267749794639	4.72022075432175	236725.8832588173
-8146.697370580267	0.007977392118593895	0.022587941882839448	4.488569082905844	9.899642711143658	4.272949535236475	273365.8806890213
