# /home/maycon/.conda/envs/dadi-cli/bin/dadi-cli InferDM --fs All.cc_cm.folded.downproj.fs --model split_mig --cpus 16 --output-prefix All.cc_cm.folded.downproj.split_mig --lbounds 1e-3 1e-3 0 0 --ubounds 2 2 10 5 --global-optimization --optimizations 100
# Log(likelihood)	nu1	nu2	T	m	theta
-7189.949351015544	0.004071190548411664	0.02336112458597846	4.400389742663369	4.386481739364317	266061.48399771604
-7189.852626165579	0.0038173222115402933	0.0220205910499666	4.052378537067364	4.641444642102481	282046.8549951132
-7190.006274910303	0.0036074272618965455	0.020578273434866724	5.173312220530734	4.959055234971134	301201.63200893614
-7190.24988688859	0.003760357199232275	0.021493719585477678	4.695995270926401	4.786740357404225	289644.6329632131
-7189.664349777436	0.005369162236948046	0.030749657825945277	7.676593087916893	3.3291602598684293	201984.35081503255
-7189.806614735955	0.0037300862296009408	0.021383298024610916	7.41195161848868	4.793159188141513	290668.6427437541
-7189.654546649681	0.0036301805977275625	0.0208656398662286	5.641606766125343	4.910272698078582	297910.93511261424
-7189.970378598045	0.0036608936385193634	0.02106971777855158	7.362321893149316	4.88544644460991	295773.7783440015
-7189.64473967229	0.0035705370915993374	0.02048231776069231	7.725700738099804	5.0	303352.30215664476
-7189.882341403937	0.003561074957685332	0.020488121695195698	7.6033101830792695	5.0	303410.1037210587
-7189.963873960681	0.003570883190969023	0.02051446162728682	7.303458000860597	4.978464891083663	302500.59939067677
-7189.913208629127	0.003588731747526916	0.020689972934055265	4.436047546549699	4.948012457184067	300418.80462523387
-7189.666454994041	0.003737842588647997	0.021474743315355267	9.894967531580004	4.776085613055343	289604.54825311335
-7190.025971746057	0.0036558245397075593	0.0210275001715294	9.923824505846744	4.897472883442206	296415.76740047353
-7189.738861865604	0.004293954454181224	0.024719682022466626	5.86327630373846	4.14450645134742	251501.23031439938
-7189.731812269836	0.0036151789295546808	0.020835285059628443	9.832391304931475	4.9129730488567525	298295.11950657226
-7189.829445923214	0.003636663067913911	0.020973406110868374	9.853917976288132	4.901733414966703	297009.319288154
-7189.68651993796	0.005321952013631955	0.03055345162384565	9.368872191445694	3.343944187432546	203130.97136211206
-7189.685960590428	0.00564415799593841	0.032508857799292024	9.603310885763731	3.1535494481914514	191316.0481798079
-7189.763795782684	0.006158526954993472	0.0355374996067116	6.447487179445498	2.8847612236157043	175046.46117478813
-7189.7162509118925	0.004341862300563562	0.02499577957520146	2.4984646549799714	4.096317927385071	248648.45988375598
-7190.016054907865	0.005569281482918588	0.032081134830459684	9.684984554937847	3.1932812511276985	193797.96909807564
-7189.829777697033	0.006991573415596939	0.04018663171806048	9.974769572948803	2.550520882357681	154712.9012315295
-7189.717107195601	0.0036105501958963	0.02076364922239645	3.4420103689590023	4.926260558913342	299138.6511126612
-7189.663124538016	0.0051703028097910145	0.029757098350899628	9.864318547046052	3.4475035061037893	209062.7527813883
-7190.226140451348	0.0037320991816559112	0.02166562679520568	9.808241869229098	4.737459491660893	287490.5739028925
-7189.812920270029	0.005100954809772825	0.02915863970024721	4.2110844090968875	3.4972839622495107	212539.58010906
-7189.6488171175615	0.006946354063058403	0.039875776732493165	9.407837819314198	2.564697992496366	155719.05374173707
-7190.198718352201	0.0035758114761798706	0.02077504732434227	9.88759185326267	4.945653723725712	299999.7984917946
-7189.787222057564	0.004523005702193479	0.026012460584883195	9.900463403200206	3.944818700552559	239171.19218587322
-7189.839361976618	0.0036168398656554607	0.020767699289068065	4.709560745054132	4.948048379611051	299735.7501205513
-7189.692401477097	0.004884597449619916	0.02809318082269903	9.905281375242035	3.6410086669412904	221095.85404787195
-7190.440731551959	0.0048122375974251575	0.027796591279595512	9.809709197808575	3.664843144592769	223092.4193811034
-7189.860328438413	0.003665832077468247	0.02096598657498455	9.893715513180979	4.892033869612121	296484.6031880131
-7189.948527919688	0.00425263219386944	0.024450293002291672	9.907358783595056	4.171524400907161	253654.84117001508
-7189.784955649984	0.004950063555824065	0.02829313316751938	9.1631432806419	3.6061827866846965	219098.4744039952
-7189.797556254543	0.0036565590559218173	0.021019592302697825	9.978896643130156	4.888297922670079	296167.0256896608
-7189.732024377768	0.0035937161888136716	0.020700561264897076	9.897339383930104	4.950271247872387	300384.6136391923
-7189.772313982628	0.004367673156969399	0.025122849619544897	9.221819028283724	4.065450577935519	247051.06210547124
-7189.808625838566	0.00375942049685471	0.021627677750539614	8.606442303484542	4.720427534108579	286917.99835161015
-7190.088445039599	0.003681732536649192	0.021313590579661965	9.852670598292326	4.797804374658148	291591.04149917426
-7189.867013523186	0.004379011253652215	0.02504522363150536	5.920372396997133	4.0729942881116825	247503.10510297885
-7189.787787857677	0.0036194172006593526	0.020683650226639178	6.189248126296691	4.937483910677874	299841.4248748685
-7190.13600752066	0.003582689283768377	0.02044700567325291	5.405735302712449	4.980266558738505	302820.17659931467
-7189.732984069981	0.004299503211948889	0.024729571754998157	5.978959387820766	4.1335650089252	251086.6163257601
-7190.31288537508	0.004556245815312143	0.026434905448140786	9.906919261800832	3.87908340419119	235494.21295087846
-7189.848528269153	0.006266238813639515	0.0359631308490827	6.235587467887042	2.8413010165959953	172580.96621580428
-7189.749773413075	0.003598848087294995	0.020606200228972225	6.4434652755786415	4.973276481348916	301569.74920818885
-7189.6330457645145	0.0035833356497319783	0.02060778261130511	9.252144805767198	4.971304133653294	301644.2781739783
-7189.689536582679	0.003610774665475053	0.020773059643498584	6.180303898090473	4.9222515846260535	298960.51508106483
-7189.887166960577	0.0041863090226717395	0.024139849611278574	9.89698921285517	4.2425269968207004	257542.0142269642
-7189.824887393782	0.003583285994732997	0.020482506593289707	9.886674544182329	4.997197264360638	303144.2038758893
-7189.711005182415	0.0035924929237207926	0.020558802454352678	7.5420372634972574	4.969670411125579	301778.1669339551
-7190.034013134127	0.003706173866299638	0.02131956964316376	9.839835324606579	4.806438872683998	291617.41440539557
-7189.677879573015	0.004291384681456412	0.024708116770168032	9.909065729849111	4.153267883100798	251834.35326995142
-7189.995682450646	0.003640160996920874	0.02102744054976545	7.602244860447096	4.864743555146128	295540.5772667998
-7190.520381118304	0.00356674520991859	0.020643349163624217	9.999546574424754	4.964499034464107	301393.55747139856
-7189.6333004289845	0.0036454377626798685	0.020916897583394805	9.901797192674696	4.891609669112582	296917.19475846854
-7190.019671857416	0.0036714280649626256	0.020945606272143574	9.883235926123243	4.896820539294778	296691.1268780621
-7189.833235131646	0.0036565462371697215	0.021146264862068005	8.613536801740842	4.848857621027039	294273.183140581
-7192.155019748737	0.0034975244364640803	0.020463465054589507	8.335301042459884	4.98763568179342	303761.67868596205
-7189.662306771399	0.00471045249603723	0.027100010765581554	9.974704540954043	3.775762528730042	229247.4661594363
-7189.726064067417	0.00405000540676438	0.023158297087105175	5.416948110546612	4.422489461390516	268211.26120648225
-7190.040653200832	0.003544246366193798	0.02050782896157095	9.848030219643414	4.991944478613233	303207.71217127424
-7190.034681539399	0.0065145514319409955	0.03765538388312264	9.923046613445841	2.724945741444282	165308.07244630283
-7190.216734669033	0.005306028477443245	0.030306144466999762	9.874479012294756	3.3895574763530925	205241.25424122135
-7189.653453990428	0.003591198941229311	0.020606970411121635	9.900950691987797	4.975048232509249	301691.7227219512
-7189.716467030067	0.0036591707184757643	0.020997011991976518	9.902580996384806	4.873478713535874	295803.25438302493
-7190.0251080725275	0.003612995212009941	0.020771155772370473	9.896559585955195	4.947832519169328	299746.42301830614
-7190.035678678966	0.00371322666021781	0.02121249847739849	9.392132951837908	4.83917127271785	293125.04548115196
-7189.875364695841	0.0036258882473452964	0.020807842804677467	9.9006490846643	4.933413850429177	298981.19952091284
-7189.922373534036	0.0036236038280217466	0.020749699383260264	8.200782296283185	4.946895370862182	299735.9016295244
-7190.217233287024	0.0036193200353742063	0.020718988182401754	9.91267050481774	4.934915748671959	299571.8284683169
-7189.725348847913	0.0036144469930199045	0.020725166913501965	9.91578825345546	4.94998412015217	300049.5050714842
-7190.20289141451	0.0037531340241705926	0.021549413985819593	9.550723838411594	4.7650393915865	288753.8451507476
