# /home/maycon/.conda/envs/dadi-cli/bin/dadi-cli InferDM --fs All.ei_cm.folded.downproj.fs --model sec_contact_asym_mig --cpus 32 --output-prefix All.ei_cm.folded.downproj.sec_contact_asym_mig --lbounds 1e-3 1e-3 0 0 0 0 --ubounds 2 2 5 5 10 10 --global-optimization --optimizations 100
# Log(likelihood)	nu1	nu2	m12	m21	T1	T2	theta
-4690.942556507697	0.4065776813195303	0.7599696332685276	0.07320154930233784	0.44153014284412706	3.8605076774960385	0.18405112633177145	8274.27358134453
-4693.187636862474	0.407186699142835	0.7601431383762347	0.07216229357939188	0.4317826763019728	3.850550483473525	0.18841683520421765	8277.350730254428
-4876.81051334335	0.38037069666241147	0.7850892773919788	0.07089884349388761	0.3231318875368121	3.884996536470435	0.2647053745307286	8209.166972184714
-4691.2991256356945	0.40730755965063803	0.7590888493958955	0.07423145410987472	0.4404639290792447	3.855923822259102	0.18541449026028095	8276.781793839322
-4698.067162004233	0.41397053203561945	0.7565571745095419	0.06998111866483822	0.42630560598476175	3.822698504144639	0.19205833810604828	8285.232853337799
-4802.245385853948	0.4075072902761393	0.7491937653212462	0.06933548973993062	0.3468122780381248	3.8196951575500013	0.25006271654942064	8267.944081953812
-4711.226324324513	0.4182320162122027	0.7542547691784585	0.06625847607441913	0.4212242322432064	3.8091768513173943	0.19121837316277632	8289.064466145936
-4711.226324324513	0.4182320162122027	0.7542547691784585	0.06625847607441913	0.4212242322432064	3.8091768513173943	0.19121837316277632	8289.064466145936
-4717.932559192713	0.419053931144456	0.7636247009035283	0.06805478771440379	0.397764388794793	3.820175823179271	0.2035892074353623	8241.830581165294
-4691.288070485497	0.40735246107579604	0.7588933865824754	0.07372340831737371	0.4361254331286509	3.853973744787658	0.1863141142749543	8277.912065830104
-4711.226324324513	0.4182320162122027	0.7542547691784585	0.06625847607441913	0.4212242322432064	3.8091768513173943	0.19121837316277632	8289.064466145936
-5057.001789408429	0.357411570585137	0.8363608306303314	0.09701518465456616	0.3266146885988181	4.052730998807621	0.2413140880320171	8037.761565140843
-4892.260350592309	0.3743230876818573	0.7837900457276356	0.07196944669154566	0.32456994048689963	3.8989910989593652	0.2669038203671836	8217.709703569682
-5130.232798042692	0.36057351890285977	0.8513797825900021	0.10219659007126936	0.335354541815621	4.092009698996833	0.2493892673694239	7953.513819588309
-5130.232798042692	0.36057351890285977	0.8513797825900021	0.10219659007126936	0.335354541815621	4.092009698996833	0.2493892673694239	7953.513819588309
-4711.226324324513	0.4182320162122027	0.7542547691784585	0.06625847607441913	0.4212242322432064	3.8091768513173943	0.19121837316277632	8289.064466145936
-4765.50280514484	0.4193006562156919	0.7643915711909112	0.06884469607638792	0.3606968443352348	3.818046407639527	0.22469434175300915	8219.107173097142
-6675.2042455412675	0.017276623597752717	0.027980254630138687	1.0650160903025434	4.546145068808995	3.695606864206066	2.3351863104919706	179376.17186815664
-4735.455336621746	0.4218514192676788	0.7676832384499758	0.06574149894138312	0.38500261173364986	3.814465857119683	0.21325462314629792	8219.57813607394
-4881.355509850386	0.37807692134562326	0.7830342503394242	0.07121543816406094	0.3233941087019063	3.894806153750029	0.2632627483521146	8213.039509866734
-4803.043350574928	0.4066821447292636	0.7610186820048598	0.07155089275944419	0.3428813612508909	3.843854292818345	0.24792288507396465	8222.775273489327
-4794.549676623751	0.4053273646750802	0.7679486517905229	0.06649233680324727	0.3448920178641147	3.8324236563303202	0.24455184376903213	8228.65152676611
-4906.424150470373	0.3723267891004604	0.7880957745351099	0.07278315230455784	0.3187325580672356	3.8832507423506653	0.2615367968259313	8235.851695346433
-4803.043350574928	0.4066821447292636	0.7610186820048598	0.07155089275944419	0.3428813612508909	3.843854292818345	0.24792288507396465	8222.775273489327
-7536.67999435814	0.008610721644196547	0.022323648366608082	3.5695371237549156	4.95	9.9	1.9499410198375586	264958.36700862594
