# /home/maycon/.conda/envs/dadi-cli/bin/dadi-cli InferDM --fs All.cc_lo.folded.downproj.fs --model sec_contact_sym_mig --cpus 16 --output-prefix All.cc_lo.folded.downproj.sec_contact_sym_mig --lbounds 1e-3 1e-3 0 0 0 --ubounds 2 2 5 10 10 --global-optimization --optimizations 100
# Log(likelihood)	nu1	nu2	m	T1	T2	theta
-5389.701391388889	0.6404708839934334	0.7922233060991063	0.06405606304126356	9.9	5.270950422146993	1869.1479839335393
-5389.817375384987	0.6421029188156225	0.7982322770767301	0.06369287690093554	9.9	5.283715514842057	1863.6889398547428
-5390.083516201434	0.6423646357787722	0.7992354826380093	0.06351062296929703	9.9	5.285701559285539	1862.0201975809123
-5313.91624098272	0.048925275800008175	0.06092893641560804	0.8023840620963396	6.751980094489425	5.2872793720431925	25417.791875894927
-5308.781267754638	0.02723742285592145	0.03385337917861394	1.4411038795212703	5.014038078048256	3.8706683818341445	45794.046255471985
-5433.653091462345	0.047944659481261614	0.05959781842111356	0.8608302305715708	5.636934607269139	2.693171783255668	24446.414217666963
-5389.997644018084	0.6429266380966339	0.801300360769445	0.06347195876215078	9.9	5.290290935462017	1860.6945274342104
-5389.988846413879	0.6429094856936445	0.8012320136548365	0.0634767048095026	9.9	5.290118019350237	1860.758844865272
-5430.092040230471	0.02665294217157818	0.03313818356885205	1.5457358744683165	4.839448081733459	1.6880013170130856	44040.15962929273
-5309.725220498877	0.02884080642640454	0.03586414705434799	1.3586993012362771	6.397198195313165	6.49149938060247	43220.80062846304
-5389.983754069868	0.642843032307809	0.8009841869221398	0.06349041250805068	9.9	5.289647905311155	1860.9754180181228
-5389.701391388889	0.6404708839934334	0.7922233060991063	0.06405606304126356	9.9	5.270950422146993	1869.1479839335393
-5389.983754069868	0.642843032307809	0.8009841869221398	0.06349041250805068	9.9	5.289647905311155	1860.9754180181228
-5389.983754069868	0.642843032307809	0.8009841869221398	0.06349041250805068	9.9	5.289647905311155	1860.9754180181228
-5428.489400083172	0.02806418691646734	0.03487848829989017	1.467100282513412	9.600660704511068	1.9977363537168633	41854.162137906154
-5389.988846413879	0.6429094856936445	0.8012320136548365	0.0634767048095026	9.9	5.290118019350237	1860.758844865272
-5390.013185205967	0.6429239373262285	0.8012984225393598	0.06346578166315163	9.9	5.2902707419336865	1860.6579495466656
-5389.956927351354	0.642643114648575	0.800233033039181	0.06353120876762336	9.9	5.28806249353597	1861.6238021472245
-5390.005506169687	0.6429182215907718	0.8012787569377786	0.06347181091513035	9.9	5.29023800929798	1860.7065333421754
-5390.021225557684	0.6429229998316176	0.8012969587612677	0.06346188408100675	9.9	5.290262589716404	1860.6345209816388
-5389.983754069868	0.642843032307809	0.8009841869221398	0.06349041250805068	9.9	5.289647905311155	1860.9754180181228
-5390.012503134531	0.6429240866579576	0.8012992877200457	0.06346638323015748	9.9	5.29027638740619	1860.6613897526686
-5389.983754069868	0.642843032307809	0.8009841869221398	0.06349041250805068	9.9	5.289647905311155	1860.9754180181228
-5390.012135029661	0.64292428049744	0.8012966145968691	0.06346502887979114	9.9	5.290260979762272	1860.653521045813
-5390.0253071645175	0.6428690611401784	0.8011106823369177	0.06347095821673457	9.9	5.289831816214249	1860.7910210763332
