# /home/maycon/.conda/envs/dadi-cli/bin/dadi-cli InferDM --fs All.cc_cm.folded.downproj.fs --model split_mig --cpus 32 --output-prefix All.cc_cm.folded.downproj.split_mig --lbounds 1e-3 1e-3 0 0 --ubounds 2 2 10 5 --global-optimization --optimizations 100
# Log(likelihood)	nu1	nu2	T	m	theta
-7391.692907008507	0.007501165180732444	0.04994687531857074	0.6078739464459737	2.291405800740297	111312.27657396035
-7295.078887133863	0.008254668575206594	0.055484236259648954	2.9971182461524064	1.8926805315749913	115322.63839237297
-7286.590340514747	0.00907770733778836	0.060630187710936846	3.5788073603163637	1.7312004932585852	105448.02810128716
-7290.339125299616	0.007691702341607086	0.05146713752979999	3.8172478075013836	2.0347048950172812	124098.9281382891
-7295.314133362226	0.008102981784620737	0.05446238660326889	4.451918806744153	1.926980970845013	117457.18886126242
-7296.384189444764	0.005162348388519784	0.034749112820762075	3.115588711426865	3.02611109597749	184304.97448521983
-7294.274829211225	0.00876481125830243	0.05886682173955055	3.913779273905105	1.782629181900821	108654.769969667
-7292.403363060727	0.008319966826596947	0.05578083880038744	5.870313697626099	1.8795500475939775	114593.54478569744
-7296.362850797383	0.006600700044302345	0.044395053045423204	3.413256906509306	2.3634430615048783	144085.75152605763
-7292.227473204876	0.0032443680059604327	0.021722068326217706	2.2254846515163993	4.812597453574347	293789.0819249626
-7286.601434999987	0.008491014410074146	0.05664064773869569	5.658117827525722	1.847516424217742	112687.7434142284
-7292.689499240505	0.009142152941228346	0.061295196196620085	4.78815983398755	1.7097134450901372	104261.04501521532
-7292.088253903259	0.01052138676373511	0.0705429064317731	6.062688948310075	1.4871132186265605	90641.42898770692
-7293.640848597887	0.006839129353219049	0.04583783207016397	5.2004808896486034	2.280465385749804	139232.1521000331
-7291.061609226152	0.005703898927837487	0.03818814329450639	4.796895524228285	2.7426806444093517	167275.53313163418
-7292.194007994707	0.007309711465270854	0.04897707809304585	4.983245665052456	2.1383809632592854	130433.09874859834
-7294.755160282176	0.006334449949173631	0.04256471067661874	6.25054267390688	2.466998378913959	150328.94184175128
-7302.502015945637	0.004072711113869476	0.027616487950036014	3.494928459434248	3.844416805343064	233223.17545702806
-7295.130134620043	0.004696688869028438	0.031538452915046006	5.258776807663425	3.321538631111379	202621.9709658906
-7291.308104411459	0.006706558728991715	0.04496330228962957	4.84273364453242	2.336080857360391	142299.335265426
-7293.226519701057	0.0071395146652282766	0.04785740259371928	6.668144369754252	2.186647401357434	133434.7145095999
-7293.407869234589	0.006246546343553306	0.04185096608713333	8.15739772540079	2.4970783629585527	152470.6758816121
-7299.876791847628	0.0055332824701200605	0.03728038807659451	8.379920797506433	2.809855984110289	171466.8481462601
-7292.667486307711	0.00761814933599565	0.05103918340546849	9.202277483013148	2.0498686277855613	125095.43698329473
-7291.976622565392	0.00541570985145401	0.03628968188047637	8.13661340590614	2.8875084718687627	176083.60121564165
