# /home/maycon/.conda/envs/dadi-cli/bin/dadi-cli InferDM --fs All.cc_ei.folded.downproj.fs --model sec_contact_asym_mig --cpus 32 --output-prefix All.cc_ei.folded.downproj.sec_contact_asym_mig --lbounds 1e-3 1e-3 0 0 0 0 --ubounds 2 2 5 5 10 10 --global-optimization --optimizations 100
# Log(likelihood)	nu1	nu2	m12	m21	T1	T2	theta
-5041.783305500539	0.7310868215052935	1.0852193506825372	0.06933014995081839	0.2211843634656587	7.688141556597027	0.22224949575635927	2640.5464912426805
-5041.784806007652	0.7640737384466445	1.1333246788527525	0.06623046684680764	0.21164846843232077	8.060164340349429	0.23227802528303657	2530.1104934575374
-5041.751776247823	0.6596839882467137	0.9792776446443664	0.07683049325493675	0.24510805404794136	6.8346782406339	0.20054307317059236	2927.3159970386287
-5041.780673915434	0.765054358494128	1.1356764282998746	0.06617943792682025	0.21134736467651677	8.081702811046888	0.2325760882287777	2524.8526104520247
-5041.809241888827	0.926163913000453	1.3760947420713545	0.05472051420963226	0.17442653230603114	9.999486944331482	0.28155253424921617	2084.6363411692955
-5041.764623523717	0.6993641644176887	1.0381102202613985	0.07233623162684057	0.23113834976599568	7.301335072220561	0.21263942994162044	2762.125914329902
-5041.809409634619	0.9267920468172821	1.3749142650352544	0.05458406192427188	0.17449259587003305	9.999835070005286	0.28174455164705564	2084.7526726327037
-5041.75579652756	0.6607144715853515	0.9813474061756822	0.07677454254313777	0.24462188082109507	6.844524239774103	0.2008555047564922	2922.851088075558
-5041.812072768433	0.9185265313271844	1.364597111041972	0.0551419379827771	0.17588429795432467	9.91683255754917	0.2792309191170148	2101.166382972714
-5041.793668724458	0.7686297261239231	1.1434616887771492	0.06589201728464832	0.20993238642165585	8.132416741023546	0.23366183109965388	2510.5141977253193
-5041.809244226354	0.9137680032023516	1.3548242218775404	0.05538290335009492	0.1770357254757536	9.841886290292766	0.27778529797896134	2115.1226683414066
-5041.759377959306	0.6447392533808223	0.9579394867966297	0.0787540973448525	0.2504880355907557	6.656239433698728	0.19599957798146547	2994.719387365739
-5041.757004751279	0.6736206594367097	0.9995834269697068	0.07523791016093043	0.23988237602382118	6.9925082475842455	0.20477949182997687	2868.550375104223
-5041.7988159757815	0.8641165066904957	1.2828585251174365	0.05859630864418287	0.18703105170327375	9.258216478189038	0.2627375265714319	2235.2815025689824
-5041.81913843998	0.9159982114988802	1.3578560997106712	0.05517190307526348	0.17654610230382467	9.860743059013753	0.2784592560054725	2110.8961305788507
-5041.691813713126	0.5410210579440532	0.8031027017348907	0.09380522438706294	0.2989049761921546	5.428449136490811	0.16446881665341267	3568.370881609712
-5041.777754955558	0.7525037051072984	1.1172642307147609	0.06729345392336734	0.21476080306161635	7.9335219733010724	0.22880018708282437	2566.7001829915093
-5041.8082058545715	0.914747487893438	1.3574087732905764	0.05536929183179897	0.17682713466377342	9.861545885274113	0.2780820813794921	2111.561583641695
-5041.816365609441	0.9264199160516801	1.3731860547139554	0.054692978743606145	0.17454439213691125	9.993594178581166	0.2816307551303064	2086.215580200572
-5041.784990411917	0.7484366536063036	1.1125851672215195	0.06769468995592197	0.21591364015619355	7.8957146452355955	0.2275245269094529	2578.202953758002
-5041.80763820923	0.9160721911705607	1.360102055132526	0.0553153181154408	0.17642189373598646	9.878683588329823	0.27853630821289077	2108.0719648378463
-5041.839149139314	0.9202268754468328	1.3615450042253328	0.05501586410734488	0.17589454604218893	9.913016175161074	0.2797458447646722	2101.9368979681194
-5041.783976781285	0.7387555115519918	1.0980623682572264	0.06864258190149175	0.21866973421835803	7.780352074735323	0.2245801540331236	2612.111032795007
-5041.804076758185	0.8964467586599438	1.3302384312091997	0.05649373502919443	0.18038478115893208	9.64253189052096	0.2725174869995441	2154.864445649245
-5041.763542378101	0.702008161344901	1.0422839920748768	0.07213041345486779	0.2301915967790508	7.333702023398498	0.2134473737094818	2751.3802273095416
-5250.5665637026705	0.9409788140739549	1.7140265137884414	0.049805343295175664	0.1389350905496166	10.0	0.338136035940882	1956.0711556260826
-5041.828071350939	0.9150839677584505	1.3570688316987687	0.05523893587411226	0.17663916340559133	9.84065901150218	0.2781838750786533	2113.7862283520863
-5041.795672372473	0.8401314216713947	1.2476924530351001	0.060281973329552145	0.19233736335589643	8.977914709375918	0.25539971771387554	2298.337973240867
-5041.820643278105	0.9273283252121384	1.3779115049318449	0.054647569012456605	0.17407881805959338	10.000000000000002	0.28196161209119436	2083.372743754296
-5041.82155538911	0.9259950115312476	1.3721097010832939	0.05462873692777245	0.17486208708921097	9.985928294629213	0.2815458026991608	2087.6116353632087
-5574.162484746723	0.9522284825457167	1.9571526310848257	0.05248569664061937	0.12726357203338662	10.000000000000002	0.3432711873683705	1875.9445052943051
-5041.788485442369	0.7981816208448164	1.1855383372612536	0.06346643580781736	0.20244581513160528	8.47972849502539	0.24264660622844542	2419.0478277308603
-5042.178354770763	0.9249341240358319	1.3624457161569403	0.054712336592624755	0.175615169900808	9.999744267057478	0.2811788549387866	2090.2329521464453
-5041.809480691187	0.9255304434994363	1.3752225862736058	0.05470608226522252	0.17454065304425564	9.987010604986866	0.28141058059627955	2086.551216032322
-5052.020318721224	0.9265675464356442	1.4473288257593584	0.05464951086815755	0.16686260971436498	9.999887546438702	0.28898832922079015	2057.65634371953
-5041.795129028858	0.8160708333386407	1.2127039088973766	0.0620774580652045	0.19786881804692494	8.68791583733956	0.24808368416018783	2366.3163329230274
-5045.506045279797	0.9267890813334883	1.4179007194741826	0.054636010603144984	0.16903755846558277	9.998435017496245	0.2877568443449194	2068.496824503296
-5041.804449736652	0.906983550821235	1.346527753577593	0.05582655944071645	0.17818132012335378	9.766302760678034	0.2757733508091986	2129.714543845208
-5041.806966686253	0.9266733065105163	1.3762304294392993	0.05466114032363983	0.17435090528389913	10.0	0.28170852704388777	2084.3010984497946
-5041.7859494634795	0.788634121863622	1.17104355851381	0.06420544307065942	0.2048941724316301	8.362570439456249	0.2397824040276853	2449.0303952849
-5050.86728083856	0.9388887498650974	1.4399888957404763	0.05423760254357935	0.16804413186395847	9.99676845171756	0.2834872239387045	2056.0933789227715
-5048.45805692973	0.9234315649039653	1.4229809035485548	0.054494804128462186	0.1688056786926679	9.919356335121213	0.2875478487269917	2076.2762455808875
-5041.807556410459	0.9265593228616278	1.3752844880969697	0.05463123008614978	0.1744238298754926	9.999619089392379	0.2817441169089611	2084.7313728240206
-5041.807016466123	0.926844309514973	1.3759406076453875	0.05462441844975594	0.17438707821140764	9.999979956668554	0.28180885912657533	2084.325940436897
-5041.8289473139985	0.9274467151059947	1.3786764892842789	0.05459580408902693	0.17410572474879277	9.99835837658298	0.2819954667583361	2083.2106653841142
-5041.76702756789	0.7060348803713534	1.047046157356121	0.07169000715133518	0.22904183451681417	7.375967130923807	0.21463418921714345	2737.4775746137975
-5041.812380633173	0.9262635556258548	1.3753344280250805	0.054733770275661016	0.17451945222070359	9.992466638712058	0.2815962265666961	2085.6136463104676
-5041.815123248842	0.9269600845165057	1.377167913063204	0.05469428169698008	0.17425246895243798	9.998964502035925	0.2817965121853214	2083.933278945025
-5041.805021705766	0.9104322346763348	1.351593704474518	0.05560949904402035	0.17753573540215598	9.806149485211021	0.27681531362212997	2121.788871449583
-5041.782621115966	0.7735363177629692	1.1483995872232349	0.0654526705935504	0.20892311633483326	8.182452061451801	0.23519482898385913	2497.0790180313043
-5567.039594474301	0.9698592093563214	1.9545231227586397	0.05050937261028379	0.12738511115735193	10.000000000000002	0.34238471482033594	1870.8008829040728
-5041.796932801413	0.7968386417766469	1.181650783688998	0.06349508169196644	0.203152772313644	8.458416172953278	0.24223795678314525	2424.835888141094
-5041.844701654321	0.9259236636753655	1.3766718840687344	0.05454337518094017	0.17428997817503716	10.0	0.28226270619893645	2084.3999305079133
-5041.80754498044	0.9253856984616032	1.3742981037584785	0.05473760893323833	0.17455169775539053	9.985721618077639	0.2813168400654742	2087.1021699704716
-5041.8172935996745	0.9238292252982233	1.3731861769384566	0.054816844361193336	0.17487935652114772	9.984327167652259	0.28084447335121976	2088.3716513379627
-5041.806840287536	0.9267703337377055	1.3755064740320615	0.05464429555895929	0.17440259040196088	9.99646464838049	0.2817377494281441	2084.8964431020113
-5050.478399375099	0.9184557798398417	1.410168508798538	0.05451784316870864	0.16256485984906532	10.0	0.29688171482821124	2073.6473591333834
-5041.808257847961	0.8870948515300243	1.3179827823942294	0.057153253605900116	0.18206077181101155	9.53884593739327	0.26972629777989693	2176.0752927535295
-5041.79358611932	0.7478352626104265	1.1115240483161108	0.06781578997396233	0.21611128839249272	7.873865956530196	0.22734082959184576	2582.7383622977322
-5041.809337413976	0.9271812496770359	1.3759691264530374	0.054588976988733766	0.17426895355968613	9.999184447235287	0.28186231876905987	2084.252759809833
-5041.805311668541	0.9142905701100145	1.3573424973209982	0.055380156139271476	0.17676718051001394	9.852763310936972	0.27799231445687356	2112.7377185668106
-5041.774369491419	0.7267660878131813	1.0789163003553428	0.06974852117180079	0.2224789756322898	7.625110838589372	0.22093708161912887	2658.171258866839
-5041.805065580344	0.8544745204047348	1.2665832092689437	0.05924675410672871	0.18931560520534282	9.128771339568516	0.2597601880559774	2263.218932490583
-5041.809305145716	0.9130123057141565	1.3551348238863339	0.055431246359541386	0.1770162020317377	9.82792601703061	0.27755533181313496	2116.8676436022206
-5041.815216786362	0.9243830713761763	1.3707307879367732	0.05476983094378816	0.17496518479549397	9.976292942296096	0.2810598743507274	2089.8709550082935
-5041.797475852163	0.8550563583782205	1.2693566154350981	0.05921917802938637	0.1890088859905348	9.150029664288397	0.25998266279734966	2259.0655499344207
-5064.958399817865	0.9248381782528662	1.4732221192620847	0.05485412751393285	0.16488324363817017	9.915214845471434	0.2906145723847636	2057.5446383325852
-5043.390359637973	0.9270833366313662	1.403761701708894	0.05458709558163271	0.17093749409385892	9.99989116455795	0.2855398832736891	2073.614442768977
-5041.806208915229	0.9253604638853454	1.3733880926894517	0.05470771617576878	0.17471206029557892	9.981742787846123	0.2813094893417814	2087.8716354044955
-5041.804478574911	0.9100359978740273	1.3511058805459366	0.0556297635941053	0.17760803354088908	9.800751467080852	0.2766504259132661	2122.756729127889
-5041.811189561347	0.9140802340517662	1.35836515769409	0.055397036790782554	0.1766770717159576	9.848091932422335	0.27793881273026216	2112.9485552905307
-5042.329161180525	0.923621986557742	1.359243630529467	0.0548295883165005	0.1759762180783697	9.993442950846772	0.2807789202454822	2092.690573336398
-5041.807291137019	0.926729837165843	1.3759026555456826	0.05466166920362213	0.17438136614246924	9.99997150668581	0.2817681151713073	2084.393760166489
-5109.985028546172	0.9448282164201512	1.5672082250007864	0.05325797424416402	0.15534296667393804	10.0	0.30065576758941853	2007.0456230247644
-5042.269649724764	0.9283124539014402	1.3900412633503614	0.054548738725363824	0.1731038277824826	9.995886785621217	0.2823828576339541	2078.873645333789
