# /home/maycon/.conda/envs/dadi-cli/bin/dadi-cli InferDM --fs All.ei_lo.folded.downproj.fs --model sec_contact_sym_mig --cpus 16 --output-prefix All.ei_lo.folded.downproj.sec_contact_sym_mig --lbounds 1e-3 1e-3 0 0 0 --ubounds 2 2 5 10 10 --global-optimization --optimizations 100
# Log(likelihood)	nu1	nu2	m	T1	T2	theta
-4542.396684645408	0.08405560565976779	0.04241565700078682	0.923532588649278	3.834776188794091	5.753224794865902	32891.997557319555
-4542.054396915547	0.039319864762287784	0.019846695278642006	1.9736329961824113	4.529089163614459	3.5590690113271397	70322.88754051656
-4542.043020687621	0.05053418575502658	0.02552342541386117	1.535102471041826	6.003088768028163	4.638219690410166	54703.34813017957
-4544.167532646058	0.067042526665649	0.033819590867765745	1.159482872392917	5.803849631994561	4.052398885410146	41199.442703784065
-4542.158110533927	0.05316237617168094	0.026839980792616642	1.459604233954466	7.986207222019381	4.472596155243152	52003.602149525344
-4542.014457641821	0.02611965152278778	0.013182407156528074	2.970455945088924	5.806674892576637	3.129185266412913	105858.76372922632
-4542.013319427488	0.04398218034242578	0.022196889903822105	1.7643335110223326	5.435887564588755	5.7748258022512475	62871.12319167765
-4542.013124223645	0.03440051525943406	0.017364169890408516	2.255381011996588	5.131729264654814	4.238037333350088	80374.48294013615
-4542.012845418482	0.0339991741712956	0.017170685615795905	2.2818849490612045	4.552329471894232	5.254778563885729	81315.1635090661
-4542.794191576342	0.06152519130265116	0.031014613018525875	1.263152055423762	1.5236121646170144	3.7081082651630335	44950.726501091805
-4542.730614433674	0.0709700904286546	0.03581095038509015	1.0938480642224455	6.747131690196701	4.901370666473796	38945.269276975494
-4542.015381589205	0.03541654838471278	0.017853796427706823	2.193614063706235	3.430489927915563	5.117826861763118	78132.23164714126
-4542.001270615515	0.04557273687250769	0.023012384697484314	1.7022197235567857	9.882661663106317	5.983128368494472	60662.9541025402
-4542.8985107022045	0.04648791191725622	0.02348546076683542	1.670606714371643	3.6652897678879044	3.1057179530698567	59447.110383918756
-4542.015694684218	0.035443929537840244	0.01787667195404368	2.1873794146904113	5.4897560486277	4.1778503738561446	77990.12726453882
-4542.0139126278145	0.031135710355822077	0.01572304565216096	2.4917548812187835	2.542390207896363	5.028155898815043	88794.89933445364
-4543.15084749174	0.05275699650049854	0.02666761530224925	1.4718663938861514	8.95853604529377	3.688345376562959	52362.95528452142
-4542.135975629997	0.0635536942814545	0.03210269942558799	1.221045082781365	7.750426884048985	5.326090568702994	43500.06961486581
-4542.164886406851	0.04633548784370882	0.02339248243220704	1.673930700890148	7.48154983735288	3.9126246396777695	59653.37789430447
-4542.375873987129	0.05968027413801647	0.03013358407435998	1.3006606482145182	0.9059230776159621	3.779475017950819	46321.29629418156
-4542.342625010572	0.06653083249493116	0.0335796710116578	1.1664447780954583	2.9049942739992485	4.6365463069616295	41550.81549567202
-4542.012558186004	0.05330745811498085	0.026877100593467297	1.4551442605277967	9.727000541172934	5.886408192020894	51870.53415895844
-4542.388892247352	0.05116220181440284	0.02581226689880898	1.5171146825586432	2.071309516693305	3.5196585889515437	54037.41443577068
-4542.2226644393295	0.040744193897119474	0.02056804336706039	1.9047433541840142	6.123502010113427	3.327329725077018	67855.05320905973
-4542.2870567192	0.05161201798171452	0.02609908752073419	1.5038081655132223	9.936557188145068	4.19944767278422	53553.29772768758
-4542.157583550418	0.04814250847572166	0.024298722187322697	1.6121887469332024	7.108484499583161	4.048358209196976	57434.92000525175
-4542.072157896552	0.05730326502882419	0.0289176571380034	1.3538137939576613	9.397703528959852	5.226576697985511	48247.324464865516
-4542.390898048952	0.05841445429055641	0.029446051783224843	1.3280667660807328	9.929885657987363	4.563305443959205	47323.397556267126
-4542.777998554527	0.057385866305733335	0.028975632544828933	1.3527830144594892	5.10500536306539	3.9234166072641408	48157.50399160741
-4542.20853488323	0.061210966282853524	0.030875226085930973	1.268021866419671	9.932724620909623	5.049272108837782	45175.29286673646
-4542.44300501419	0.02501377705200433	0.012624663963621682	3.1047883303171835	3.3229381742011683	1.9056175628477472	110543.4842146513
-4542.29335389354	0.041953797732609266	0.021181956486732885	1.8493371950509314	4.4821105156296905	3.244475839861104	65884.68877171067
-4542.014498540929	0.037112458376164524	0.018739679070150166	2.0907929085065944	2.88129609588654	3.6898435229281663	74500.39925025127
-4542.396723886656	0.060736550083811174	0.030694315377936387	1.276784808688531	9.294743254299904	4.688472312351416	45488.74545792924
-4542.149828456851	0.04776465691005189	0.024099821232628417	1.6240326701346597	7.5387527194299775	4.064955628460845	57877.38828828241
-4542.018621983128	0.040009372794658694	0.020191340677177764	1.938450976875285	2.648799733448562	4.223462989672068	69096.04794856018
-4542.721383318334	0.06551081385989671	0.03309121150565426	1.1845543753693395	2.380353132831372	4.127931895756443	42177.06929565096
-4542.021346529088	0.04372711951375969	0.022064892475406037	1.7746258204168763	4.607239449153731	4.522763329290356	63238.76763508306
-4542.014414385071	0.030978407510910102	0.01562709173840642	2.505375327187454	3.6147171366549746	4.685061690659361	89275.42126561321
-4542.014006947972	0.04060859024181255	0.020500634974146236	1.9099385810582432	4.055290330775866	6.6350645877105165	68074.99416774556
-4542.635334372134	0.03896699178503838	0.01965983597854777	1.9926296368607044	7.857387666262248	2.947402750680579	70944.63389401868
-4542.146501116834	0.039221727403778626	0.019801394131719087	1.978397200819903	7.063601128985834	3.381828461582366	70488.3480742487
-4542.5224021748545	0.055239635467144235	0.027868046848640842	1.405036690514754	9.346907500250227	4.1746339504420185	50041.03450607674
-4542.014649121467	0.04074667370504138	0.020574322992437073	1.9031788516840518	6.036104345374556	9.408797783927461	67837.61620963935
-4543.474255730246	0.03934011949512574	0.019847105017738332	1.9753691919737795	4.219700638354278	2.572962695623551	70245.84143568616
-4542.400653253738	0.04097107438916662	0.020672354549869983	1.896046838791987	2.7537942153538757	2.9515165401155126	67503.4707559277
-4542.00871164744	0.036874639758022014	0.018609484091978008	2.1045610579950114	6.893276567423328	5.845686588563292	74992.22650017575
-4542.5130510126655	0.027639603445681515	0.013960503144251016	2.8082401710486318	4.946558995935737	2.1264605464517925	99998.73590667454
-4542.108363061092	0.04876438287514563	0.024628462214589496	1.591045727561544	6.405037278059661	4.2111675246827955	56690.10773961395
-4542.01496639005	0.05035282539326899	0.025421316530114806	1.5408771060285735	6.865272606845674	5.701591718866592	54909.78453064936
-4542.005153847852	0.02990332887080356	0.015101574832419983	2.5955269551076112	6.469683573082442	5.373986539319945	92471.55515108313
-4542.408935341445	0.0653750310394511	0.03298707720780902	1.187340448205029	1.8159332186686084	4.293858123055586	42289.09866260948
-4542.58519522743	0.06510280479367397	0.03290423389700149	1.1920784205669794	8.489496792460212	4.75555523371724	42445.32823901355
-4542.169436579412	0.03739787368180488	0.018875524884628396	2.0746106730326375	7.407142907607389	3.2054402707608545	73922.64492150716
-4542.83919208976	0.057069330993074846	0.028834417234079646	1.3598026008507327	3.5488052571880324	3.7424587688622584	48409.57596878822
-4543.391660020367	0.06107265139196572	0.03085627027640081	1.2716437796375422	7.705320977836836	4.051552476897451	45229.10853528063
-4542.013683084192	0.03924697582104921	0.019807469330210624	1.9766170096707447	4.252965276625261	5.231858843505056	70446.6388733388
-4542.013297574529	0.025259348597324673	0.012752737563627112	3.0722608047329945	4.395948364752092	4.111888111092697	109469.45256573234
-4542.375605836627	0.03969071313334286	0.020033508691034405	1.9550845988077612	5.109048601589748	3.044609725387946	69643.87559606836
-4542.1218232521105	0.028228735231134207	0.014246796679600065	2.749471443611213	6.650045585477317	2.533706292984339	97955.77710549874
-4542.015215043038	0.037106717767828507	0.018735301272973695	2.091341292477456	7.807592939786921	4.087294376763125	74516.91436345839
-4542.014812195717	0.03546012944876028	0.017886773971553038	2.1890107035708435	4.404325464200655	5.847758074098865	77997.5620580014
-4542.215344141085	0.06636489476727178	0.03350941777231494	1.1689874028015599	7.255734576799889	5.2653894392718925	41651.046376012935
-4542.013384721407	0.03666330454102042	0.018510358257751647	2.115899628221728	5.103904294826726	5.964102237861037	75406.90114257608
-4542.040508621768	0.05910384107287907	0.029809548867784988	1.3132249511097251	3.0635978822041956	5.304660507509071	46793.679777681944
-4542.797390280861	0.047756759884832856	0.024104312609676534	1.6256765656521004	5.876398016663946	3.369973035429014	57871.9857357614
-4542.10441928064	0.048436180619831896	0.024440457243681896	1.6025910747463665	9.894314009651957	4.343556826104728	57094.68645117347
-4542.191777342199	0.05717405065362446	0.028858608851421243	1.3575976124877898	7.944616812223729	4.688818640794034	48361.64955616604
-4542.260340649849	0.03146600088790572	0.015907375980374304	2.464454774346083	9.85764730704662	2.700244471550789	87809.9951598814
-4542.012128056357	0.033491650828174964	0.01690461964515316	2.315076919225734	9.90894104154635	6.541952629973507	82530.89782728719
-4542.014300020617	0.04056221164756369	0.020468663394684634	1.9131358244221264	8.662737597327526	5.507939201893403	68173.8558084667
-4542.041774068965	0.02906559546725877	0.014664489719698394	2.668797461288932	9.870988485933387	2.940699503783533	95121.23396146878
-4542.044498417157	0.03707526463613546	0.018715695802092036	2.0921330835839673	9.807730798776252	3.6850448718535387	74564.0459316394
-4542.012615806955	0.024738526723062582	0.012487059357090956	3.135860767201756	9.472602724716024	4.537746897139574	111759.51088403341
-4542.005880256524	0.02582432585111647	0.013043725180300973	3.004199042014611	9.998988046802399	5.788597103854368	107053.4908566544
