# /home/maycon/.conda/envs/dadi-cli/bin/dadi-cli InferDM --fs All.ei_lo.folded.downproj.fs --model sec_contact_asym_mig --cpus 32 --output-prefix All.ei_lo.folded.downproj.sec_contact_asym_mig --lbounds 1e-3 1e-3 0 0 0 0 --ubounds 2 2 5 5 10 10 --global-optimization --optimizations 100
# Log(likelihood)	nu1	nu2	m12	m21	T1	T2	theta
-3111.824497346497	1.0192610294193418	0.15930269957852283	0.09295544700291293	0.4142112042592752	5.698130426903623	0.3479219708501667	3569.321390667035
-3113.2138603226626	0.7317523495564026	0.11291410150580303	0.1292991391940325	0.5850553205059572	3.8251057680660447	0.24977045740157605	4965.702618675141
-3111.832103824437	1.005359223673956	0.15575657059513645	0.0941636872392434	0.4240000937919976	5.616039743021775	0.34329312601289036	3618.206774483009
-3115.4667751660713	0.5939504832301594	0.08948527701556964	0.15959018514083298	0.7406791458876384	2.934229041474646	0.20080831057438547	6110.236425211281
-3112.1418500460777	0.907306364906848	0.14075508380635712	0.1043370492498825	0.469429021189902	4.972025674535006	0.3096660850641245	4008.1289439272764
-3112.3029308408422	0.8697856944171872	0.13390950138619784	0.10885318344008955	0.49332257075966557	4.732425967605404	0.2972829142898663	4180.31641105893
-3111.1786383991853	1.6438553998210923	0.25727310428811284	0.057534275363697325	0.2566754631696177	9.790662694116646	0.5629215008808285	2214.757703399265
-3111.540701849567	1.1584007391951023	0.1785361851993339	0.08176873753300887	0.36985809947944387	6.630296636443551	0.3956419893028876	3139.8551753779707
-3111.480710749528	1.1985947847467084	0.18603798401878008	0.07895455148457346	0.35484334307302734	6.8867939992477725	0.410032737905922	3034.880911369942
-3161.3637144114145	1.8884044517785832	0.35356236651224165	0.05107975686164637	0.19336581724331267	10.0	0.5743510207770972	2042.1878755261184
-3203.393293334888	1.96786890013746	0.37317961530958077	0.04903281261060331	0.180197140432231	10.0	0.5895619731053215	2004.7456790008769
-3114.0257857431143	0.6660409034595273	0.10111185759414182	0.1421474626171197	0.6529934520828854	3.406585264274635	0.22730305880721313	5451.011047127402
-3129.5169313214697	1.7818145746789689	0.2723997284441806	0.05475924330119256	0.2440120956470874	9.982893034090926	0.5342818454216056	2121.254137652222
-3111.607845828686	1.1142024721461061	0.1717311027965192	0.08493178720075097	0.3844948363862611	6.334595416779773	0.38056224019868856	3265.5905742058644
-3112.285162186214	0.8733987803347835	0.13486977253723897	0.10835977059013488	0.4898131718952338	4.755677875299925	0.2985256436685406	4162.301785048584
-3112.543454241946	0.8345335527062528	0.127116408683273	0.11339834262311202	0.5175960791602038	4.504960053551318	0.2851328743089265	4357.746871478354
-3111.843944729776	1.007787701508369	0.15461806393657412	0.09382355758672603	0.4271608548134708	5.641750289340531	0.3438770841829795	3609.066436887681
-3111.154137427178	1.6522466759279097	0.2555980417256564	0.05726046446585887	0.2582669758365916	9.869367677116701	0.5651464584560599	2202.5876898173365
-3113.3466216581182	0.7269049043619269	0.11430498786923875	0.13026594285577228	0.5792201892023034	3.7770886088202276	0.2474208687394442	5001.428128102599
-3132.3899411812467	1.8137158525777142	0.30867362052938985	0.05286358716034494	0.214686388988392	10.0	0.5807985020658073	2089.4034364132913
-3128.2364998677876	1.794599875850142	0.3155887951905523	0.052620564884537334	0.209595693240779	10.0	0.6060343952139532	2094.3361619912525
-3112.8010512360443	0.7823822201467204	0.12049306011232779	0.12087106548763211	0.5482737751735945	4.158809411716643	0.26701673435301126	4645.430347253787
-3116.19844936337	1.73837222591099	0.29967362185614277	0.05488872522994088	0.22219348327058563	10.0	0.5755617313857541	2124.801494257293
-3183.0757557432626	1.9307659084028654	0.3614061020547847	0.05140936817026089	0.1870974530261227	10.0	0.5681881770613612	2023.0941914500952
-3111.819267790953	1.0118213354481553	0.1561993187664945	0.09348870434671427	0.42274565254606045	5.663731652675023	0.3459661787229901	3594.538345604874
-3174.626774706929	1.9124487000044355	0.35849856869806823	0.04953869752628968	0.18566192556031583	10.0	0.6224651782895284	2030.1141530487607
-3117.5382412675685	0.5280995919688883	0.07935172528934827	0.179625314274181	0.83536762598226	2.5086975055961247	0.1783862420695829	6858.940126961173
-3142.8820073625398	1.8446593618230407	0.33364212823198475	0.051751017141528806	0.20044207634391728	10.0	0.5915837726052637	2066.4391601437346
-3111.571190611275	1.1384016792923526	0.17557640806984043	0.08307790044650629	0.37595186296122346	6.495334772731339	0.38947125678572286	3195.7412977667937
-3156.002059569473	1.8698656001045888	0.3074391708007289	0.050555643218877885	0.21357907128957962	10.0	0.6026121578767583	2067.697216195216
-3111.634283831391	1.0990512171861129	0.1695188862289854	0.0860930547043762	0.38917739594293665	6.236359104845756	0.37566003618860355	3309.973422678917
-3130.352878137667	1.789694499830974	0.31862286636228404	0.05221171513580942	0.20603373327671484	10.0	0.6325356941937342	2095.1402341601674
-3127.658754333598	1.7901590860479417	0.3212381204183524	0.05324927341603728	0.212588592896036	10.0	0.582641078458602	2094.1495219551707
-3111.221813379605	1.5595311357094435	0.24374726402042682	0.06059535939656194	0.2705772833903232	9.25345459668313	0.5362523302615881	2332.620683739828
-3112.251994156946	0.8798911208490442	0.1358784960875506	0.10754559707465915	0.4861881986300411	4.7965977627570435	0.3005670677459732	4132.339027861217
-3112.996821213356	0.7579306403351502	0.11694767793995291	0.12498481781082273	0.5651718622473387	3.9968157214609366	0.25795615112010917	4794.687993258318
-3112.2084001360836	0.8901171168427577	0.1376705434666044	0.10628823391041681	0.479905697713598	4.8627454852487775	0.3039822070366597	4084.8929211907807
-3112.5515011510174	0.8271214592129464	0.12767972536656721	0.1140413353277003	0.51707082163618	4.466550465410404	0.2847309525105422	4388.066858429849
-3113.6460085677923	0.6927785166243206	0.10622096004295337	0.1367338133540968	0.6223808021350326	3.5764816611618397	0.23581379763488863	5241.435166886779
-3111.4167295871043	1.2577081818795972	0.19398367157833285	0.07521051475267256	0.3402587577032915	7.279566468929111	0.43027956055676647	2892.9157982037796
-3111.836579253823	1.6962919064801678	0.27241173014596054	0.05619981228341743	0.2436792624566743	9.997310761566673	0.5718801068476145	2157.7323745827407
-3112.7564244159835	1.444824016788481	0.20976856406623628	0.0665489122764507	0.3161947212867037	8.550579546751717	0.4739138571111917	2522.2148341791117
-3111.621972582211	1.1090688562435767	0.17262315217262358	0.08537024890771584	0.38249076772181567	6.2893472391218594	0.3783963945016789	3281.1884691508208
-3126.320785843326	1.7901751648535267	0.3062782890260743	0.05278185168274095	0.21505858577784295	10.0	0.5954564395620252	2100.2521133682435
-3202.97276140319	1.9671663893991524	0.37429087244237597	0.04923414384841585	0.18106373408759838	10.0	0.5858806879073019	2004.8508210494374
-3135.058599099395	1.8111656041453388	0.3500833602017318	0.05342388345457547	0.19373849673864524	10.0	0.5744315665799984	2073.511372516043
-3162.537953572968	1.888719699995189	0.3622011165352146	0.050164889759192824	0.18455458333203548	10.0	0.606022362784841	2038.0530835350091
-3111.286051721504	1.4340508991120542	0.2201913483290192	0.0659091571393068	0.2995611530112425	8.447151194959334	0.4917235235351025	2537.131780016885
-3111.1645386732566	1.6639870549383737	0.2582109437653356	0.05682448428026564	0.25567917057571415	9.964885334596548	0.571173458848418	2184.4687255029057
-3111.3581620495097	1.313431913507985	0.2030746569861593	0.07203171940828355	0.3250810634652725	7.6433139213697485	0.4491710728926356	2770.2493112035313
-3111.270341903197	1.4729909364354723	0.22726662737722528	0.06448508192240258	0.29045009807271027	8.694249003228157	0.5013277451429632	2470.2337641066947
-3112.2366820824477	0.8840808628865159	0.13709237076609243	0.107062285249755	0.4820463262985841	4.82103883715747	0.30160792338832876	4112.692307294602
-3112.4131585288383	0.8466596509659031	0.13074460405365532	0.1116952301960982	0.5050769251391194	4.573849131145651	0.28921143374493213	4296.172300339957
-3111.1856536409714	1.6516894309719614	0.2544085498995822	0.05739034027136845	0.26008317219723465	9.872437593190956	0.5609948823169026	2203.0861473966133
-3111.3499663906946	1.3430046704210292	0.20995748909805367	0.07054585341632699	0.3148672380847114	7.819807742589829	0.457715625824333	2710.1484410333783
-3113.3532082247525	0.7205858267455729	0.10989603457663888	0.13130177291475215	0.6013544305858847	3.7597187991199674	0.24617068965680025	5042.156875259968
-3128.627255689137	1.7994993037383746	0.3201824237407329	0.05281088545563327	0.20697984228228664	10.0	0.5881857339759097	2090.016901271047
-3111.41434675019	1.6436561818725777	0.24541608066284082	0.05760051212597723	0.268808646019168	9.86489497477928	0.5595570302336476	2213.7285068524807
-3112.176258310086	0.9044262120245394	0.14001090806401598	0.10491395251084334	0.4714826561662923	4.9494253860950215	0.308411106271685	4022.8718408013747
-3225.540272279806	1.9782916077451642	0.32075228892048097	0.05169520475456498	0.21619680914601216	9.996594819871442	0.5053850177528388	2021.1300591172178
-3163.1028964031466	1.8924754482546386	0.3400776366357042	0.051534484906077156	0.1987092336915317	10.0	0.5602045712959371	2045.5025623491633
-3111.3745171700643	1.3703479960706482	0.20991823354253533	0.0688345627172882	0.31383460689332626	8.031337038000606	0.4725228678412668	2655.097853187247
-3113.279611886257	0.7268460563147883	0.11191601168616652	0.13040393961928645	0.5910366125823139	3.794970520125174	0.24725756531283488	4998.473061950369
-3111.1668907574945	1.6302812651270824	0.25123325759165477	0.05810253374549627	0.26287900207731174	9.7269386453989	0.5557364163355528	2232.553604891748
-3112.245795474705	0.882147284371847	0.1364313411262732	0.10734671185792956	0.48417589801170796	4.807600322093146	0.3006992503835306	4122.754975111546
-3111.1697578276066	1.6753688417385615	0.2619975220948871	0.05647277855485778	0.2522384249860672	9.990580016799921	0.5721095509284542	2173.993960244505
-3211.3247005972817	1.9450132395097144	0.3872026408179609	0.04948668208387514	0.17520424122549363	9.818997151364707	0.5957930581657892	2027.6277572212064
-3111.1490714294796	1.6653333279180835	0.25754914585261346	0.05681488212529887	0.2563349991839306	9.955219796701707	0.5694552330333719	2185.351191735953
-3154.5341609766556	1.867992068100538	0.3463856513303435	0.05115317642249458	0.19339654715405866	9.986059806305883	0.5661085133798845	2053.913806259498
-3111.1700280101527	1.629495858815463	0.2525506058301902	0.058159180762415046	0.26169722820778935	9.710798102637554	0.5545965503992596	2233.972041784543
-3113.705195311832	1.5555645491264272	0.21727117017710942	0.061154684279635656	0.3022791849730511	9.423931132445043	0.5203037355013928	2331.361090243939
-3113.2893750695284	0.7263327353056227	0.11160210636590595	0.13060683572298812	0.5922503344750167	3.792616525320991	0.24686809258495038	5001.996664406323
-3112.860050885785	0.776624301356588	0.11889023223942381	0.12172980306721917	0.5548696939506274	4.128182891664483	0.26597255751044063	4678.2267080482225
-3113.615027650493	1.1903141799521535	0.18352581310488555	0.07857320014250094	0.35380856875745387	6.957211612455458	0.4327118146135492	3031.25682867559
-3116.829154242797	1.6069710979929872	0.21401950180428567	0.05820240680389693	0.304222518230125	9.87971498365944	0.5764672213999715	2256.6464948752855
