# /home/maycon/.conda/envs/dadi-cli/bin/dadi-cli InferDM --fs All.cc_cm.folded.downproj.fs --model sec_contact_asym_mig --cpus 32 --output-prefix All.cc_cm.folded.downproj.sec_contact_asym_mig --lbounds 1e-3 1e-3 0 0 0 0 --ubounds 2 2 5 5 10 10 --global-optimization --optimizations 100
# Log(likelihood)	nu1	nu2	m12	m21	T1	T2	theta
-3051.843422944737	0.34356753855993655	1.1360590175322904	0.03165023453169316	0.3653823328230751	6.6051871537873765	0.2268165664962659	5277.178536566793
-3051.9056454683	0.48385574402564374	1.6080868658536467	0.022725643129131372	0.25318077932579663	9.833769118307204	0.3291060435946201	3713.1455888908513
-3052.0158827042496	0.2625266479863802	0.8706616055382842	0.041578499569218094	0.47865059826010226	4.836270172440201	0.17331234242951107	6882.000608876482
-3052.3844359320724	0.4332017737991304	1.4418020568271424	0.02537138220109153	0.27806782360480875	8.644241860549053	0.3015861454638046	4159.883388951618
-3052.1073095437823	0.3420742501262352	1.1453533259233015	0.031904209174767044	0.35123771551559946	6.652666467752585	0.23814238081913672	5244.623044171608
-3051.74046597177	0.4418648637758904	1.475778517653983	0.024536421504255966	0.2734706441659818	8.871071626923703	0.3058493264525822	4066.7091687949514
-3051.939888304093	0.3707404467110928	1.2284658033287714	0.029833713217243644	0.3346551730688889	7.2530186245593224	0.2491983875448789	4868.626510228594
-3051.504896733508	0.49232371189911406	1.636536860905588	0.021926724743507923	0.24995835853462797	9.936436165114085	0.33289631435224304	3668.7405541279913
-3223.304647132691	0.5092470261097232	1.9547745763741136	0.021359122981506284	0.2305361863878542	10.0	0.3341750483117324	3503.073936339344
-3052.326158803612	0.4900571534429511	1.6482517753409092	0.022201709902856633	0.24507490845960075	9.921258132011504	0.33920713467945446	3667.368497935016
-3051.669251862243	0.41636087807814987	1.3925230697070423	0.026124012391061588	0.2914689953325924	8.306703476954539	0.2848660737447669	4313.817160472624
-3051.5722200341575	0.47448163528630477	1.576155250279455	0.022949000536523587	0.2580770698607823	9.590897744884046	0.3227331487592596	3794.668788731628
-3051.626987714214	0.3119609044617466	1.0417315022015448	0.03482220975287562	0.39213207286248697	5.963547435282168	0.21218861422940602	5764.926897564326
-3051.4866788795835	0.4678225819820841	1.5561734852578997	0.02332402072901	0.2637765517743125	9.413840173011378	0.31446299204889705	3855.4122461377283
-3051.9236256536415	0.3796743828263658	1.2651152970863433	0.028096250146609485	0.3202669442966954	7.4657131018245035	0.2612837118709373	4741.5028202272
-3051.6908592770083	0.4559647696176246	1.5192896883718032	0.024072946493796533	0.26762369878672454	9.180136403375426	0.311958758214171	3945.241601403203
-3051.5234120138207	0.39781412844192415	1.3214271392585895	0.027147786743858024	0.3093682061786522	7.850968785334044	0.26899091829478516	4536.1476953804495
-3051.532696974666	0.42029052215762647	1.398416532755989	0.02572265933936581	0.2920042011428167	8.383797209829932	0.28587327729688505	4281.816558702888
-3051.4795109615316	0.49393962401526786	1.6462651724394268	0.0219986523673336	0.24874510218940066	9.98674436047337	0.3339899583093927	3651.592212075586
-3052.19701186047	0.27518382361898597	0.9150949176879128	0.03955251195364005	0.4582147679216688	5.115571624459727	0.18056737423175587	6564.274265403075
-3224.93614424908	0.5033906513160517	1.9365724904121038	0.021542848955254146	0.2258335196448711	9.878835011655996	0.3444137978689549	3538.0991697909008
-3253.274802572338	0.5027132889300053	1.9733733218944989	0.020983694663311094	0.19965956218312697	10.0	0.40829432017375467	3486.577861952113
-3151.288963571936	0.4998257673553261	1.8778032986146913	0.022096046385276357	0.2275119967795963	10.0	0.3479675183839891	3540.047122383108
-3051.8709357831544	0.48919500077683353	1.6254713268388654	0.022042156873290003	0.2559756363452447	9.91239276114501	0.3249252575932988	3683.7096365350653
-3052.040120276565	0.48503810945608494	1.6202745464377575	0.02276030525874432	0.25021348897384643	9.87368940312642	0.3337913133970017	3696.4311293894275
-3246.5206797264873	0.5090556485669483	1.9786616754902242	0.02128389182273196	0.21878614423783202	10.0	0.35441278122071185	3489.4217044327434
-3058.0832771408527	0.4970598278641896	1.7015941845664857	0.021628501195343954	0.24204058818614793	10.0	0.34007901037664684	3620.07678211649
-3051.4953890248153	0.4887172420772176	1.6228130966085952	0.02222257619505461	0.25062619368982236	9.871304241642374	0.332415270588863	3692.792811350805
-3051.72610015696	0.38461452065873636	1.285542709709745	0.02832865690757399	0.3206326448467942	7.551319176315492	0.2585249939967002	4688.577187163427
-3052.2533075242054	0.4876525865752259	1.619056489719865	0.022484115937906984	0.25930738089540917	9.870713718882296	0.31803753197011253	3698.748426533717
-3051.645570145769	0.3119008390803748	1.0392622474961442	0.03487153918372911	0.39584585631214547	5.9667544767888145	0.20965175510147818	5767.408548822854
-3240.909618370553	0.508808991080112	1.9730149533523653	0.020832240686300133	0.21399061162469585	10.0	0.3643969322937958	3489.967328313981
-3051.5322374944653	0.36066186661399385	1.2007783252184203	0.03019083489561147	0.3426344747246924	7.041779356038645	0.24242899367418247	4994.434998833847
-3248.941463112986	0.5102199165510091	1.9808462085570309	0.021033459694178986	0.2185581379957275	10.0	0.3552072123829791	3487.485310421893
-3052.931239684314	0.4831079845430092	1.6224688994599512	0.02239949472530645	0.2438011465505142	9.869393093164442	0.34406063483474747	3695.864811582904
-3051.686969552849	0.4181685974333994	1.3893061065429346	0.025791762988284082	0.2920077190634114	8.289920177401745	0.2844241682493267	4318.892822559421
-3051.6515869200257	0.37512081822970983	1.2493452556905527	0.028758532179276448	0.32437039805132484	7.361883063718384	0.25664648120839184	4800.799165963845
-3051.579973722122	0.3899457479095151	1.2999102919337486	0.027766019317249344	0.3151176484028333	7.7038114817387395	0.2652266754568733	4614.125446382886
-3224.677313676176	0.5046219262899405	1.9575790318070463	0.021756076692832013	0.21853147273600046	10.0	0.35737387529206666	3501.036344531299
-3224.333484292899	0.5066850442845892	1.9427628082698223	0.02104916705113493	0.21811855561882226	9.917055544784525	0.3588336982718066	3522.0511998686143
-3051.865320913882	0.4949035120038275	1.6546367266569302	0.02200678547561485	0.2517315859519026	9.99953780652273	0.3287062444459551	3645.3584074735413
-3053.6885589108547	0.3466409868093581	1.1657209620687612	0.03247617611094178	0.3480752745194541	6.773274071923612	0.2371666524367061	5164.345014126011
-3051.6812664581375	0.3297278244650874	1.0929892970129362	0.03297087331983475	0.3747140533753439	6.305735597287425	0.22164124627137857	5490.493693906725
-3054.8312414526636	0.4917478444472928	1.651093143631402	0.02099891975486951	0.24040598021030382	9.994534361764984	0.3502041199354998	3646.3496177357824
-3051.9030017466866	0.44876556212020713	1.4988060317253868	0.02402909725070016	0.26825597901030607	9.049175781661758	0.31241992168055943	3997.458192808426
-3051.7812665088622	0.49298953176231675	1.6424796845473353	0.022214384980647314	0.2541316268922533	9.979706601750465	0.32545634052152145	3657.516602595108
-3273.3817184988156	0.5055163154060174	1.98290888009175	0.02137514371662596	0.21944500519213306	9.892049157131417	0.351935828866425	3512.813608598147
-3051.555033617092	0.4279079231957589	1.4289256199774294	0.025232373333711502	0.2856157315277149	8.537282351100488	0.2910523215313204	4207.284590487706
-3051.79729387013	0.35579420155004765	1.1802117546521236	0.030240621043169	0.35020260169171297	6.922861418386713	0.23773138385291637	5071.5939131559735
-3075.7391163086413	0.4962310801429343	1.7535231885698765	0.021899953279253717	0.23857690307147553	9.980255084458697	0.33951999251794185	3602.259510884908
-3052.4214249569386	0.4825144210484769	1.6149225031100878	0.022239100197116873	0.24678941859305303	9.771708572480781	0.3397736025191619	3722.976431039633
-3051.4634779029125	0.4867984592820137	1.6189081889184858	0.022292202278412415	0.2539573112583727	9.81999379935968	0.32721584726262937	3709.037720771124
-3051.788325608535	0.4226024532120976	1.4078476706689056	0.025499835758789433	0.28610452422819294	8.428301152661042	0.292515234071744	4257.952809570283
-3056.0358643567697	0.3212077737967828	1.078136631589187	0.03440895108893444	0.4069463735690524	6.196008295017131	0.20176946194880332	5588.408371555242
-3051.521115857129	0.4855793027976239	1.609861355337317	0.022225059052116664	0.2535196275073143	9.793204020792292	0.3283365277674498	3720.1633986050088
-3051.888643922512	0.4974647875760684	1.6523366292437505	0.02169786000143392	0.24571886947414223	9.999773246670278	0.3383682993988647	3641.9803283558035
-3219.2235988708144	0.5156641465681941	1.9522053707891607	0.020830389840355755	0.2190077350382297	10.0	0.35693151481002094	3494.438446965021
-3202.5276487718565	0.5070385057941267	1.9350352645519857	0.02143195082029221	0.2288338670549884	9.999830326354848	0.33879030945058664	3512.1054969007932
-3250.6565476667106	0.5109005564904001	1.972609617149176	0.021214425983027613	0.21784812210519577	9.946169833735125	0.3556931599882105	3500.9238617261353
-3263.4013238245493	0.5113933589850337	1.9926066809856875	0.02085032556510091	0.20825806908961875	10.0	0.37648090836684533	3477.6021216182944
-3065.1853631888166	0.4991175607602798	1.7267740465663397	0.0214099136486304	0.23690485011799517	10.0	0.34548592964659275	3606.0381134081463
-3051.589821952551	0.4929951913207668	1.6504188648643325	0.022092389113397566	0.2502959956742154	9.995618649480402	0.33138375203270093	3649.1986626677717
-3051.5293701712685	0.4123452195289343	1.3753401221278132	0.02634369193009049	0.2963118535098318	8.19072596768124	0.2804673096362311	4366.962681227289
-3051.5779911983223	0.48435831971869014	1.61208413199853	0.02251335755474834	0.25231436553670056	9.766939776332306	0.3294491598550187	3725.923647470596
-3057.647822030555	0.4925730315639811	1.621749806111311	0.022764702777650418	0.27117612333249286	9.912691820898692	0.29956691987882944	3687.676635559179
-3052.3962745479107	0.47519012920749154	1.5702420881694552	0.023116141978441328	0.26815352895291844	9.546173529462541	0.3080136834583202	3810.9404645101795
-3051.7063675645695	0.3862448131053066	1.2874280352758793	0.02816588813652518	0.31666281386322337	7.651567092357466	0.26425995988982914	4647.077909358402
-3073.9842816869036	0.4943603493110951	1.7512063268117193	0.021874571679120023	0.2378451765874287	10.0	0.3419489355051358	3600.2349888457725
-3052.268656988909	0.48717158988988635	1.6453313963554639	0.022483760176002246	0.25013957945831694	9.889343012353958	0.3313666152390078	3680.0843078932926
-3051.8613638175148	0.4835238061306376	1.6185085484587933	0.022372449614988205	0.2488075809728839	9.833297799805742	0.336617311618657	3707.1428478986545
-3053.44478455576	0.5002927390960298	1.6692031994440621	0.022061307446047722	0.24909295379599727	10.0	0.3302836208427704	3633.6018440320504
-3224.4869657290287	0.5099066085194001	1.9579052827775512	0.02108884169952077	0.22027436791294536	10.0	0.3529508543926147	3497.5050699335393
-3053.1971267742238	0.43979626380309766	1.4823875887000042	0.025496228154445546	0.28409165818702004	8.860637317487768	0.2903379796379597	4072.1932123478064
-3130.868575229136	0.5032810934605417	1.852294225060403	0.02158542197832817	0.22947449994754657	10.000000000000002	0.34635847965300093	3548.2808902893953
-3106.3609100565177	0.501775479815935	1.8156642654946271	0.021748410147002368	0.2354550739709488	10.0	0.33929093501135127	3566.582883648994
