# /home/maycon/.conda/envs/dadi-cli/bin/dadi-cli InferDM --fs All.ei_cm.folded.downproj.fs --model split_mig --cpus 32 --output-prefix All.ei_cm.folded.downproj.split_mig --lbounds 1e-3 1e-3 0 0 --ubounds 2 2 10 5 --global-optimization --optimizations 100
# Log(likelihood)	nu1	nu2	T	m	theta
-8147.060141837052	0.010077953008130943	0.02834489805612897	1.3616551762967855	3.5563005554164886	216797.5713917737
-8145.99871231019	0.015068481208437196	0.042362886607798654	2.7679020330726516	2.372120509391343	144957.9685443046
-8146.311281447312	0.009256582656770455	0.026059206794509772	1.4397728819717632	3.8633844647831452	235856.1478519684
-8147.302648346875	0.011365978381013341	0.031888580755082066	1.467987117359932	3.151308723631473	192295.12531878013
-8146.225686790078	0.007274066199790546	0.02046563515838968	1.28318428277095	4.919971893386997	300358.27254114184
-8146.032610655057	0.012462596106357353	0.03508280807736522	2.1757727005601795	2.864748702529326	175086.29914107948
-8146.192164193449	0.017900943019250992	0.05046520207571841	2.7453709026160276	1.9943265325978956	121821.26225866929
-8147.107923672897	0.012760263621365337	0.03588355344488723	1.6513843298528912	2.804001409416324	171087.78661542907
-8146.12390248746	0.00964306144257094	0.027089302274403107	1.7995916632468418	3.719367987843781	226933.30938158522
-8145.981973780038	0.013292424607468538	0.037475947799520515	2.784925387109304	2.6856375974222444	164070.33657271
-8146.706895941253	0.010483628451982864	0.02946440569961875	1.4647335595830404	3.4127513055574665	208341.35015060805
-8145.9665173793355	0.008875042157885671	0.024989485061227872	2.102819685996471	4.0217275369959715	245826.04954992514
-8146.2983509377955	0.011228769116518404	0.03147935356101154	1.7350725939095843	3.1890259599971187	194841.1009284258
-8147.098234920206	0.013882554897301221	0.03916979693721513	1.79968567823222	2.5672161718180164	156800.57503240096
-8145.992101889965	0.01802361178234938	0.05083871078911947	3.7864056924911433	1.9791760140950634	120940.12355796865
-8145.974919837726	0.007563142121706594	0.021296065806956983	1.976524112743003	4.719400798883963	288466.99318544165
-8145.989341452391	0.012046770478423912	0.03395921836372241	3.8831597377581195	2.9603152954168674	180959.0250759412
-8146.262930257631	0.007178291220993854	0.020194358798680454	1.1623688873917801	4.976440793234078	304065.8767189661
-8145.983477591187	0.007187903652316747	0.02022208842438452	1.626940056563967	4.9712507347602255	303772.0893837016
-8145.970255537945	0.01437127852170961	0.04046411374770891	3.431059603680245	2.4835953328238527	151811.42257712033
-8146.268453931908	0.007260771538590972	0.020420676298824176	1.1919317774677096	4.931215539521287	300975.8454737062
-8146.052255989491	0.007652881523391825	0.021470187733311104	3.267721200350324	4.669292739284044	285594.2937915125
-8148.876783217253	0.011714498209545877	0.032917544665854497	1.3565430043225024	3.0586878610064026	186262.48653645391
-8146.042033948022	0.00720787524084345	0.020359366299278737	1.6410909795949875	4.949388047146277	302281.0178248117
-8145.98675489657	0.008219950702218431	0.023156674835145167	2.6613590283288713	4.350997513351658	265621.42761812557
-8146.065058927421	0.011126969477022824	0.031425102320389045	3.576433464756845	3.200323848053755	195656.44225977818
-8146.012510656135	0.008561162084243923	0.024011828702324507	2.4367150975600476	4.183755284988138	255600.40754047362
-8148.3697414008475	0.008291542502839123	0.023203161704458863	1.048517147416103	4.33514016245493	264073.7078576441
-8145.9899595321895	0.011147556408476676	0.03136408467472662	3.3855187076649096	3.20637147861418	195894.06949063265
-8146.001145860172	0.011791931975169765	0.03312499308451393	2.2115092475403397	3.035934937166789	185421.05122810084
-8146.165722914213	0.011482012302394123	0.03238217112539205	1.957919406948231	3.1046209878112303	189776.16669831684
-8146.013157244002	0.013459639682365482	0.03790226088188463	5.03100383681549	2.6581266006481834	162267.14293208532
-8145.963666447648	0.01178128914391073	0.03317657473084645	2.647022950322692	3.0345982877971203	185318.9405071593
-8146.524687904815	0.012513976964203265	0.03512826263085722	1.7689786284632363	2.861200607884942	174703.63228490055
-8146.006987053096	0.013221682270516268	0.03711221061592989	2.490810160425297	2.7069284562763163	165395.5862048202
-8145.9635276123945	0.009882442344963235	0.027824893331838633	3.252354938294418	3.6135219528743336	220820.96802559015
-8146.815958217527	0.015225129875486059	0.04286366568789178	1.980002137732289	2.347106863207883	143279.7075036117
-8146.104624228087	0.014011895621822925	0.03950171014010273	2.3246920041832424	2.547982991988491	155643.90211051606
-8146.358717149135	0.013626124581976675	0.038386921271777306	1.9780806052666873	2.6238550294066574	160158.17119619704
-8146.131418963766	0.012060730476404158	0.033945748587220125	1.9373912886312177	2.9612270343530085	180944.41423
-8146.017245073709	0.018592088666771214	0.05222415008820185	4.834544360544688	1.9209428621309148	117477.09603347721
-8145.992999181066	0.010721797263577876	0.03020194279878894	2.949182699744996	3.3359388606751654	203653.29480028135
-8145.994462278986	0.01174503054250184	0.03298941845090923	4.894392798301976	3.0420616651063286	186002.6569153247
-8146.0189968227705	0.010134645351612244	0.028498817895621885	1.8596304352415804	3.5284186979508982	215548.78985541273
-8146.078320680399	0.010933591272900178	0.030834469808156427	1.9468836367119473	3.262193850864276	199355.87197383642
-8145.948908420802	0.012253189149126388	0.034447566222178955	6.422340799568252	2.918503619285066	178308.04443846166
-8146.447183544427	0.019416914144828417	0.054765119301446605	2.6211337216666197	1.8399390668917395	112301.7459542438
-8146.19877417688	0.015032801807540816	0.04231623026847123	2.344941684572461	2.3820941203400277	145345.00665183287
-8146.679330663637	0.010858347183358071	0.03057226461851955	1.5235174857399898	3.2938523447219232	201004.15773680757
-8146.451782252458	0.009586179333113008	0.02693356425280383	1.4314890362813748	3.7297553445774088	227854.87379541897
-8146.343123374811	0.01538171168524438	0.043332553015772775	2.1986659448962937	2.321393854921235	141793.89446756974
-8146.054778714602	0.012190605995327182	0.0343407625956778	2.9306799574014466	2.927412230388302	178925.30161516584
-8145.986866182943	0.012322501867951205	0.03467937776114209	3.4556770747375056	2.9044234689740227	177306.43364490508
-8147.728240500895	0.011506804802957859	0.03242162410651531	1.4342596629918853	3.1071600478124735	189437.03735073406
-8146.018122621824	0.009118777920610884	0.025629527255771733	4.987575115464451	3.9262978187016206	239750.43513150484
-8146.008944311441	0.010024352820852522	0.02826724992469223	2.0067188647999417	3.560052393743858	217511.19580907346
-8146.459664368127	0.01368506535374807	0.03852555006751983	1.942462715752	2.6080858165530665	159368.15242932114
-8146.346515453088	0.011546553836309127	0.032482862255557084	1.7267233114162317	3.095870125488076	189083.1883751511
-8146.1692792016165	0.008160489786191593	0.023064733255602335	1.7380235532823007	4.3785810832133585	267132.96508300013
-8146.494872606169	0.011665977836733801	0.03284037075267167	1.6708978792177298	3.0664320253031216	187143.27053503177
-8145.981357288402	0.01141341280536523	0.03206075691983514	4.06180749817941	3.1328551624327434	191470.18304273728
-8146.022534093619	0.007455982733414087	0.020976659873921874	3.387078750582007	4.79777837102545	293000.4641611381
-8145.994936030331	0.009215935704056578	0.02598899002602697	5.66890988905973	3.875127160247484	236670.369418951
-8146.212324521116	0.013123405895856687	0.03678976542413684	3.4349781746015897	2.720537676587618	166520.08174203717
-8145.990086057515	0.017473818091951768	0.04919190751658364	3.074347879968363	2.0443363731867197	124908.30167722596
-8146.02887959648	0.010996229685256764	0.030941943822259566	2.9019566737697473	3.2522340594254366	198631.68655553312
-8145.972128196621	0.007556083947532425	0.02126402042886779	1.7579410534442683	4.732174759199139	289032.1655415251
-8146.085229223622	0.008283461233002313	0.02325092265305801	2.687891465560086	4.319572947164817	263972.7537145397
-8145.989453772561	0.007228775912256259	0.02036317640287016	3.5915465206405313	4.947255294850409	302039.14043580473
-8145.991684237335	0.007208561029199146	0.020318448374516018	2.319054323713195	4.947884964876539	302444.64181058924
-8145.948743983388	0.011425329726848931	0.03212121558377755	3.8091623936664387	3.1297675453478755	191219.94822598473
-8146.033669403809	0.007331451904947064	0.020633086810433077	3.558660761868398	4.8834682175237045	298062.80930079083
-8146.0026198673495	0.007388279949380459	0.020848740860332726	3.644552104543008	4.831914944829652	295096.77038073866
-8145.961574565375	0.007260124229510095	0.02046037679933415	5.818033351046876	4.917963892722428	300463.12785190885
-8145.974166055085	0.007248693525483556	0.020376161101551576	5.443829905260546	4.932932654696503	301408.9064213138
