# /home/maycon/.conda/envs/dadi-cli/bin/dadi-cli InferDM --fs All.cm_lo.folded.downproj.fs --model asym_mig --cpus 32 --output-prefix All.cm_lo.folded.downproj.asym_mig --lbounds 1e-3 1e-3 0 0 0 --ubounds 2 2 10 5 5 --global-optimization --optimizations 100
# Log(likelihood)	nu1	nu2	m12	m21	T	theta
-3863.2756998652762	0.013824132405089888	0.004071466416399501	9.315971689639055	4.172552412010441	0.2938823659831954	301176.3932758977
-4013.2518937953414	0.025009913756318336	0.006085839226943306	4.559485374216024	2.6950751064634524	1.2565678308830146	206849.9484566798
-3769.0629320120843	0.030197557071103047	0.006581411104751197	4.080557210570467	3.217257305474581	0.3891995124268684	141161.25586520502
-3769.2582359467146	0.052978665985385066	0.011548341148353847	2.320059178508303	1.835001273451297	0.48956228555434117	80627.35939256584
-4015.257493711745	0.013750026390954989	0.003335701896490526	8.28996491407126	4.918971514968067	1.0262954176136958	376970.15575289546
-3769.1046163245373	0.029840829669549793	0.006535267216124937	4.134181858917024	3.228015339165072	0.38754234790960324	142630.33331481955
-4015.4132768778545	0.02111949900379253	0.005191631836213464	5.415305806969987	3.1274933677335994	2.2796134453217225	244366.35799527366
-3776.5372937896173	0.01767072617609965	0.004203395305078166	7.093920485031488	4.775822485754905	0.2979034794851232	237944.8611836034
-3771.934513176735	0.07420496466475586	0.016372561282457395	1.6559094472108011	1.278579254014083	0.5087955749107995	57865.60007775322
-4015.377913632572	0.025544291622183107	0.006185040768948767	4.455816799083943	2.6552381569045047	2.232862196899006	202957.76155399767
-4011.8305901496724	0.03089510304275873	0.00746533349858173	3.6867600623341095	2.2107271485805047	1.3932862448794991	167749.01234211677
-3771.671046021044	0.022290246999030008	0.004601214769361872	5.474631531695052	4.749554673636901	0.31597809324733667	192368.2441654028
-3771.2577223332537	0.020067306291953545	0.004586036786174122	6.1906817705831845	4.488330379046171	0.31660389100931524	211027.70200606345
-4015.252680380283	0.03155510451912854	0.007676874960374428	3.615045193687102	2.1334481957539526	2.2653993559608536	164125.57510521627
-4015.3215938892968	0.01913837177316903	0.004647628860723908	5.955145889526748	3.528357327603665	3.0911632090610106	270726.25090433744
-4015.282333636009	0.042941439010171494	0.010475308546116086	2.6580622185993303	1.5609473442071884	3.4372233672629444	120507.53243747735
-4015.1581845471037	0.03331809103030938	0.008118839696138818	3.425868387140422	2.0125162227640754	2.1626809002686374	155329.87127197636
-4015.2873309120796	0.04368112199631051	0.01065440642455497	2.6131137925497185	1.5348353670961905	3.73929503062089	118474.276242702
-4016.01577908336	0.015262543445164176	0.003649115887100064	7.4317969628934275	4.550822994578873	2.675392043870493	341184.64043381717
-4015.290997326043	0.015213962496458788	0.003713258173293967	7.503190345192287	4.402287473298415	2.768419029165418	340081.66129913623
-4015.577969187237	0.01885928553351903	0.004653036310005075	6.070055917096328	3.4746316524177177	3.5883010395289054	273258.8649987346
-4015.4860066928386	0.03143089613387999	0.007588760361850839	3.6203609082519415	2.173299068218348	4.816387418388286	165195.22813357698
-4015.297055957395	0.020807829774991893	0.005065641266584059	5.480675405614961	3.2320211838199087	4.772595175246024	248813.52073778783
-4036.9885703680156	0.012673629751315045	0.0034326187172000967	9.296747434276917	4.320060661924171	4.366613999095309	395437.2486473934
-4045.7922985709047	0.017679381509453775	0.003709249263882887	6.262263094555072	4.728597896294685	4.27996172800425	307001.37305287627
