# /home/maycon/.conda/envs/dadi-cli/bin/dadi-cli InferDM --fs All.cc_cm.folded.downproj.fs --model sec_contact_asym_mig --cpus 32 --output-prefix All.cc_cm.folded.downproj.sec_contact_asym_mig --lbounds 1e-3 1e-3 0 0 0 0 --ubounds 2 2 5 5 10 10 --global-optimization --optimizations 100
# Log(likelihood)	nu1	nu2	m12	m21	T1	T2	theta
-3051.6009555049895	0.43555183184053775	1.444075807037481	0.02509657254107473	0.28465431421385884	8.669085508717162	0.2910290967933703	4151.696182270848
-3057.9558821397786	0.4733386415135588	1.6111555806681404	0.024302429246995574	0.2549219073724163	9.859687089629237	0.3276300400673197	3715.7680669419033
-3052.4081079085054	0.2917153741370014	0.9663104685230218	0.03757399275155386	0.4147811700666509	5.503864214680988	0.20191593887658565	6177.586394456577
-3052.9053268284033	0.48059732250546583	1.624878233990558	0.02306735083297572	0.24864961159641888	9.855903530745508	0.3345776445513359	3702.0766664068337
-3051.6405789434502	0.3011515477077962	0.999621974531414	0.036088976617306576	0.41020857219301876	5.698992046803838	0.20242712862435078	5994.05776929368
-3051.840810562514	0.32256586001697957	1.0714501370651954	0.03407981745167778	0.3870205371239322	6.191398918792329	0.21424276104783388	5588.52654368957
-3052.116663605102	0.40488470756036343	1.3554305260858384	0.026703890209708172	0.2963164009648601	8.03389064637821	0.2802480160584614	4439.420456078661
-3051.5320445785374	0.4907512883193213	1.6272080846327577	0.02212494122192466	0.25000673904813475	9.930146472615238	0.3337975303679242	3675.5664258877237
-3051.56844100541	0.47375495837833165	1.57786615684487	0.02293542859616648	0.261765199175573	9.573908849042935	0.31655936492175996	3799.9936071044704
-3051.6176252464425	0.3912721440590783	1.295606958046544	0.027650372824016823	0.31818285587638667	7.691011961638561	0.2614388326042678	4621.062576847273
-3052.603794769046	0.4993497950876399	1.6499017664677047	0.02147408244684551	0.24555696613664063	9.968554469329709	0.33964726264183626	3648.004215132399
-3051.4717266276784	0.48079277339622456	1.6007131255254183	0.022542179450497562	0.2567791410327859	9.699902988001735	0.3231801554424677	3751.400660259698
-3051.519131763856	0.4861331019044087	1.6267066375421801	0.02224952573072545	0.2517786377583021	9.882344959599207	0.3306560375876089	3691.289508232333
-3052.2210881166284	0.4808346315912676	1.6066283599793303	0.023032050769899313	0.25380874080728744	9.807345087478085	0.32897468078271896	3722.6448805658956
-3051.5180558830903	0.4943897052038194	1.639359908915734	0.021821861632403655	0.24948774587356157	9.999732812075749	0.33429919433054006	3651.4405749867256
-3053.9946630910813	0.4858364727866077	1.6413406912304913	0.023352752359256015	0.2519538514241018	9.961152533248134	0.3285164939569241	3667.698292332711
-3051.466229694966	0.48562919061605153	1.6155212277172863	0.022460141681573724	0.25346633728029627	9.835012080527102	0.3283705156667952	3708.0077598697408
-3053.3552956817584	0.484830474101406	1.641042091666326	0.02290386968086049	0.258087697825791	9.895414528805713	0.31814520811657254	3685.633598764994
-3234.447595774312	0.5092536183475589	1.96677764162811	0.021781276073126885	0.2211697984824613	10.0	0.350472014542063	3494.830985034216
-3051.956567402611	0.49070350586313793	1.6242275574807428	0.022102545539962284	0.24936334105359056	9.831165119377344	0.33376748691550645	3699.028862855419
-3206.8806044353596	0.5039981098634031	1.9401631131908796	0.021543604154711495	0.21881456589587894	10.0	0.35693022636287564	3508.74918297828
-3227.544945490526	0.5099231385391826	1.960625178146316	0.0211617950060918	0.22315939479768152	10.0	0.3488902002508095	3497.276199975431
-3213.107008912987	0.5118484614865813	1.9434906784645465	0.020549071566969633	0.20993954765824863	9.998539323352254	0.3788654555085535	3497.151471808967
-3090.266106249116	0.496470503601408	1.7850799557246844	0.022071999824969407	0.2387197884996537	9.989779900184496	0.335706056645907	3587.076974704282
-3051.544788950144	0.3627488979374507	1.2106770416963841	0.03008050688293822	0.33887637274907634	7.093331266873506	0.24528412995826354	4960.650462718518
-3051.706898706416	0.3935083921590691	1.3163881762067875	0.027301215254013158	0.3107603753467033	7.774933729300127	0.26765447406002363	4571.92668043836
-3051.501265920184	0.4886850209262769	1.6346918725536281	0.022230675774531035	0.2516849964091248	9.90997876981746	0.3304346200503943	3679.238082202635
-3080.881693801921	0.49777672128888883	1.7669413744661617	0.022115795540548527	0.23314431495042656	10.0	0.34853358249202554	3589.00268395506
-3051.737583887342	0.45943667906101743	1.5178947850973414	0.023506740488774266	0.2710763138392785	9.218346867903902	0.30698870916535176	3933.9415800118004
-3055.6745661484065	0.4846252602316884	1.6037950252704014	0.02351392727186221	0.26106287313466753	9.898604591798078	0.3160836607310655	3702.570551626042
-3051.6458376133123	0.4523905109566498	1.5108384941227901	0.024116996525395378	0.27030043564803313	9.128410501381106	0.3095103814480576	3967.376036222488
-3052.2699522502567	0.49580485965421955	1.6635612395094879	0.021867143452129166	0.24608182745909854	10.0	0.3372337384098004	3638.645501952772
-3054.9574025303523	0.46658722147636233	1.5521226390018428	0.022312417585533734	0.27208788431497655	9.348626535051384	0.30430383661368726	3877.3533353648104
-3052.0319501892777	0.40413136145314027	1.3573432078864436	0.02725428450040779	0.30024568201727014	8.06213180952386	0.2781092536660977	4430.841772154918
-3051.9098603846505	0.43199565275835944	1.4339643465709626	0.02467338708723334	0.2853873792025506	8.582651565509034	0.2920988053799281	4186.214228365406
-3052.1778628603715	0.32115700832196853	1.072550833253776	0.03424143061358586	0.38981613975214496	6.194690659641707	0.2133019263361291	5589.200473682105
-3051.4790582041055	0.4050669139251691	1.3470039438653256	0.026747623192974173	0.3038399033342801	8.016838568252258	0.273898711352925	4452.482475704973
-3239.707817508377	0.509820720949889	1.9698699104700028	0.02146213504662762	0.22968999491796374	9.999999999999998	0.3325139106148502	3496.6337336079914
-3264.872239885107	0.5084770575930581	1.995103399773231	0.021257666304492204	0.21672560944045727	10.0	0.358060927252986	3482.5315282914175
-3051.72830999859	0.4929690623393518	1.6352364613195307	0.021765165857869435	0.24941344910521118	9.920729865408479	0.3333319242009579	3672.1184728264952
-3228.4895303814474	0.5103043315503144	1.961637539456327	0.021278084919948904	0.22211609364369708	9.999989636274114	0.3491463416543575	3496.4028470236863
-3052.642704365794	0.4787705179130688	1.6073442224997456	0.02340304661225767	0.25891758740918924	9.722082239644505	0.31990691288562084	3745.739036586037
-3157.2782610659483	0.5068956038942538	1.88334938831321	0.02157097730388536	0.23801095988665247	10.0	0.3285567934775369	3535.8537186780277
-3134.384425745405	0.5063631298089148	1.8569553804546624	0.021493492605628356	0.22897230909191404	10.0	0.3464491557873699	3543.7053333242134
-3052.1628149906087	0.29746417166412986	0.9879916876160891	0.0365744712835144	0.4243914961964449	5.624508608215732	0.19518630629352313	6065.963978475191
-3051.5981543824464	0.3791336894772481	1.2548839503035347	0.02875961824377474	0.3280715704688194	7.416095551233372	0.25333069552584514	4771.321521190022
-3051.534697393068	0.41624752899488304	1.3832330183500872	0.02621257097061738	0.29837760463523694	8.254601586159076	0.2781259836857352	4337.924779350105
-3051.7619477452354	0.49268310669611437	1.6311551581543675	0.022241666383413388	0.2542203391835317	9.91900298869804	0.32526343293559934	3676.3130159263874
-3051.4421868385266	0.48637826482963026	1.6173080304768972	0.022356243206084387	0.25341586394021315	9.841322668472108	0.32887915033634196	3704.9997803277593
-3171.61062590628	0.5078538949538718	1.9027265301354062	0.0211415476564719	0.22340378966424507	10.0	0.35356294048895726	3521.9244169665008
-3051.5283914355987	0.4925491793969921	1.6315407365937349	0.022043363409486393	0.25258926556609784	9.946025057907454	0.32911066787605836	3669.504229222237
-3051.9646195148352	0.4897513859468839	1.6202312414173359	0.022125910416066444	0.2479805409926204	9.846833414681159	0.3370383402434559	3697.509829800534
-3053.7324812830984	0.49449658393948104	1.6765367658205557	0.022095774834456985	0.24751034299641578	9.9957363710472	0.33239584896831204	3635.907487496836
-3051.569503526654	0.4892152869142507	1.624504905297374	0.022123218028185305	0.24943252943799166	9.902877492701212	0.3347128786243477	3684.03246525001
-3264.9124281795885	0.5088183901364074	1.9950852346059944	0.02138415442338819	0.21535357326037075	10.0	0.36034164352805914	3481.770965348409
-3053.1757872971857	0.4772362406151368	1.5984228796147364	0.023312201381385473	0.2607245252258317	9.788085272847557	0.3188723338098701	3736.481105071248
-3171.679979588421	0.506470149860301	1.9027312005034427	0.021286241654287122	0.2220681911510213	10.0	0.3566456732625759	3522.4483680353846
-3101.3608111114568	0.4996885184646495	1.8060191671012624	0.021473515666471234	0.2292570050211984	9.994524580691223	0.3518751459643862	3571.0500009634247
-3051.696083944966	0.48227091930505966	1.6163938662322577	0.02245329369855485	0.25086699871701773	9.772264488814471	0.3318834575390911	3724.1026275781096
-3052.6296022010683	0.46716411189029605	1.5740310694470305	0.023729315702656854	0.2597402225760906	9.560565083987148	0.32149517515005877	3810.228717636333
-3054.3618642587503	0.34409959783100935	1.146483179630017	0.0313284731908593	0.34116063082290277	6.6320154609337925	0.2436808776893708	5246.461241695328
-3060.878966101659	0.49960573922186385	1.7108169631956378	0.021461672899989338	0.2452372575509814	9.996750554506848	0.331834857288838	3616.1775552930353
-3270.6219200953974	0.5135340533546602	1.9998949713667709	0.021230479478663945	0.21330111906953914	10.0	0.3636807771822143	3475.3583007258067
-3053.3603753628904	0.4462072387613136	1.4878988887892026	0.023795297368650062	0.26558698932047486	8.93273553335166	0.31777285630652485	4035.633951101802
-3051.8934275996867	0.3286085706395614	1.1007527535465587	0.033475793743677665	0.3750838945234878	6.3302646130119795	0.22088823582204958	5473.1091444213625
-3051.799262282082	0.4931517750420483	1.6399269884732222	0.02201862326966798	0.2453413825058975	9.997081550518255	0.3413531807003143	3651.3166875594106
-3052.2588937126743	0.3221291199968899	1.0819404375451278	0.034168496304002795	0.373636564308865	6.23213003185322	0.22296962399850434	5553.28566722731
-3051.7128128538457	0.484335340722196	1.6113602115350973	0.022526473677782374	0.2553424653061558	9.809513692629425	0.3236311263730182	3717.847112689367
-3201.6396705144084	0.5103262447238964	1.935048143008964	0.021044132091524965	0.22218842319302767	10.0	0.35120255534861633	3506.906813731903
-3241.749848144387	0.5053882385138045	1.9730867387831137	0.021632883011592562	0.21637920414570805	9.996987666135722	0.3619472848873667	3493.849849223554
-3063.9073584823427	0.5009142001294847	1.723061131454226	0.021415010604139965	0.24252563660898652	10.0	0.33670178787305705	3608.013024090554
-3119.328408298602	0.5008918607056344	1.833879403349006	0.02180769574232753	0.23095630353077776	9.988812437171752	0.3447070966396073	3560.7127958102365
-3255.793125245028	0.5087294505927021	1.9868266032974338	0.021281361548062375	0.22018813161641806	10.0	0.35014129232528096	3487.171736823174
-3237.9962922677655	0.5103710398664496	1.9707320995013853	0.020981208232104857	0.2181047415379767	10.0	0.3573489116194006	3491.080748176357
-3215.557920861016	0.513762625023202	1.948427315825568	0.02071944376829161	0.21899784077174742	10.0	0.3573122499798733	3497.4965122546496
