# /home/maycon/.conda/envs/dadi-cli/bin/dadi-cli InferDM --fs All.ei_cm.folded.downproj.fs --model no_mig --cpus 32 --output-prefix All.ei_cm.folded.downproj.no_mig --lbounds 1e-3 1e-3 0 --ubounds 2 2 10 --global-optimization --optimizations 100
# Log(likelihood)	nu1	nu2	T	theta
-15690.519195693563	0.07545007205107866	0.1387403818441395	0.16178181495618407	30448.23139918418
-15691.040319469726	0.07437850654038494	0.13686217859746105	0.1594834038110283	30571.30684501807
-15690.600214137216	0.07587257624332154	0.13969230126388538	0.1629899733846827	30399.003722232825
-15690.669428481933	0.07599217609829899	0.13984470602824922	0.16324802329003799	30388.965273326547
-15690.520218136042	0.07564354418181524	0.1393416365260557	0.16249690166580735	30421.942166592216
-15690.494720468145	0.07548069371954139	0.13905478273179567	0.16214758529079984	30440.665134380593
-15690.496532798175	0.07548286370280007	0.13908508157008187	0.16215259808349128	30438.77040152862
-15690.608798821422	0.07502044616946434	0.13787407180665645	0.16086276091889284	30504.746597170386
-15690.585462918998	0.07504127997842318	0.13810692557325172	0.16090566675746693	30489.857856562256
-15690.540500993362	0.07540507307124959	0.13880713593783112	0.16185782785143987	30451.404784572198
-15690.534565402371	0.07569682750334078	0.13938421919338193	0.1626124821860927	30419.07586711463
-15690.577898681398	0.07499498946066066	0.13823043405907354	0.1611045703736206	30494.60939773332
-15690.540515043	0.07540894355947617	0.13881423236306747	0.16186575070144324	30450.926326375837
-15690.518138321304	0.0753787821417401	0.1386149986994873	0.16162983953470716	30456.45859764495
-15690.50181205009	0.07526439171180459	0.13866422516031687	0.16168291449524919	30466.137919365432
-15690.511190279498	0.07560408725609112	0.13926314954770744	0.1624130582041624	30427.070781380153
-15690.519917271118	0.07540088503053284	0.13861984734002655	0.1616762648395764	30456.01754643439
-15690.54050107665	0.07540475982153144	0.13880670481140886	0.16185735194878884	30451.441300276398
-15690.494621810862	0.07536620955829422	0.13879691044242484	0.16190231395023902	30457.384002477254
-15690.540499234387	0.07540487471596319	0.1388066342764961	0.16185688047401828	30451.41573502545
-15690.820025550298	0.07464698162276472	0.1372239272434035	0.16006063123464032	30547.38034918036
-15690.588998202302	0.07501917027820791	0.13801553470684705	0.1608574341410983	30495.688149377685
-15690.492167151904	0.07541877778468577	0.13894973946939781	0.16201540454963298	30447.562616310453
-15690.540502314612	0.07540557640710772	0.13880779083723477	0.1618581646261254	30451.33090524119
-15690.522341352633	0.07564948468909485	0.13936541248849169	0.16251143226207257	30420.499902306357
-15690.529765561145	0.07555395506043128	0.1393226191906227	0.162304148284227	30423.53089511022
-15690.54049958273	0.07540423770893345	0.13880610798052087	0.161855287410285	30451.44230558068
-15690.556994917406	0.07511761303109345	0.13819446879524735	0.16106829074142814	30483.980541879377
-15690.54050502678	0.07540164823832857	0.13880348355344044	0.16185130568413714	30451.68321835351
-15690.67344187403	0.07485770761659567	0.13762611712025946	0.16051088120125517	30520.96764588641
-15690.550057829796	0.07551529197830698	0.13901545046325106	0.16192127086802138	30430.67162437236
-15690.501264448414	0.07554447700569411	0.1391599988857556	0.162285099623408	30433.80464105634
-15690.496369269273	0.07548975292251597	0.1390879790143619	0.16216705671763537	30438.54412072326
-15690.54050561615	0.07540502098024246	0.13880514924434184	0.16185774799247507	30451.531108060724
-15690.540500456724	0.07540357522797836	0.13880426710676336	0.16185337453323298	30451.540667489506
-15690.54049958189	0.07540398960152059	0.1388042623064954	0.16185424530278433	30451.538390036694
-15690.543743029115	0.07539026397193428	0.1388381967747321	0.1618837055122234	30451.884930971133
-15690.540499591321	0.07540357538617072	0.1388031766094533	0.16185320481096074	30451.602176767075
-15690.830754744387	0.07618131713097859	0.14045073437675443	0.1636571634730558	30350.51231038613
-15690.519112899146	0.07536546666806448	0.13863351175623095	0.16160073882340795	30455.3286828549
-15690.49170397449	0.07541048912064892	0.13891878710323188	0.16199721485595273	30449.526123907246
-15690.784959954648	0.07617523632443958	0.14027683387545173	0.1636402369462981	30361.1535051881
-15690.578721979202	0.07499030531003613	0.13820191777373572	0.1610943512574706	30496.42372584512
-15690.54062658509	0.07541432839140202	0.1388335475623994	0.16188221438033354	30449.89112951775
-15690.540498562623	0.07540408124697054	0.1388059122396474	0.1618547081551617	30451.44529098506
-15690.54049902429	0.07540401406639512	0.1388051239545068	0.1618547378660078	30451.502237327
-15690.540500096376	0.07540255471451848	0.13880187919522935	0.16185126637817318	30451.69849931547
-15690.495221930814	0.07547874590101936	0.13906488657983407	0.16214407110901016	30440.067712573422
-15690.60943031614	0.07589027029250534	0.13978864371404975	0.16302872177045932	30392.946577977124
-15690.540501116882	0.07540298751327836	0.13880259967224948	0.16185126319947762	30451.61306475988
-15690.54050000717	0.07540379603571519	0.13880458116273028	0.1618538730381771	30451.520984625196
-15690.540498648967	0.07540385870964626	0.13880494387989628	0.1618546143869798	30451.522852844217
-15690.49394844193	0.07545917853775559	0.13902971536815928	0.16210142651879378	30442.33530190391
-15690.540516118963	0.07540054943351936	0.13879427258003627	0.16184514972964234	30452.110617070117
-15690.550700434691	0.07507355092701157	0.1383881880382897	0.16127341757670025	30484.33872103025
-15690.779982980377	0.07468468646336703	0.13736159173980475	0.16014596405657566	30538.67404657893
-15690.495069696588	0.07544726241471177	0.1389339214140681	0.16207514960554179	30448.370547832637
-15690.50141539009	0.07527646494393317	0.1387166904527948	0.16170856017929783	30462.77410020032
-15690.540558137607	0.07541442098116734	0.13882354708538494	0.1618772020366129	30450.304794102583
-15690.522799143213	0.07541216599485231	0.13875184161695606	0.16170156953297596	30447.720270012596
-15692.647484003804	0.07343157363900397	0.1349204117556119	0.15716312383147069	30686.546399862138
-15690.540517099658	0.07540800890330067	0.13881464310890343	0.16186368272021015	30450.902082820543
-15690.57715433661	0.07501836510549091	0.13833102917828766	0.1611553440752519	30488.185933879864
-15690.913464487163	0.07619192571204537	0.1405414848301423	0.16398034219631688	30356.85428910555
-15690.54049936203	0.07540313625710177	0.13880309386308542	0.16185252798835353	30451.62020991861
-15690.67021700286	0.07497677931690036	0.13768864743416936	0.16076548588131687	30516.515673176473
-15690.540500101246	0.07540282975259183	0.1388032143079626	0.1618524709320028	30451.638660833145
-15690.582438795294	0.07583206716276021	0.13967602822558955	0.1629020605305463	30400.17987088408
-15690.540502791979	0.07540248652702786	0.13880238175946688	0.1618503656084792	30451.63624147539
-15690.540500380139	0.07540252310508645	0.13880088733590132	0.1618507692871936	30451.74330877627
-15690.50783450249	0.07547784259751865	0.13892251498613897	0.16214154004678902	30448.977980671432
-15690.494612847178	0.07535590656943861	0.13881748990073522	0.16188282485183225	30456.245651591587
-15690.540498207985	0.07540389060916233	0.13880515588320871	0.16185492673176216	30451.51941323437
-15692.419463524031	0.07355296466879092	0.13510099015231108	0.15741798831380815	30674.32654796339
-15690.781426255997	0.0746734355946738	0.1374379252044195	0.16011699163464244	30533.646239052385
