# /home/maycon/.conda/envs/dadi-cli/bin/dadi-cli InferDM --fs All.cc_ei.folded.downproj.fs --model sec_contact_asym_mig --cpus 32 --output-prefix All.cc_ei.folded.downproj.sec_contact_asym_mig --lbounds 1e-3 1e-3 0 0 0 0 --ubounds 2 2 5 5 10 10 --global-optimization --optimizations 100
# Log(likelihood)	nu1	nu2	m12	m21	T1	T2	theta
-5041.7954658614135	0.8413714653427076	1.2495904411417842	0.06018252263244253	0.1920918057697681	8.987888911733995	0.2557765854757748	2295.5313333046315
-5041.804991903449	0.8402923378256852	1.2469042840416216	0.06015657423188375	0.1923043407172993	8.966550299903714	0.2554432384709931	2300.0565714689137
-5041.793208499045	0.8294201070401298	1.2317654863431344	0.06103841439548616	0.1948480376526762	8.846993464476634	0.25214378701708084	2328.513214002163
-5041.776846351846	0.7409559858665852	1.098868929833483	0.06834920645219225	0.21827045772740544	7.791138976738118	0.22524935806332397	2608.3024677576436
-5041.810566181327	0.9103638977425277	1.3525251864755399	0.05563574315711228	0.17736760422749184	9.803483265153167	0.2767825998438895	2121.756214337991
-5041.728896075268	0.6120026091019604	0.9078136138842845	0.08268071204731996	0.26436824442496626	6.262325067750912	0.18604733501847162	3157.4046522786393
-5041.772066782485	0.6769000253677357	1.0032569949987902	0.07463594799351125	0.23892215573370928	7.025987357946561	0.2057747736979653	2856.5554631273876
-5041.77266258717	0.6920612966815047	1.0271728327078555	0.07303064329557307	0.23368246296159648	7.207729628273004	0.21038556777956605	2792.6495297715155
-5041.808135768466	0.9267788566560918	1.3757087771979795	0.05467180282644682	0.1743714396200617	10.0	0.28179961934394276	2084.4362041632917
-5041.807308183126	0.9077061478204843	1.3483193085319929	0.055839603382947293	0.17799210411640998	9.774747806975789	0.2759408140853296	2127.7647993327396
-5041.76328378093	0.6831178861836515	1.0153113616243925	0.07416204620022443	0.23658808343398585	7.112350841058829	0.20765676752863654	2826.1818878166455
-5041.702801839306	0.5762691113797257	0.8556113255120044	0.08784525093824985	0.2803851746416857	5.840837495324256	0.17521721603030194	3351.691061565537
-5041.809747046208	0.922438943563314	1.3697452278605107	0.05492901117893905	0.17520401640404262	9.94362149703092	0.2804196822783135	2094.5906973865217
-5041.812378562867	0.8464360143929998	1.2581144831575746	0.05996366335174514	0.1907807364384451	9.058980329696434	0.2573158729898922	2279.971392562572
-5041.76343257094	0.6624245523268374	0.9813109633900835	0.07643552252680576	0.24426263192118597	6.860608458077519	0.20137689504355655	2918.0398727848515
-5041.797055644574	0.8476681908968061	1.2584260921029389	0.059714327515373346	0.19061682883285166	9.060297237404015	0.25774293114755675	2278.990898651703
-5041.790612482477	0.8117461463353626	1.2051214921828077	0.06238313135171446	0.19910893422743434	8.637741820610508	0.24682231155028603	2379.309906829222
-5041.809534614965	0.9168646150272494	1.3615342657568081	0.055239054432160796	0.17624515504943028	9.876215579133325	0.27872661439424495	2107.436308374203
-5041.788239828607	0.775727055954047	1.1519838247208536	0.0653563685394211	0.20842726387591715	8.213299567608864	0.23581950025837736	2489.136675044044
-5041.812605346932	0.9069479838357489	1.3486713898358478	0.05580768257430433	0.17810279333737236	9.776065543428183	0.27571142073643307	2127.844647885509
-5041.809340968468	0.9214182209739712	1.3673962314159074	0.0549365227294405	0.17544531879122555	9.927572744409586	0.2801100276499113	2097.6420076328013
-5041.820294020839	0.9232275203147624	1.3683445472517484	0.05473911860917843	0.17526506444058948	9.946471969860621	0.2806613283740663	2094.45190589979
-5041.806929657925	0.9261574086033213	1.374683363797131	0.054669295629447515	0.17452001061655886	9.994456426821241	0.2816046507036757	2085.6820577427543
-5041.808937563404	0.9215030366127333	1.3679083516867445	0.054945732892968044	0.1753957782950099	9.930217162465086	0.2801373721335374	2097.1302685264072
-5041.805537956959	0.9162960218325903	1.3603526560663088	0.05525939024801428	0.17637678737144358	9.877199980303946	0.2786034478357987	2108.033194210859
-5041.821849565176	0.8904834001828784	1.3226343419213757	0.05701949225783805	0.18140841096087587	9.579905742717315	0.2707040377337831	2167.8651927000606
-5041.817269709562	0.9055725070525263	1.3460888424594688	0.0559821158144654	0.1783047349010786	9.745496669681044	0.2752934745111433	2132.845187351437
-5041.805563333738	0.9136257023465221	1.3565113129674389	0.055438207631753514	0.1768622551642618	9.848686630892823	0.27774137820738165	2113.8110322413672
-5041.806739128828	0.9266948021752467	1.375822035033385	0.054639606439229604	0.17439771564155462	10.0	0.28176516064852797	2084.43490998711
-5041.871943872854	0.9275328191905753	1.3812880929193354	0.0545990718198042	0.1738859532445861	10.0	0.2820273339721566	2082.0338466432127
-5041.77498633702	0.7398083406329097	1.0979503019453578	0.0684416080722477	0.21846511272842803	7.779626689756226	0.22493600722156637	2611.537994375763
-5041.808769474351	0.9250658382706891	1.3732105915800004	0.05472088821954705	0.17469394063772492	9.973467715604052	0.2812190934817568	2088.9435193233194
-5041.806163522781	0.9211970909627669	1.3677385894664082	0.05497142427931529	0.17543800255449268	9.936225532486578	0.2800909329250676	2096.6878641095273
-5041.806758775925	0.9206683591507865	1.3667574308671635	0.05500224670988389	0.17553093867606465	9.92518717922292	0.27993542634197854	2098.470657538119
-5205.73714807027	0.9407509882507449	1.6780154283398587	0.05443991645229392	0.1453138838807028	10.0	0.3165600952247997	1969.8637471379338
-5041.809807826934	0.9190826493334814	1.3639551463286803	0.05510968802031936	0.17591634079460117	9.916530964203513	0.2794005847623319	2101.1838419502237
-5041.82197697875	0.9256634742631126	1.3729566963086137	0.05476858014865825	0.1748221360410637	9.995297265531702	0.2814019690246796	2086.4673536234777
-5042.8673040740205	0.9271000792459535	1.398642675369058	0.05442052844246837	0.1714343875288399	10.0	0.2855386824110373	2075.4745757311703
-5095.7897804394715	0.916707372040278	1.5134464496494515	0.05827719295122413	0.1549242197256399	10.0	0.29339420421061096	2037.5124627500504
-5041.8079907794	0.9163093195676639	1.3608972287619852	0.055313009364366526	0.1763380793858925	9.880436879843375	0.2786026382970716	2107.474208466119
-5041.69463644858	0.5477280743096802	0.8137543451360861	0.09267606410038569	0.29487702347546757	5.507092004190534	0.1665077639634361	3524.2583455589947
-5041.797171188376	0.8382820727904042	1.2455915111224585	0.06039108596334218	0.1926944734627953	8.953253301018975	0.25489156120945056	2303.4517444690173
-5041.787314277803	0.79603810288181	1.181921360336457	0.06360694111844983	0.2030092182388252	8.450033800279867	0.2420379619593265	2426.3720113457407
-5041.806443426656	0.9145301953908431	1.3585486985897253	0.05534461258280589	0.17667756674890836	9.857960812337364	0.2780167594247383	2111.6157211138307
-5041.805146767403	0.912756055016114	1.3551402386275422	0.05547563404666608	0.17705601763786005	9.835747945244497	0.2775271707871486	2116.13035716285
-5041.80618932109	0.9199828193856966	1.3661230098947619	0.05504803947983585	0.17565793859742027	9.922859955647255	0.279722894913925	2099.272754312747
-5041.807712650369	0.9068684254298403	1.3459051929749022	0.055824842323090394	0.17824077881019293	9.770930435716062	0.2756873922362315	2129.510619564843
-5041.80073039307	0.8762782731303177	1.3003579716071223	0.057756319560719555	0.1844999738788674	9.398381813060018	0.2663883497166212	2204.992804527657
-5041.806753455927	0.922092137974224	1.3691725211721568	0.054931181163585446	0.1752687347724994	9.948695463233515	0.2803682685320083	2094.41677228928
-5041.806439561494	0.9223056182875081	1.369028895437603	0.05488656020235065	0.17524598810676692	9.946612803637926	0.2804309828798109	2094.5940718494253
-5041.8087260780485	0.926857081633848	1.3761262601391349	0.054685422142392005	0.17437387369207075	9.99986046927064	0.2817647187869504	2084.271146620282
-5041.685506215618	0.5542156567794759	0.8229837240660759	0.09141368185662829	0.2915286474303269	5.58013798186647	0.16848100061853238	3484.61533334552
-5041.805903736322	0.9198751722957181	1.3653779220760782	0.05506684115149961	0.17573268620382726	9.920359476269626	0.2796407416973144	2099.8760457990625
-5041.809066047567	0.9269188879945166	1.3747180924331637	0.05461074222728318	0.1745193364196671	9.999226850339907	0.2817823667213916	2084.8316511269572
-5041.809101862902	0.9130727312767468	1.3568985394615753	0.05543265817217641	0.17686565763203904	9.840475488473114	0.27763189335848665	2114.799267499273
-5041.726043003335	0.6110881815764545	0.9064755299867644	0.08286907122571964	0.26454387467025636	6.249555042335984	0.1857700914747117	3162.573626684897
-5041.797579490632	0.8332596648798315	1.236301801275377	0.06079219413704969	0.19406283108963293	8.894910142449572	0.2533105474759246	2318.0141522866647
-5041.806646196601	0.9252865382251035	1.373920558373818	0.05472633262892147	0.1746395574605669	9.984525322900913	0.28133669737930517	2087.406177295158
-5041.811520570802	0.9175021952734675	1.3636338987957872	0.05525474897611971	0.1760800359514614	9.900541581210067	0.2789200947542065	2103.7420351913315
-5041.7953376842015	0.8424204117561898	1.2506409955655624	0.060119236808511084	0.19190435488557211	9.001535449334678	0.2560941450124333	2292.7485419634377
-5041.807181784843	0.9229240087794969	1.3706779744995417	0.05488838593803689	0.1751066877976774	9.954032571285369	0.28056748629964784	2092.91766836528
-5041.788061397626	0.794853563829891	1.179949297713253	0.0637494004636067	0.20330342744716579	8.4363278888567	0.24163253682545668	2430.052806385627
-5041.771630927875	0.7145138825389907	1.0614338073701661	0.07087568343332074	0.2260511408158291	7.478203851892754	0.21721206720847855	2703.5733788154644
-5054.254240578729	0.9243549763125138	1.439130120882889	0.05585775511035953	0.1629007921657542	10.0	0.2980117588792598	2060.567795994423
-5041.810677844756	0.9212190758101015	1.366353316160346	0.05495832147359733	0.1755660000380154	9.93651196352601	0.28009376451638673	2097.167225705485
-5041.755186264089	0.67773601467682	1.0060521839061967	0.07470671187950871	0.23847537318429926	7.044938684342156	0.20606550737249882	2850.1675407789244
-5041.77901487126	0.7278231953812087	1.0805149352552514	0.06964653295595838	0.22216279685824278	7.647334232121122	0.22125375833361552	2652.6468368036876
-5041.783260488182	0.7751941818178331	1.1509088811174992	0.06529699529482402	0.2084915182246819	8.202576616298186	0.2357018440275891	2491.6462892579098
-5041.721687771157	0.6056405558594549	0.8989249067714419	0.08359948333256448	0.2668782330955327	6.188561278956912	0.18414636386345584	3189.6530623617896
-5059.517202005957	0.9112906234349627	1.4437072085659821	0.056386304687533605	0.16282501053583495	10.0	0.30628113829844744	2063.5009782319025
-5041.816491071351	0.9177980590343017	1.3640009737222425	0.05518060501851026	0.17606883987445215	9.912246260319186	0.27900913713755493	2102.2171079377786
-5042.057581545443	0.9267527867863898	1.3861887872662175	0.054585637467104126	0.17311904714693882	10.0	0.28309864257605155	2080.4483191949294
-5099.164878323572	0.9511459527514619	1.5493869718140116	0.052244507996598674	0.15570166228142576	10.0	0.3042552035320644	2010.3472942132637
-5041.983157565573	0.9276602401245168	1.3848647805221328	0.054627576209093	0.17357011612567658	10.0	0.2820670416577413	2080.65626622139
-5052.239439282705	0.9124348498887501	1.4166486504267208	0.05671397405542089	0.17137584265597294	9.807613656355125	0.28367394362219506	2095.4221667609863
