# /home/maycon/.conda/envs/dadi-cli/bin/dadi-cli InferDM --fs All.cc_cm.folded.downproj.fs --model split_mig --cpus 32 --output-prefix All.cc_cm.folded.downproj.split_mig --lbounds 1e-3 1e-3 0 0 --ubounds 2 2 10 5 --global-optimization --optimizations 100
# Log(likelihood)	nu1	nu2	T	m	theta
-7189.721778638193	0.0037697119263996933	0.021604537695694436	3.182633519220122	4.732988958334305	287338.33843968797
-7189.806688011005	0.003578066985336985	0.02067015646706909	5.567659485064947	4.959950772578382	300997.2488013945
-7190.182360984925	0.003567862027276648	0.02064744462857984	5.71029350979221	4.9541078801542	301035.19743375
-7189.649309452874	0.004943953257037459	0.028387687869434172	5.101093268349629	3.602316200346947	218733.4201319104
-7189.842780585251	0.00483181563812154	0.02773393618331612	5.0290335269730475	3.6965981779632773	224172.4760173941
-7189.981755357019	0.003558447761076126	0.02054531221443844	5.303057082710348	4.994131685608799	302933.9458830428
-7189.8976493502005	0.003623641024047984	0.020695811564289148	7.2891870096688445	4.954415644793185	300262.3209951329
-7190.2652910464685	0.0037047576314248225	0.02134948427289594	5.716960558837822	4.770306961085226	290347.9028104774
-7189.796417925761	0.004405621600698714	0.025170282910993415	6.842830737058455	4.0635672651775065	246580.403463539
-7189.629498518892	0.00612337186607109	0.03515634960786321	9.885573267302775	2.91087131067359	176684.37918498908
-7189.992008566568	0.0036639155952526018	0.02098303750618517	6.756379358163201	4.893388983647264	296453.50468413596
-7189.825760292189	0.003593533245345698	0.020727467151378097	6.537083914388233	4.956624064493146	300436.6056763332
-7189.823967395271	0.003576616323818766	0.020568430635615777	8.118234072079261	4.9876967260637795	302434.69643860275
-7189.909934417133	0.003967211478862167	0.022813060504755935	9.898987916457514	4.504204404799359	272900.53736568434
-7189.6754835831025	0.004651912631483191	0.026698037105908973	9.923889405109056	3.841067456153183	232899.0831089847
-7189.675483785333	0.004156299559025371	0.023879635034379253	9.962468459379798	4.281993047361586	260032.3372300052
-7189.7309655938	0.003966100193510269	0.02272877035464951	9.894786946753845	4.4979234545768785	273094.206963256
-7189.847296556267	0.00457200259485528	0.0262151570038702	9.913402317723964	3.8971993118055783	236710.37515805665
-7189.992925543974	0.004207903920476967	0.02420361553931508	10.0	4.224853140866548	256590.3696406403
-7189.63278203594	0.0037937438987107395	0.02177499447989068	9.920883936142683	4.704288903016125	285396.2063364776
-7189.70582425365	0.0036182596320986707	0.020700240775310626	8.946581926789227	4.946971210678392	300056.64519222995
-7190.435546718728	0.003599627246128449	0.02073828892071573	2.5829203097849023	4.97624520219374	300928.6748957593
-7189.88704129017	0.00539785250109599	0.03117638809037082	6.087548381274784	3.280203521220437	199300.7356476567
-7189.910474662457	0.003628667483793519	0.020876943440953845	8.411862678990385	4.895157998263468	297393.99640053406
-7190.342119842775	0.0036622489962166117	0.02103672445851401	9.86072344928972	4.902619031851906	296467.8984521455
-7189.938780944731	0.0036123466333038007	0.02062415662748125	9.885679653317103	4.9570466972638325	300841.43799111334
-7189.7502254188175	0.003707112011067699	0.021315781250621103	9.928581163029715	4.819685381298872	292038.74978294165
-7189.65587371403	0.00363739250740066	0.020899201116950167	9.94150403485559	4.894095456567774	297162.0039057616
-7189.867353333473	0.003629580990318963	0.020911479984942506	9.909381555237186	4.91876633400609	297933.62921412376
-7189.908734086669	0.0036076546566166973	0.020669096583359577	5.8119913204072295	4.960218116834489	300737.3013529362
-7189.877068353034	0.0035793792675077474	0.020443204494113888	9.896827721145467	4.994903256114773	303328.7165430205
-7190.0382158363955	0.003605205219781322	0.020538264743385826	9.966763745117861	4.957162244181804	301382.7869194344
-7189.742481529898	0.004041328955620471	0.023315018734620382	9.967421487517345	4.4040119436981335	267021.1326647573
-7190.319236875244	0.0035963782087573407	0.020870460850524776	7.22303931922327	4.90487846293676	298025.0386324344
-7189.663109587906	0.003633228706598909	0.02091570353632613	4.7000909590155295	4.904518959737	297435.56452364405
-7189.861210215408	0.0036827221433984388	0.020992125504074418	5.354060071196816	4.865342676684282	295364.63391102053
-7189.668272116335	0.0035760818434449897	0.020487869115067427	5.787288716138136	5.0	303269.00941377424
-7189.688568912992	0.004926658536378732	0.02828565078752242	7.578325953652416	3.6200330103382887	219667.23861288998
-7189.623201551438	0.0036902466927820907	0.021206268613057116	5.0483026549484356	4.830807262189816	293100.0555902338
-7189.778691286141	0.003630586753014346	0.020817083811433327	9.902876451361667	4.900663847663694	297868.9398129815
-7189.759567948635	0.004098761521920317	0.02347230801779769	9.907576222446064	4.3534172845929335	264359.4127523012
-7189.7571057563555	0.003644059344368743	0.02092424293738568	9.90487559106422	4.8900022650932495	296840.84471010027
-7189.887093812135	0.004460565247451118	0.025683332727066573	6.703659527019041	4.0055891583962175	242584.25208206577
-7190.166658201968	0.004584399045781149	0.026144810744749176	9.018818237450944	3.9072889503015347	237193.0563599322
-7189.703827212586	0.003786011424299392	0.021649225280921093	9.898830642808582	4.727612931613332	286809.9260425573
-7189.935189431362	0.006830580302114597	0.0394869192050392	9.902595729207231	2.595459286176384	157546.1653577136
-7189.7185452798685	0.0035616750385855825	0.020455113030675442	7.385319023714053	4.998911370595871	303554.09519158804
-7189.688632570355	0.004596191418804402	0.026379469624228238	9.916192594626915	3.8751740902849408	235331.01070957063
-7189.721834368533	0.003657968580994126	0.020964662685402088	8.632879767266871	4.891950768236984	296559.8580221721
-7189.662466964793	0.0036665322858824333	0.02101011920743296	4.6183210517626705	4.876709306638587	295767.8469874677
-7189.696150514663	0.004945416177863227	0.02838517638820395	4.801861552836378	3.611708798346653	219025.77349107005
-7190.624197623441	0.0035844409689236934	0.020761187733679236	8.07061348586225	4.910083508258304	298886.1665560381
-7189.746593027082	0.004357394508062493	0.024901692794189124	9.819755963091326	4.104701005823441	249163.77879558294
-7189.715318571619	0.003681741449729992	0.021193026051906833	7.292426505156598	4.827044175536048	293126.93707228196
-7190.308507911554	0.0038491231934374443	0.02213110893333629	9.951648667964001	4.603932534656564	280089.86937939626
-7189.950544454479	0.003657164166694932	0.020977969024819847	7.094944428662979	4.891942890579421	296496.76228019356
-7189.825508469045	0.004921398352559341	0.0283910331260881	9.489263991587793	3.6180433864048656	219323.8675422457
-7189.882347186146	0.0038461743920953782	0.02201687843914119	5.675678551299706	4.649639201074421	282085.2117857246
-7189.711035024236	0.003633884222601076	0.020939114197811456	10.0	4.892070992852807	296917.46420616267
-7189.986048833536	0.005354456804327618	0.030862970477540604	9.751344736506013	3.3112555716642444	201209.47549204205
-7190.156263797308	0.004378307273694051	0.025060997852549165	9.881122201213142	4.060212462275369	247049.98893599294
-7189.9279932019435	0.00362749118045204	0.02079057416677721	9.916996816927185	4.908492730251894	298284.75251970196
-7190.011999577044	0.0038527580932711516	0.02206077134093336	9.844723979120202	4.648610903797607	281788.42929159687
-7189.652419419524	0.0035924124048267152	0.02062737876899204	6.508561541910152	4.964623296012982	301244.13394881744
-7189.686929883482	0.0038213087046071723	0.021951150478274704	9.785348188550337	4.660180304395792	282933.9741981868
-7189.7515705971355	0.004667891127824008	0.026686643579736543	9.828619837647347	3.8302341873110337	232511.02068676578
-7190.387861301651	0.0038051511145254916	0.02167405095367032	8.633600265241748	4.737697299572616	286837.9230387169
-7190.160761110165	0.004373668351788843	0.025008675864354308	9.895408460545166	4.066146514134582	247458.28899116014
-7189.625800402322	0.00359248178580492	0.02065024949743501	6.244352203705052	4.9587145931433545	300933.97227192455
-7189.835226122667	0.0036123720740322846	0.020626903092115276	9.916930402465278	4.943705785315312	300410.00274495926
-7189.751050052406	0.003633566662356682	0.020816045593490314	8.892297467332932	4.916985032437557	298356.14060800034
-7189.666162299005	0.0036152923049116077	0.020708636328392996	9.877962742065115	4.936042106163687	299698.312233178
-7189.704933854023	0.004644275639971505	0.026712680022685953	10.0	3.8427603990783488	232946.03384955676
-7190.143393758759	0.0037280634075981057	0.02152992573026935	9.731648575805258	4.787341619229396	289757.45435513183
-7189.756837384093	0.003550185521706175	0.02050319774139558	9.207151437947571	5.0	303427.95038601005
