# /home/maycon/.conda/envs/dadi-cli/bin/dadi-cli InferDM --fs All.ei_cm.folded.downproj.fs --model no_mig --cpus 16 --output-prefix All.ei_cm.folded.downproj.no_mig --lbounds 1e-3 1e-3 0 --ubounds 2 2 10 --global-optimization --optimizations 100
# Log(likelihood)	nu1	nu2	T	theta
-15690.54050955629	0.0754015723139337	0.13880246554240486	0.16184868474802222	30451.646533410792
-15690.540622395845	0.07540565194050211	0.1388145247661519	0.16187016630984366	30451.393765463697
-15690.54050771576	0.07540048318582719	0.13879648073288886	0.16184681855505556	30452.04659438566
-15690.591717958036	0.07501278678087267	0.13797149058841104	0.16084361800554794	30498.494187673088
-15690.544784087706	0.07557990991251169	0.1393985923903666	0.1623612053207392	30418.71530668825
-15690.54050692106	0.0754000329626667	0.13879876834389077	0.1618473014750874	30451.96439163868
-15690.540500642139	0.07540432979637558	0.13880593746784542	0.16185555459372528	30451.455467303225
-15701.334639536495	0.07087885366539158	0.13072062205949378	0.15170241256896153	30967.00487103316
-15690.540502250928	0.07540182083363431	0.13880143990550442	0.16184951831973843	30451.722200622837
-15690.584963595513	0.07504345664900965	0.13797938616560615	0.16091061755494498	30497.92648271873
-15690.560810802897	0.07577932840120917	0.13956736742783146	0.162789936452192	30407.256972945772
-15690.540500842884	0.07540400542355247	0.13880417800197217	0.16185424847558122	30451.54235134363
-15690.495962274488	0.07532115630928521	0.1387380865193683	0.16180516125097624	30461.261781181587
-15690.536975037256	0.07554800796325475	0.13933558224401502	0.16229212975020485	30422.77746358432
-15690.61778369417	0.07590701962748578	0.13981540780720034	0.16306557476205946	30391.233728195682
-15690.510615374	0.07548345373250974	0.13916494989436173	0.16215457524948831	30433.79249904884
-15690.540502613174	0.07540592794929503	0.13880737363156767	0.16185897053978338	30451.357684863757
-15690.540502463124	0.0754021763682905	0.13880029647799322	0.1618494809840632	30451.759589078665
-15690.540500329225	0.07540395584668626	0.13880471576605505	0.1618540274606157	30451.504085469944
-15690.499304896184	0.07546583427011883	0.13894058960598504	0.1621163501865408	30447.92219085508
-15690.51767017677	0.07539620299217943	0.1386544105052796	0.16166648441250075	30453.87564641407
-15690.499973627802	0.07528211100618366	0.13871640009072964	0.16172126841001844	30462.791989823254
-15690.5204988201	0.07544219626281323	0.1387762372416307	0.16176415774764272	30445.982253339793
-15690.540498964394	0.07540334051465347	0.13880383370153357	0.1618530123163475	30451.574733175396
-15690.54050326706	0.07540158841048171	0.13879926469922413	0.1618479319637609	30451.81517649684
-15690.553115124603	0.07524675519750568	0.13854265563392215	0.1613501838077894	30461.7143075232
-15690.49292107165	0.07545238603897579	0.13897827554947456	0.1620874657792251	30445.61772431615
-15690.518495515314	0.07538022273134111	0.1386549024139438	0.16163210726050595	30453.909042628973
-15690.540501297948	0.07540216161012246	0.13880177986492107	0.16185117757736106	30451.737465789265
-15690.585959874306	0.07500752553017265	0.13810256235741844	0.16113132986449244	30502.638390483837
-15690.573443480258	0.07581234124922459	0.139615697660573	0.16286081194745153	30404.08170507404
-15690.540499480496	0.07540376550426996	0.13880487636076944	0.16185451657770117	30451.53169816753
-15690.540500141075	0.07540505972200812	0.1388058074623707	0.1618562427439619	30451.42435831856
-15690.540500597239	0.07540497055593923	0.1388051838719309	0.161856450158898	30451.48029680116
-15690.542804694449	0.07516876320599356	0.13864133676030718	0.16147804410851108	30468.000159805906
-15690.497861127285	0.07535815525861767	0.13889384284296666	0.16188498728347137	30451.328640801607
-15690.54049928059	0.0754025752826651	0.13880273007815397	0.16185217528866935	30451.680482386102
-15690.540503023474	0.07540176149740314	0.13880208734036353	0.1618500481383627	30451.70878452786
-15690.565679525858	0.07502370546195074	0.13826796703145547	0.16116656306912547	30492.137241732824
-15690.517658493642	0.07539786383167929	0.13866133711725792	0.16166998387386627	30453.430467858176
-15690.49364463647	0.07542396263897538	0.13897916576364616	0.16202712091759472	30445.717111123362
-15690.491695878773	0.07540647853862731	0.1389122223177774	0.16198836019047075	30449.946109480657
-15690.517127774378	0.07551115886567016	0.1392242407243379	0.16221635458559497	30430.049751919785
-15690.540499281948	0.07540374020525395	0.1388047098140869	0.16185391771873453	30451.51990433036
-15690.685150491814	0.07602882939474581	0.13995093487122715	0.16332558348807666	30382.126573405923
-15690.54050008559	0.07540299206452747	0.1388017032015098	0.1618511970829911	30451.66623839606
-15690.540510797604	0.07540847503768282	0.13881212954035843	0.16186438480836599	30451.04565525452
-15690.967813391768	0.07448735407374438	0.13690475169154653	0.15971626317471851	30568.208510964443
-15690.540531982606	0.07539829855407831	0.13879921297404416	0.1618429633652905	30451.918761376382
-15690.54050948359	0.07540137704695614	0.13879740373246324	0.16184895801854407	30451.99378064411
-15690.540501117363	0.0754040982657644	0.13880579775314728	0.1618546208967327	30451.447317699003
-15690.49806782209	0.07551808239323364	0.13911157936681992	0.16222904342373057	30436.983821720984
-15691.352087495017	0.07665822504624298	0.1413735537830121	0.16467953426389886	30290.970411345672
-15690.540525285223	0.07540636585423315	0.13880491782787927	0.16185465212596897	30451.294034921975
-15690.540498847418	0.07540441338227623	0.13880507801620262	0.16185551881775898	30451.50025019498
-15690.518836381516	0.07534886065813687	0.13858102140578435	0.16156506137155358	30458.698089450747
-15690.540501329262	0.07540318396808281	0.13880405125054393	0.1618523655015409	30451.54898422743
-15690.540643127031	0.07542019891290482	0.1388349706587335	0.16188909288273434	30449.541100485232
-15690.496338608267	0.0753561201488606	0.1388770748996847	0.16187969838553126	30452.353097166688
-15690.498539247623	0.07543556194549447	0.138884024936993	0.1620504973718125	30451.574222671155
-15690.528318380415	0.07525023758465003	0.13839962545768308	0.16135313091780193	30470.516132124376
-15690.518795407046	0.07544415446972756	0.1387382835054801	0.16176865300325993	30448.36947594649
-15690.51172506799	0.07552636787341648	0.13900968794761648	0.1622456731351033	30443.28550744757
-15690.524174215465	0.07548694119769424	0.1392132639685485	0.1621631401226749	30430.795679093037
-15690.50868273058	0.07558991921316896	0.1392444104555659	0.16238283573972825	30428.31723772695
-15690.593809617612	0.0749624007814699	0.138085851194782	0.16103520846430983	30503.90700430129
-15690.714774687518	0.07476873792490817	0.13769037376906654	0.16062345550129759	30529.89760363781
-15690.540513886484	0.07540406716372312	0.1388005208438851	0.16185367398269496	30451.742756758547
-15690.540501952846	0.07540249961510934	0.13880279170848878	0.16185289081282248	30451.71300058529
-15690.540512939418	0.07540525647817603	0.1388042669067001	0.16185382157959827	30451.40346413223
-15690.517228568186	0.0752264760020593	0.13850574008589447	0.16160090175503386	30476.255491991575
-15690.540498959263	0.07540418943863893	0.13880483284645584	0.16185486085107628	30451.50934687565
-15690.540523312427	0.07539709246877287	0.13879096528677423	0.1618382483129094	30452.354775342003
-15690.540549673708	0.07539388870121637	0.13878573971834413	0.1618333033001053	30452.77639073649
-15690.610102019647	0.07497115300692214	0.13796086322325235	0.1607541525938818	30499.319789788617
