# /home/maycon/.conda/envs/dadi-cli/bin/dadi-cli InferDM --fs All.cc_cm.folded.downproj.fs --model no_mig --cpus 32 --output-prefix All.cc_cm.folded.downproj.no_mig --lbounds 1e-3 1e-3 0 --ubounds 2 2 10 --global-optimization --optimizations 100
# Log(likelihood)	nu1	nu2	T	theta
-14739.048604416423	0.04204661100361386	0.11072517061214107	0.12311919677421293	30971.618058825432
-14742.77934916754	0.039914289384635364	0.10484156436333583	0.11623633659142703	31336.59101429101
-14738.88962191717	0.04132045294555181	0.10847920873531697	0.12049663355626289	31099.889775955216
-14738.971458588258	0.04148258703317212	0.10861626954287339	0.12080387642246854	31086.84291672051
-14738.966814808584	0.04198629948105867	0.11064243779750219	0.12277442885482563	30965.192779820616
-14738.749974764976	0.04161894593629392	0.10963830721677534	0.12169982610095088	31033.621405030233
-14738.804375564285	0.041842403056334215	0.11000388306940727	0.12218609273692502	31003.621884386102
-14738.731791031987	0.04158194587678486	0.1093590777097822	0.12142613763358508	31046.296336826977
-14738.801244778344	0.04175891035161353	0.10976456984814052	0.12211037413201127	31030.67326870916
-14738.73867016371	0.041625623061569084	0.109554385381504	0.12172006831491095	31041.655587841113
-14738.730482075474	0.041630986663831165	0.10947430089888839	0.12156913013666996	31038.80833580309
-14738.749458571183	0.04161365651575053	0.10929075096100413	0.12151824076633862	31054.37266521559
-14738.744842981248	0.041506366114874134	0.10917383429907904	0.12120463470317558	31058.463675181738
-14738.750655841857	0.04166673359092849	0.10943371986446278	0.12167335237615204	31044.619426262147
-14739.138440999435	0.04216086543667668	0.11089549595593717	0.12328614543411803	30952.79771729949
-14738.743227403575	0.04157456780514734	0.10921613595984778	0.12140378770579086	31058.761706842473
-14738.733757495069	0.04164907504903405	0.10945085771802962	0.12162202688285309	31042.02284855914
-14738.8875016429	0.04188840918852475	0.11037891000533773	0.1224906090317282	30983.19437587098
-14738.760767133163	0.04167958963080751	0.10978941001564432	0.12187637556162009	31023.573578714026
-14739.169810196987	0.04212856800949277	0.11090886886201365	0.12335706675719073	30959.84153782297
-14738.867300512577	0.04169811057163625	0.10927096549776119	0.12159822049196584	31050.811785342903
-14738.773464982834	0.04176410223805102	0.10974743957543338	0.12195617450785444	31022.000664744846
-14738.838111149338	0.04139291105497717	0.10871741086128561	0.1207079545661975	31082.60148632348
-14738.832047267406	0.04187436317258915	0.11021270596495557	0.12244833597667035	30997.194445350244
-14738.828219564957	0.04174807232704601	0.10961304877092637	0.12174641701419735	31023.017567865758
-14738.882173086353	0.04131926273650129	0.10881248676678895	0.12065998476011805	31079.975362084846
-14738.752713502861	0.04160000046002957	0.10925906578643749	0.12147952314932782	31056.49738422151
-14738.73755372306	0.04154314615369774	0.10923611504539474	0.12131350794477865	31055.13970098538
-14738.863169204298	0.04189703665119086	0.11022422316093282	0.12234540196880864	30987.039193192482
-14738.73180881433	0.04160644357147173	0.10941181203003111	0.12149810297808636	31043.027070964028
-14739.674796193116	0.04078812696870662	0.10718267095764557	0.11894430147368841	31185.687483157944
-14738.93091301787	0.04156733201449913	0.10914241205396473	0.12105026533446303	31044.096693765565
-14739.41852405147	0.04232928469449912	0.11138989116763619	0.12377720678323939	30918.396404805775
-14738.867228985362	0.04192344152772278	0.11027104226609331	0.12259056401681441	30994.760165650787
-14738.75038336479	0.04168084221934482	0.10964845812123254	0.12188166741758097	31036.472895668627
-14738.760471489602	0.0416274541889341	0.10953903854744416	0.1215610835591139	31032.889563477223
-14738.823696533831	0.04185429748589187	0.11018959006961276	0.12238996484364936	30998.10761179555
-14739.823978748067	0.04247953255560621	0.11168493754676972	0.1243875930695791	30911.027400889616
-14738.753877282557	0.0416849341502126	0.10967618986272429	0.12172730002631647	31023.84269469122
-14739.433449421444	0.04096116078391392	0.10746435675474603	0.11928572663562173	31160.129028895655
-14738.857152544393	0.04137047246547937	0.1086272655590179	0.12064397408466648	31089.54311012922
-14738.728967790265	0.04160999801718457	0.10939074512934717	0.12150714816406877	31045.06473774056
-14738.738172247387	0.04152087292582461	0.1091672023251825	0.12124754817456612	31059.982928314188
-14738.743572058062	0.041703116628718354	0.10965265608440886	0.12178025658595709	31027.04712120499
-14738.729576539312	0.0415877220893459	0.1093215340386703	0.12144293196087276	31050.043306074665
-14738.732485467415	0.04165593986260735	0.10948687893958263	0.12164201296494706	31039.171915846466
-14738.827372675802	0.04159450489472813	0.10905824749294217	0.12129519062835124	31063.825867582244
-14738.762973513409	0.041489234711758756	0.10918653736405576	0.12115545671090772	31056.32044256163
-14738.85804600581	0.041806017694559154	0.11022768080477645	0.12224648721277405	30991.690376098588
-14739.012463257275	0.042053176790441515	0.11074821695933112	0.12297070294974877	30959.681382222567
-14738.731708282265	0.04160967021573704	0.10943221811908509	0.12150717517086572	31041.35136360601
-14738.741431039627	0.041644830355511246	0.10950513160339406	0.12161132706922671	31036.968224851644
-14738.7938042951	0.04165961990832233	0.109438409346327	0.1214861852820335	31033.35192015884
-14741.236021055227	0.04298093219903147	0.11315376932659674	0.1258566491574326	30809.767250588906
-14738.752250805574	0.04157826766309078	0.10939638293053475	0.12158277611769726	31053.18353304726
-14738.733892788816	0.041597768977625384	0.10930539180116644	0.12147199300384207	31052.095862627433
-14738.829596116031	0.041343662346554816	0.10874058645846575	0.12073150994268039	31088.061256325225
-14742.943910180338	0.0433462087203833	0.11442689947292516	0.12727205119967913	30739.012437871745
-14738.74241243833	0.04158160622296955	0.10944063389146753	0.12159183348609734	31049.329637294537
-14738.729821168425	0.041607472999170544	0.10935630990570797	0.12150036020273987	31048.068368488635
-14738.7595262417	0.04153548420854388	0.10909414113207463	0.12129091465886739	31067.553317749203
-14738.788541695776	0.041401468972749926	0.10891699394211507	0.12089873525155126	31075.43325542744
-14739.208912508493	0.042130151151505084	0.11116512833996986	0.12336289790366753	30937.198140190936
-14738.80222914197	0.04147608617034228	0.10893285241549955	0.12095102438823956	31068.103707185663
-14738.741942004388	0.04155398693143812	0.10929043193510653	0.12134573649955809	31050.90799291984
-14738.85257730238	0.0418812384129734	0.1103240027901061	0.12246745356316056	30987.551445876226
-14738.96451920907	0.04196533862341835	0.11056028128911569	0.12288149457429415	30981.649889880646
-14739.544573543117	0.042366010354931406	0.11149955820171466	0.12405453662741979	30921.019528639306
-14738.800863861066	0.0416077402468308	0.1096459742892404	0.12167231495109969	31032.601773537215
-14738.834405938967	0.041871840511845185	0.11024585058377637	0.12244084414885992	30994.063756963733
-14738.732123181022	0.041628581335357656	0.10948392905884023	0.12156173978714262	31037.769270901146
-14739.067763179606	0.04115085555399155	0.10800859675141339	0.12000229688250143	31132.500514111114
-14739.372857109987	0.04098950817631352	0.10809641446646692	0.12002501918022405	31145.908236632185
-14739.096904063075	0.04212585348198382	0.11090079880815934	0.12318356527341279	30950.30042837847
-14739.143007794712	0.04108401521668009	0.10789013233769827	0.11980702575969662	31139.171406970963
