# /home/maycon/.conda/envs/dadi-cli/bin/dadi-cli InferDM --fs All.cc_lo.folded.downproj.fs --model asym_mig --cpus 32 --output-prefix All.cc_lo.folded.downproj.asym_mig --lbounds 1e-3 1e-3 0 0 0 --ubounds 2 2 10 5 5 --global-optimization --optimizations 100
# Log(likelihood)	nu1	nu2	m12	m21	T	theta
-4547.721724257757	0.04027552173086788	0.01653874536438407	0.4449041723071506	4.263436331875971	0.12619438632601113	25616.59043914049
-3561.571746532407	0.0735932809750169	0.033229360221649955	0.1772971967983481	2.262159194295737	0.29629418944665786	22026.516654600786
-3307.6585901757167	0.05320823523583237	0.0158196355575202	0.23014380589651975	4.95	0.25659593484366083	33326.504757370385
-3482.5837076465887	0.08645901875356232	0.03448591203707507	0.130972210920497	2.214300384135704	0.36835240201459557	21562.63896370541
-3316.075696422506	0.06487388661099802	0.02134192762131488	0.18930607033436345	3.6635690253684805	0.30264605843389547	28167.63534167428
-3315.1498373451263	0.053452925316106806	0.015813078154300483	0.22651967455335645	4.95	0.25604862891061264	33213.254431439935
-3314.8264221999084	0.053494789208613926	0.015817982121272736	0.22633208196422544	4.95	0.25599761263862597	33195.55553837144
-3667.2196639700196	0.07725494626305204	0.039765562924670705	0.16340799496018718	1.6111929882012648	4.888164332338342	26181.4886357714
-3667.204582177852	0.052790554811527085	0.027234723190765742	0.23941182729490829	2.3536250983037394	3.2925822473289177	38265.766769732356
-3328.741681866647	0.05536574336166233	0.01700836467732179	0.21843881084256167	4.607236983943581	0.2649598410365277	31989.76129756992
-3273.108770826157	0.05114848332782115	0.01556783587242685	0.24819028500316762	4.95	0.26985907698381867	34979.94737748689
-6196.296797271281	0.005547257174708704	0.008410274932768379	7.997092011414899	4.95	0.4934810177656046	201291.51487062173
-4179.458444946824	0.016644440958987917	0.01427174818451561	0.9122785875825347	4.95	1.4621699553701581	93113.59938927366
-3667.422947257174	0.029442014929907685	0.01513706805965637	0.4273730096715856	4.240341490748214	1.6336602772546271	68703.92574503922
-3667.332078618727	0.03407598566850958	0.017569075431186718	0.3707621045059363	3.6490350861426615	4.6479469170394365	59323.39628460818
-3310.391818421939	0.05396093532697414	0.016061716807453726	0.22450007128069754	4.923222012317621	0.2577612828706054	33042.97786093479
-3667.98124003718	0.03156219801044337	0.016283044749861263	0.4001657023143298	3.9367966607338905	4.4129081775844226	64020.35170255676
-3669.261727952688	0.02500277648866782	0.012899369816548944	0.5053230086058292	4.95	4.95	80662.94914390745
-3670.2571915238223	0.02487502988787728	0.012827761150609114	0.5086560141344456	4.95	4.843360441474916	80885.31664612313
-3665.1389857880827	0.030686014603683802	0.015812579690171368	0.41264758591557443	4.054602933456732	2.690108095806218	65903.36505242481
-3669.849586567575	0.024969997223307276	0.01286713706698939	0.5058655997122491	4.95	4.414004662313073	80729.35324936929
-3668.058018536314	0.025209151340936913	0.012978466292394157	0.5000887149047061	4.940848840887775	1.8186022667735384	80247.4366935272
-3668.3181949793193	0.026945485846857433	0.013919169352614865	0.4687897717328152	4.608637946152406	4.95	74956.59574280297
-3736.1552252927613	0.23021505584371663	0.12962851245214813	0.056048739179343214	0.4999258075717919	3.896397505424608	8717.569101014311
-3668.079599300504	0.029767716730423135	0.015353197254793666	0.42417889902963896	4.174879117634843	4.729283540049029	67887.39253751391
