# /home/maycon/.conda/envs/dadi-cli/bin/dadi-cli InferDM --fs All.cc_lo.folded.downproj.fs --model sec_contact_asym_mig --cpus 32 --output-prefix All.cc_lo.folded.downproj.sec_contact_asym_mig --lbounds 1e-3 1e-3 0 0 0 0 --ubounds 2 2 5 5 10 10 --global-optimization --optimizations 100
# Log(likelihood)	nu1	nu2	m12	m21	T1	T2	theta
-2138.9304613730546	0.3898314126117869	0.04799691101957292	0.10325949810269343	2.7282031825322397	2.333741936460764	0.041662987125388774	5835.021704429039
-2148.4513967059515	0.23508688439593542	0.028310159740869496	0.17078622700723958	4.532978456468413	1.074605624300278	0.02548123531331189	9454.27039494366
-2141.550081979122	0.2788886193251863	0.03924525697950158	0.14143751812345945	3.4140933009902645	1.4038173452913707	0.03186838152154088	8071.967928739403
-2152.5652910274694	0.2578154983522669	0.04953988603500989	0.14480567018210191	2.8319352935760813	1.2288432230608954	0.034665020375082574	8620.21703698558
-2153.4864303311415	0.22144050939108495	0.027425787867907073	0.18731508292599047	4.729927942418956	0.968470283870108	0.02390243781245174	9968.885024775676
-2147.7865169906204	0.2379199135658172	0.030302239954051312	0.16980175632402725	4.290208235751179	1.097277176828299	0.026366853825161504	9335.370182742821
-2140.0052021369825	0.31979167313468754	0.04962027510435194	0.12057239732041101	2.7500400468100366	1.7283791981643177	0.038217668469644264	7071.060083164575
-2139.330267654979	0.3756651373811227	0.04529837885212465	0.10757977501615074	2.850158480469791	2.223891679151385	0.04022613250577551	6044.386923327891
-2142.5427005457145	0.3198412054181307	0.032265695177762024	0.1302044279127418	3.919423159269134	1.7694761082214392	0.03110578841170923	7089.02580685812
-2144.578715986398	0.31813193495568454	0.0244613804219827	0.14021234602008284	4.9608761589875545	1.7816797834173488	0.026713708688133258	7130.727302258737
-2144.2170333691706	0.29846676966602237	0.026899158794365583	0.14401771936043206	4.60000810339596	1.6017173490235532	0.027439011787793167	7583.366892311685
-2154.893700176892	0.21692344662896257	0.026991408373258734	0.19094996100197328	4.869516369392801	0.9385323523802633	0.023298588581349575	10136.086840582873
-2142.5849222236075	0.40593085818219216	0.036679553174780534	0.10626736791199994	3.383936588158061	2.5146632540005847	0.03726722411582942	5605.142712267419
-2149.6741660712937	0.23123523386430558	0.025804942449546533	0.1761981863200861	4.966138671929422	1.0489441733126827	0.02392700627125478	9603.857716327359
-2148.506074515094	0.23356610605021397	0.03137143280929413	0.16933009101709456	4.241301770236476	1.0484636996111274	0.025926068669476318	9521.757659481857
-2148.347182106758	0.23854547353758532	0.02568580383564918	0.17371064482208462	4.999117128864322	1.105693927807229	0.023837721081067995	9345.512013683987
-2144.671997681449	0.3106078812829516	0.024460447960315122	0.14375343301155308	4.961977309054216	1.7180061173521328	0.026515822200737376	7294.827122700959
-2140.28883668332	0.3158021826397577	0.048516507641729045	0.12226562395526504	2.7662247331041927	1.7169863999043737	0.03834391066020733	7123.154986430783
-2142.480496199037	0.40245190798041347	0.03690589964689344	0.1062031486168273	3.368996983705634	2.4846586005125526	0.037295812227642944	5651.349273019713
-2139.117129963128	0.32900751735098616	0.04767822511415701	0.11932328943764627	2.8206192082834103	1.8141368350356166	0.03814307209157805	6876.917795977177
-2143.438761951276	0.4349724122904075	0.036115329009102116	0.0989717895992878	3.367492291514944	2.781086679393144	0.03871690156740317	5229.882011840676
-2140.518922939226	0.31087495667607673	0.048926067724394576	0.12505266432161413	2.802198297278159	1.6543071492947607	0.03718485929994	7266.125271675498
-2144.579389907361	0.2816600924902093	0.027092848173951807	0.15082075583296972	4.667123559595492	1.4526115049370354	0.02644455975961673	8024.136607912526
-2146.2405844056316	0.3461868616437989	0.032566158597874026	0.11536028656498151	3.8283188113265085	1.9994639112652963	0.033187960895022184	6562.561444550539
-2143.169683930052	0.4521868095722216	0.03774416178380406	0.09739061049456396	3.261466272435221	2.9270931850270836	0.039522819868829114	5032.020559145372
-2147.2949405658746	0.24838131809244396	0.02562716732813151	0.17145004127267427	4.973284088070048	1.1779472726378772	0.024251376985906667	9029.670770189376
-2144.6428387588044	0.2804788903659861	0.04301505566725579	0.13451563711502396	3.0091780977729248	1.4264355265972777	0.035789796103291055	7986.020586163763
-2145.7803153737027	0.24911792936467894	0.0296302109938314	0.16136973828238427	4.383004050804954	1.1839250129173988	0.026458451145482374	8970.911641832841
-2147.0019044157734	0.24787795468579102	0.026244318158841616	0.16993597830028348	4.883970187512323	1.176199213028402	0.024461255162647043	9034.319547643547
-2140.397638569268	0.33735420907622393	0.03895107794100209	0.12153502081908236	3.319352032611577	1.9047045753894176	0.03505624035798094	6722.440640381322
-2143.8810227975187	0.4061066267106729	0.02696311800937301	0.11371121796040952	4.389966694930754	2.5609153197030885	0.031601440146553285	5599.568941809273
-2144.018116421842	0.38090430708074935	0.02588638170827713	0.12072371945644035	4.586278916081067	2.3369228164434332	0.030028900458081483	5969.61598525517
-2148.695776618667	0.270857140605394	0.027064048642693735	0.1649067356308728	4.875961871232831	1.3535532161807775	0.024436343799961725	8341.346077576067
-2143.702479192495	0.2597908804861508	0.03350432648505053	0.15389411673611225	3.923970299015181	1.260804349663645	0.028621813005128467	8627.826550559796
-2143.6409177307323	0.2641803287617534	0.03320415533614985	0.15277429300995615	3.8943518952252516	1.2952908176465674	0.029064078676098237	8501.185004232542
-2143.6586360138895	0.40174712308741406	0.03159529481904295	0.11053362042031192	3.8448129343036612	2.4972245842224114	0.034250366778611326	5663.343866136195
-2162.406037065325	0.20151442173380138	0.027398088127825047	0.19232800378833165	4.783872184144287	0.8317904772162598	0.023490193390620365	10745.08279979817
-2143.8493964164663	0.42853222898098486	0.03078929533475519	0.10597570841860919	3.8909947907927775	2.744036114427624	0.03482161275428207	5309.06990480764
-2143.0321088900414	0.5008929785967432	0.028622498739054217	0.09651200125349386	4.054332634532163	3.4148664104992354	0.03560713571017482	4541.230636027716
-2143.993995580648	0.4726164895861365	0.032863181832135456	0.09860121631854024	3.664649223272112	3.1331647534580944	0.037070349672276265	4813.702889260487
-2143.7269690502903	0.5344375273341978	0.03668339883407277	0.08558460423417574	3.244868789987901	3.67394362357702	0.042380040352674	4259.775350639306
-2139.6039419733834	0.316845907179214	0.0425747158413834	0.12587793308297726	3.122589672630531	1.7177868206480873	0.03535321415225502	7142.71406274623
-2140.357332328788	0.5147441985872803	0.023018060275187126	0.10069313040770392	4.903320200841711	3.5753731302212888	0.03148909072747429	4420.090151136121
-2140.4170967243363	0.38045022653594146	0.042501637745956236	0.10812587133602604	3.0563979916385664	2.2617736325848563	0.038383309428880845	5984.696222189465
-2142.8850792663598	0.42800186584221817	0.023843955323627312	0.1135816575183886	4.8565263042748406	2.7771625197265406	0.029948686773549272	5312.827897336638
-2143.9165768678968	0.37259677341666636	0.023986894788266554	0.12557007716655225	4.939033775750078	2.273433813592455	0.0283052011379555	6098.523219882585
-2142.7480526810705	0.48802322230833456	0.026898046001637352	0.09998243139503063	4.333184059303898	3.3036861540554745	0.033569471291017665	4662.321843310417
-2141.6380487154443	0.4640753343155317	0.022899876678671924	0.10832192272316984	4.995785191438638	3.126671437701809	0.030228520408467238	4890.032539959479
-2143.2027197545976	0.4083900917044948	0.023486137458183013	0.11722669920822922	4.967931662034218	2.59925699385517	0.02912507734282267	5568.711226312064
-2153.8213547243104	0.23043277829917802	0.03581627655938317	0.17844443945278685	3.833895922329247	1.0181698072926872	0.027096783670341854	9615.270581626955
-2153.795863982131	0.23720425408032197	0.027390405949358862	0.1623965098646712	4.823545407448984	1.1142236444852551	0.02428027284980594	9321.958843806784
-2146.0238456546526	0.26081288393956137	0.025001996684708667	0.16105790052165467	4.9947595894116015	1.2848026513258852	0.024903180253478003	8627.632002635177
-2146.4300229095193	0.25485740564435355	0.025141720886630855	0.16627084459895272	5.0	1.2360340008277537	0.024538911914040985	8810.892756298499
-2144.264513859336	0.3525125468132476	0.02456562226938163	0.1288264619343249	4.855954013340228	2.085856324197081	0.028201917663469238	6448.857705620635
-2143.2413615704486	0.4836158526742306	0.02652013817451144	0.1004083801919974	4.29199939268063	3.2778656846907235	0.03426625755956352	4699.018110250471
-2140.8007801956533	0.4741578921019955	0.04874446225713187	0.08828227250230287	2.605018652580984	3.08066173264157	0.04633818478846263	4802.078978535874
-2143.5053926229743	0.44931179868414706	0.03618045573089401	0.09777119325114896	3.331463634872713	2.9149913420006226	0.039509670163891855	5059.334898419019
-2143.33600208408	0.3789821612157749	0.03217138042253749	0.11468804524411981	3.8195560720747395	2.2913498094966416	0.033715765857240114	6000.782788901692
-2142.963128148338	0.4240402071885399	0.023439130240705434	0.11498435744738145	4.999566106107273	2.7420724385970696	0.029095515981544737	5362.06651482553
-2142.8388266223014	0.427217860729085	0.023439983758243327	0.11342613704831615	4.961671487643999	2.777431751791061	0.02951323145327565	5317.607615111237
-2141.133279080078	0.4833877225324841	0.022944897775825864	0.10560056740910827	4.9567160322128645	3.292305924993815	0.030655675069877056	4703.050923761315
-2147.781802903741	0.24229790839825122	0.02581818483188342	0.16838452268317441	4.930522379895247	1.134603429473947	0.024444134604268353	9218.385404557266
-2137.1901793649313	0.6157495879416706	0.02239466711745015	0.09060166490757707	4.952191021336507	4.51869209317424	0.03278958433162644	3691.849070370665
-2141.6321964907365	0.4671707011404262	0.023074097832283525	0.10776865476445195	4.950609384530835	3.142106644461558	0.030444726596712594	4866.937638919848
-2159.867458374715	0.2463690962823506	0.02503797531480815	0.14824468235619487	4.9150059562474	1.1709039203259883	0.025546890169009413	9083.21771488425
-2925.564241346302	0.07468455829868334	0.016463813275680295	0.2596580606568773	4.908032015880639	9.932642922142508	0.6661918977389162	25839.625849785378
-2142.2556001129688	0.4813624896915583	0.02497443688649309	0.10201517155563	4.59144311510129	3.268728434962958	0.03246729056888678	4717.910011645837
-2140.891333575768	0.5315260050670358	0.02280230257845078	0.09546116153868207	4.9212874195073315	3.7114288240273567	0.03233079794565322	4296.441602170813
-2130.8590466131213	0.9008931320735922	0.021632100132030173	0.07208118502549722	4.96978997288522	7.167074421103045	0.03597280103273565	2527.4685653821384
-2144.1632333405632	0.37756902433508377	0.02326573577933208	0.12624618505178128	4.994838902818833	2.3275980017719	0.028547655990581785	6014.480113031911
-2143.887383707333	0.3716275575555547	0.023584073151712445	0.12557492385379906	4.98955704872	2.2653962781225685	0.02820853725338859	6116.805769697672
-2141.357046011643	0.4732113504366705	0.022705217578062688	0.10652162731398038	5.0	3.1956592851845564	0.030401396362834145	4808.621215184032
-2138.3638886123977	0.570131022751716	0.02232983048497106	0.09524413993433843	4.998693655821235	4.096648922029792	0.031976980872953066	3987.810956396807
-2175.2053376659073	0.18954331078458642	0.025534136570944777	0.19829658349859494	4.938524754279645	0.7651303521938108	0.023686761836264985	11234.121263854151
-2128.919979375749	1.0870120683080224	0.021938091631720957	0.06411405383284859	4.833071991823492	8.92359195450946	0.03852801765893932	2093.4847088822266
