# /home/maycon/.conda/envs/dadi-cli/bin/dadi-cli InferDM --fs All.cc_ei.folded.downproj.fs --model asym_mig --cpus 32 --output-prefix All.cc_ei.folded.downproj.asym_mig --lbounds 1e-3 1e-3 0 0 0 --ubounds 2 2 10 5 5 --global-optimization --optimizations 100
# Log(likelihood)	nu1	nu2	m12	m21	T	theta
-7413.991833454329	0.03241492945591998	0.0458208816686257	1.0525520827391381	2.401694682197348	0.6956316027696213	49345.09470231369
-7413.863400900836	0.02757129245445247	0.03910488531077218	1.2354502220901606	2.8084630071581955	0.664911929079092	58061.5162166162
-7413.865481895873	0.03368601219029687	0.04782407599043882	1.0106016375142837	2.294524281212522	0.7163056697528057	47515.08084674579
-7413.871031093206	0.023265111107670215	0.0330504321572725	1.4654614342012338	3.319835369953945	0.6159756974842172	68755.2111192576
-7413.902461977867	0.01597683471102706	0.022594363590387294	2.126946293117164	4.863016990531628	0.4971368893307608	100395.91692216203
-7413.871402277216	0.015666757834776578	0.022232790510463844	2.1713099161991916	4.941296480966047	0.49256565915006595	102217.15385929644
-7413.862761661593	0.025654434730098038	0.03643205727753842	1.328098284848713	3.01307816093726	0.6452655682136693	62364.617386992126
-7413.873334683612	0.015602533494448043	0.022142180301972264	2.1855274590369738	4.959856714856421	0.4900507924105057	102550.96632428387
-7413.873971810308	0.015602099517571926	0.022167718821406654	2.1835469530088996	4.949381058829249	0.49211825920834235	102566.98792018657
-7413.870960388872	0.01774405237236406	0.02520127172696534	1.9192224069939492	4.357905745108031	0.5300584931769794	90127.124477266
-7413.906061480823	0.022110277932556103	0.031337838063368435	1.536545874866572	3.501114440683579	0.6022933920912135	72527.1612812391
-7413.873885508368	0.03056332230470965	0.04347168036541149	1.116615163616129	2.5261485060619218	0.6931814032290056	52305.34437822202
-7413.8647169982305	0.027480466253267118	0.039017573827880014	1.238521231708919	2.8142890384539734	0.6656918325057467	58244.114996370714
-7413.875994944686	0.016004204649155737	0.022692895450411584	2.1319128827061786	4.838265741840374	0.49830934151038325	100087.27655399713
-7413.870281049215	0.02606641012070576	0.03702456684869647	1.3061187685877063	2.965883209678364	0.649899003188906	61370.65622480628
-7413.909474646094	0.019036643480532134	0.026956419112758923	1.7826210246364014	4.0760953469891295	0.5513800046684019	84142.25284531605
-7413.863892665866	0.026672186110665096	0.03794669442814787	1.2770965910771201	2.8926680219100938	0.6572058354083409	59916.92462613043
-7413.873059851395	0.01642563449524627	0.02332946584471842	2.071365361176317	4.702639896359048	0.508148422962497	97448.7009377784
-7413.87151783499	0.029718063153396743	0.04221455507627193	1.14590634929906	2.601985364437028	0.6857864617601287	53825.70141610083
-7413.882452499916	0.02362861084700933	0.033679412343802104	1.442260638411832	3.26030335546923	0.6219087429731996	67584.71834757703
-7413.868318870757	0.02833107889155691	0.040281899258813245	1.2022266835934796	2.725840676535602	0.6753049276305181	56471.44640185151
-7413.869211296392	0.028511033353427535	0.04055512143586502	1.1954513417932007	2.704577161998428	0.677882196529417	56099.62053105837
-7413.8595364769935	0.015449182707551265	0.021949509816097744	2.2050634895781185	4.99876808798098	0.488505119615917	103533.39282525677
-7413.8892194080345	0.015572394939958012	0.022187649575321322	2.1923926347277383	4.941381234123108	0.4921514808835163	102575.90707517299
-7413.864052412254	0.025745809489434775	0.036624148015353575	1.3235618970948124	2.9960875849986737	0.6476651629302382	62096.664384707765
-7413.873545089976	0.027134080702632915	0.038522370901051976	1.2544093411773072	2.849086387470026	0.6620927195690139	58979.967155062375
-7413.868332425308	0.015763306621636355	0.022350983641888925	2.161772041880628	4.914849681121918	0.4925111112212038	101525.02341896984
-7413.90243963492	0.015563218543804077	0.02216582957764938	2.1894994585291254	4.943179825161183	0.4940415442584217	102782.19187662445
-7413.865551095774	0.015669002410750626	0.02224048334328698	2.173651959064526	4.940780037851045	0.49125579156928095	102102.65457297934
-7413.884137115354	0.02884050281580056	0.04091395532203002	1.1780130590124722	2.6857387673594184	0.6769468804107599	55483.74521485122
-7413.902358209857	0.015601239937539688	0.02224416424415281	2.189388477318996	4.929165446501131	0.49212762925679865	102289.08496811
-7413.863015331792	0.01871587989910161	0.02656533434591775	1.8193821730313744	4.133366667275586	0.5471812584592283	85506.75399153764
-7413.876302753913	0.01579556371130123	0.022374986606663184	2.1554870936143957	4.907262819249008	0.4939628439804555	101431.27766624012
-7413.86800857595	0.02552114149532745	0.036314233200585314	1.3350482203433947	3.0221212662282895	0.6436461421126294	62588.37961448567
-7413.862801286769	0.015597680850803687	0.02215243283941506	2.1826742881467904	4.956370955548294	0.49126555614282846	102590.11832449106
-7413.892743313623	0.015689762745152044	0.02220208083462612	2.1672376332530026	4.950526168009824	0.4913427647791914	102184.22073538142
-7413.911303686288	0.016248941798065696	0.02315271714450944	2.1043463083863756	4.7379793200112434	0.5045658246184797	98302.81872044918
-7413.876393601471	0.0265767750066918	0.037686379797701126	1.2816204465814849	2.9110142274381285	0.6567718922895085	60283.584221742385
-7413.86021685401	0.021921898976081704	0.031144506317367888	1.554650453082495	3.5247125893052393	0.5966285759111419	72938.50224225619
-7413.860529412538	0.015566530263111094	0.022091889051821197	2.1864914507992874	4.969739990844631	0.4904718244207775	102835.90118489746
-7413.866352314893	0.015682856092854382	0.02227648027519216	2.173578373040398	4.929413689048062	0.4917525809412054	101949.57981082647
-7413.875748485332	0.025627126530619482	0.03632948366609445	1.3279831452262274	3.021525424321339	0.6444801633130189	62488.19862308174
-7413.909889081054	0.021815293272465962	0.0311397332349486	1.5631548673812856	3.5223597279041456	0.5979200054376308	73127.45734917917
-7413.942440424553	0.015550072756767477	0.02220238240690921	2.197416221917817	4.932848283199629	0.49256624807300176	102578.24081568547
-7413.864867826094	0.03011699655943018	0.042760789716490125	1.130882333496343	2.568757899817617	0.6893235509609364	53135.41236556749
-7413.88749201167	0.02339462158963735	0.03316403925553003	1.4558448423254253	3.31373355463767	0.6132221331062819	68352.52250239758
-7413.868543270372	0.015623618183866523	0.022155797957337253	2.1769969933439994	4.956540616136192	0.49145874093390557	102515.03680590363
-7413.865085084496	0.015608307162535823	0.022173219232436973	2.1823955205522543	4.945563542267591	0.4923501445222003	102519.5120084458
-7413.878092914684	0.015758778899693602	0.022314036016580056	2.1592908552770065	4.920496092363216	0.4937556378338014	101732.54619380545
-7555.806318707378	0.013511876349749721	0.02058175418387841	2.366894197411538	4.947009928799975	1.759915130622713	126486.25510415912
-7413.871648689449	0.026200763982131337	0.037213120271213145	1.3004663524367719	2.9499477884451903	0.6504191282024319	61027.85894797686
-7413.894074413951	0.030483364322012492	0.043488761053818575	1.11874582687037	2.5242861229186233	0.6946588503896807	52364.07752884384
-7413.860438826021	0.018487254385563923	0.026234149780036155	1.8418306484744456	4.184610021351814	0.5430833184167495	86557.78456229313
-7413.868087310204	0.0245575660845132	0.0349051366969096	1.388727289588076	3.1453447750150483	0.6309371499020011	65075.64880210805
-7413.868038669813	0.026008716069795153	0.03698511802130854	1.3101491550579774	2.96704515446066	0.6499126114748425	61463.91888692396
-7413.864352094455	0.03385522644219498	0.048162712173736064	1.0065651756022764	2.279155040613924	0.7165151433621552	47207.54724933565
-7413.8800664195005	0.016416708773490003	0.02326391866162324	2.0718004861873327	4.721955531285617	0.5055082388927142	97548.48827648337
-7413.881688337851	0.032645340905054394	0.04634049827127536	1.0452057169737001	2.36959651530261	0.7048854312650142	48966.00053249173
-7413.876642241085	0.020354444099475424	0.028925897020447802	1.6762620431492516	3.7945982853778313	0.5727804310398082	78517.1268006866
-7413.859312701088	0.018091501097142068	0.025692228418490167	1.8834873311069855	4.271773230784299	0.5370297022098617	88441.81734933135
-7413.865034553062	0.015783206270009505	0.022400849356848388	2.1561152485318495	4.8994441699449975	0.49553120352729807	101469.01846715363
-7413.868927873409	0.015748422596932533	0.022359714674230126	2.1623813864693693	4.910041834807735	0.4941919884615759	101634.22381650363
-7554.893616053183	0.016947168400519387	0.02585790403134383	1.8880776166071989	3.9362832765418476	1.6633712608075255	100689.8773575694
-7413.86562762582	0.017712201798086084	0.025195891678128763	1.9227900267704825	4.3536913257117105	0.5317926726895478	90275.1411999105
-7413.94994452981	0.015542201181056267	0.022158459633530362	2.202911466673028	4.951592331200356	0.4892096260449807	102605.86241137076
-7555.829803378533	0.01351351642461836	0.020597629205542794	2.368915071848691	4.940179874563739	1.8287054467918258	126410.12982143323
-7555.873766736951	0.013491391058976095	0.02057568583913723	2.3728672809992846	4.946502855402268	2.2348240529516454	126582.53357676616
-7555.834071042905	0.013533866713553184	0.02064113036664224	2.362871329961369	4.9291314642123	1.8462915036823102	126150.84770720486
-7413.867382544618	0.01575440493452331	0.022391902447681064	2.16538533500567	4.903402631968403	0.49450116212734746	101556.15517252676
-7555.7045772972015	0.013470463061462866	0.020547386590296614	2.376116072406672	4.953302389286167	1.6296295127285112	126752.03711405434
-7555.871837381602	0.019738759092652682	0.030150420027093443	1.620924315466163	3.375360701973467	2.900100645679764	86424.17789319168
-7555.878697701004	0.01338424754789352	0.02041687386318746	2.3911612591008544	4.987998889160588	2.5256623337106907	127597.20561313051
-7555.877725372158	0.013488332600212809	0.02056155999211635	2.3730627443557792	4.949863244301669	2.6825080866338538	126646.30618484171
-7413.863382320463	0.016289309376939357	0.023152481227461906	2.091413896257687	4.740100524226326	0.5049720756182884	98194.77845200742
-7555.894872807628	0.01348179435090058	0.020520480339831056	2.369694449909591	4.964547406358068	2.999616326943077	126840.65513449682
