# /home/maycon/.conda/envs/dadi-cli/bin/dadi-cli InferDM --fs All.cc_ei.folded.downproj.fs --model split_mig --cpus 32 --output-prefix All.cc_ei.folded.downproj.split_mig --lbounds 1e-3 1e-3 0 0 --ubounds 2 2 10 5 --global-optimization --optimizations 100
# Log(likelihood)	nu1	nu2	T	m	theta
-7902.902227076564	0.04376110052405048	0.09452927076984718	0.7502505218831582	0.9974133858718794	28721.92288295105
-7905.930495709679	0.04757381098592541	0.1024272435801399	0.7315100711768878	0.9139578068345817	26648.837407382387
-7903.086735766539	0.04413975940761458	0.0954986527152961	0.7364323604622898	0.9883833541114138	28408.360981240614
-7904.717103461928	0.046491495125893165	0.10026632637814842	0.7208164947573358	0.9392837757423004	27133.75042356246
-7901.970376033662	0.040111655478432394	0.0868068311580849	0.7682324580565532	1.0884799129193312	31157.527105401758
-7901.559812249257	0.026893272690373473	0.058345639932172656	0.767753511801376	1.6225981375251055	46373.36086244257
-7902.259559271241	0.04175226075939872	0.09052614903013224	0.7624046333510973	1.0437291310700683	29963.830653826884
-7901.6261510447985	0.03567376275445041	0.07717690372927596	0.7955299483762421	1.2256775876749673	35068.35078086035
-7901.855596085031	0.038520874029432564	0.08319001540538733	0.7767376704867319	1.134196823954358	32447.13789539236
-7901.65412634082	0.036228882162508615	0.0784172654196707	0.7971869839069854	1.2045376244229706	34526.619723787204
-7901.592158750251	0.0252591681090738	0.05465625362546094	0.7501078258006326	1.7308222808470992	49416.41611600994
-7901.597851211017	0.025890651828332736	0.0560082675245286	0.7603581666051201	1.6863229415470533	48255.87495358335
-7901.568357403847	0.03147561864766393	0.06819260266316819	0.7892878269313199	1.3874873700967887	39631.07081082531
-7901.628541700231	0.027726519003367266	0.05998650788642013	0.7667052631763536	1.5790293271672031	44991.48859302385
-7901.546517880775	0.023001891577006054	0.04977722506740838	0.7264039425028989	1.8998716299219667	54283.516205473075
-7902.047821855074	0.04086218090608918	0.08848261258011811	0.7683788140017868	1.068281043173996	30625.49402067642
-7901.60366715073	0.029747359668694767	0.06427157344747962	0.7918837476811675	1.4694986710802354	42104.029043699724
-7901.568263762933	0.031211916147450964	0.06755537058772809	0.7921659612854013	1.3993578191141576	40023.651642193654
-7901.96114322564	0.04026810219647488	0.08727045742525129	0.7704141763341574	1.0834865581607327	31036.94348354667
-7901.586992265316	0.030936452391887404	0.0668869534074524	0.7969270410094436	1.4136996747603696	40485.58478555952
-7901.54275705325	0.025979509521165334	0.056199578187928	0.76078841265252	1.6827493501246058	48115.19185099011
-7901.965415064454	0.040128426607944884	0.08689267380985512	0.7735181036673621	1.088045402990168	31175.55596394369
-7902.511121757102	0.042518245021255736	0.09212593163351207	0.7648287768709972	1.025813144892822	29509.57770553866
-7901.574651904892	0.023423186809613316	0.05071575929025539	0.737645402156755	1.8615180849900725	53358.21268123078
-7901.567007533982	0.028510697751032616	0.06177509822575582	0.7806310338054462	1.5309135742980098	43790.97671256456
-7901.566303076319	0.0311043203054875	0.06736940111912205	0.7916697309492479	1.404556297967402	40153.66453860273
-8023.000232273931	0.02671348868175074	0.05784021986119917	2.8836726868997204	1.5301271221619164	51611.06576623814
-7901.5424092907715	0.02535589031308484	0.054870714775758216	0.7556099584638378	1.723929720702482	49301.504142362166
-7901.799238805767	0.03879535411206678	0.08400505716205217	0.7830528918605854	1.126265080519363	32247.463232670707
-7901.5469261815015	0.02295829738333745	0.04969573403338277	0.7272320194294231	1.9028950172714685	54401.80329992658
-7901.5869506357685	0.02630524840732178	0.05701102834960448	0.7620214534820638	1.6613014109973299	47449.069781035374
-7901.697152145381	0.03622051754752552	0.07840174479560673	0.7999076693855172	1.2045305958156882	34553.649368532184
-8022.338751307249	0.028631161349232194	0.062012062699113614	2.8360905523355764	1.428278971651627	48141.20719015438
-7902.0498932534065	0.03796645999502651	0.08225738497671896	0.8137017731610002	1.1468277947680992	33091.398898247
-7902.673843483484	0.04306495416872264	0.09336085313794946	0.7508959560856896	1.0122647260224003	29083.703098407706
-7901.61048828571	0.034316551011069424	0.07441305591651119	0.7943671874228432	1.2724951536745477	36368.900328207645
-7901.827159128738	0.03912850490353906	0.0846500686742522	0.7739659871791761	1.1169702391285012	31938.17497569467
-7901.568207997539	0.02996454589011124	0.06488027926946843	0.7832792372616841	1.4581716844066168	41635.52921695035
-7901.543527841446	0.024001329413130528	0.05202867432919316	0.7409723137062538	1.8182988133718774	52003.5573917976
-7902.687841003632	0.042955009178816284	0.09308274097927738	0.7670127864058072	1.01291066703762	29230.18616541315
-7901.541273081002	0.02729157641216564	0.05909794172392473	0.7717011404328947	1.6003004394574398	45762.15191038691
-7901.923395803294	0.040008783903825965	0.08662137456312571	0.7744137088738493	1.0913023804264288	31269.276797255137
-7901.5622517934535	0.026486481680164032	0.05728936786137809	0.7622834909096713	1.6500347544856553	47141.7833682319
-7901.634765508236	0.03585808501968602	0.0775790175094601	0.7953389816754354	1.2177092636031692	34871.6096141897
-7902.676389284844	0.04323968220620407	0.09341467680831898	0.7482267384972637	1.0098067682877618	29016.541739312343
-7904.86106593502	0.046535964087462134	0.10078177709032007	0.7183365903326246	0.9339172994163978	27021.994220807075
-7901.5587869663805	0.021267568002505927	0.04604318647167852	0.7070246745043011	2.053114416041964	58778.643944291354
-7903.0987416746875	0.04407383783037888	0.09537736502150078	0.7556094999320427	0.9876872961103702	28529.881979768867
-7901.966846010227	0.04015127582822989	0.08682939257371729	0.764326330512364	1.0896932992814672	31133.31377701063
-7901.713961221669	0.03452274861422379	0.07457626910084854	0.8083936762684784	1.2641487541693084	36328.06266172289
-7901.577091315019	0.023897348524598624	0.05176633346802932	0.7363337362154941	1.8286162618109911	52211.74172440889
-7902.133930860904	0.041233070936559625	0.08920092001166632	0.7662864374587849	1.058410964150658	30369.545528818715
-7901.578537612325	0.025614429854913332	0.05546977887965497	0.7595299869399829	1.7050443446690933	48793.377322012995
-8023.616693806406	0.021836436089243936	0.04734468739574385	2.744147399972276	1.8694244505663065	63090.12197450289
-7901.617721288724	0.028791770207998797	0.06255994848093285	0.7773827225110206	1.5150442478540191	43237.55321711707
-7902.364254209025	0.041872648536871525	0.0904632378128018	0.7490364273250525	1.045877550215462	29890.341410268193
-7901.570824632942	0.01687127662574093	0.03657133597123462	0.6274145494547269	2.589058024955399	73970.79628552424
-7901.576659378884	0.02145110767768044	0.04653534585299703	0.7103783289587849	2.0309904834498504	58175.62916033413
-7901.564328281539	0.0211201447716036	0.04571961113685903	0.6983188150930351	2.069228391411006	59054.50357859546
-7902.936524726819	0.04359772165992261	0.09421920096710835	0.7357605097346247	0.9997353995929058	28715.52432072661
-7902.548275652526	0.04278257800949627	0.0926396864273755	0.7531551150872098	1.018451943126057	29275.17778359162
-8022.240979363575	0.024880002026833208	0.05400530308114573	2.5224389693977467	1.642905928816447	55340.10329227927
-7901.730866915365	0.031165848148607192	0.06758098266880457	0.7798996095353011	1.4062348016021298	39972.71167599679
-7901.642701826877	0.024332315744373462	0.05283725066630666	0.7364946220880317	1.794074950109797	51112.75145144667
-8019.487632988233	0.027130401027199196	0.05872226709232214	2.3348456654517182	1.509454589381667	50774.28468789209
-7901.845713039294	0.038996731574101245	0.08442795087988594	0.7896109688310935	1.1179120916915295	32114.272459117412
-7901.624818732627	0.0325809151364483	0.07059275374098231	0.7898995487234419	1.339131134367905	38256.63109864043
-7901.554824058285	0.02102566309827423	0.045517941188149794	0.7002444134088054	2.078487526503575	59402.454437984634
-8023.163575991222	0.01818765962776865	0.03946390237998498	2.1483275871245255	2.2448483211608834	75712.84679056618
-7901.606061279563	0.025415903195886633	0.05514828915079672	0.758617034140399	1.712850050147026	49076.41919984278
-7901.5844668327945	0.021366128897840522	0.04625183030877731	0.7036390573018628	2.0453733909662906	58417.48597588159
-8020.87597826322	0.028523100919938312	0.06198449121841554	2.5727874181162367	1.4316428271478876	48197.06870872245
-8023.37156669806	0.024250986739055933	0.05254591028479223	2.836399557155258	1.6856938644661148	56849.74662233837
-8023.871411532164	0.024211446537942674	0.0524990226755697	3.345744553184495	1.687722939587356	56929.82435603112
-8023.805613788085	0.025519997121698747	0.05524413457414253	3.39661442530439	1.6017642945120438	54052.115305234765
