# /home/maycon/.conda/envs/dadi-cli/bin/dadi-cli InferDM --fs All.cc_cm.folded.downproj.fs --model sec_contact_sym_mig --cpus 32 --output-prefix All.cc_cm.folded.downproj.sec_contact_sym_mig --lbounds 1e-3 1e-3 0 0 0 --ubounds 2 2 5 10 10 --global-optimization --optimizations 100
# Log(likelihood)	nu1	nu2	m	T1	T2	theta
-7189.732937971317	0.017161394380049794	0.09823775483649243	1.0479305588396945	4.563026265071314	4.748151611376912	63340.6108678315
-7189.8743257222795	0.011595607531139319	0.0666149552123227	1.5337145559858396	3.1571762364838776	4.036994002033656	93162.73691915952
-7189.637960153002	0.017619910028409128	0.10136978611190389	1.0109427727289668	3.320487915777083	9.895769181092147	61334.39115425905
-7180.8332198566595	0.012018427411035247	0.06902920787495945	1.5176812975551137	5.8684420461919595	2.1265905683949655	87561.0546731557
-7189.62647514649	0.013054175795267646	0.07499138022702635	1.366471764188806	4.963340128520509	6.061892363827354	82892.71343448736
-7189.658936990877	0.010518773891553949	0.06027766372930206	1.698553110954322	2.975102834063528	6.286148726629111	103053.15287394897
-7181.936954613147	0.013739064222384132	0.07890557122322316	1.3405413336324583	6.822818924898122	2.2826666975249905	75932.4443338424
-7190.178935364275	0.012181042299559009	0.06919944827280829	1.4725335806937039	4.302198981107963	5.44751253152895	89460.6165674607
-7189.789634164561	0.010648894440608112	0.061334549682119224	1.6706844745047353	3.366791814801758	6.7154926384966664	101378.26590311818
-7189.705074310946	0.015452013471629469	0.08854985912753036	1.1531584128443735	5.853683775271657	9.675498192978548	70054.63819302266
-7187.19905230991	0.01744268143276961	0.1006687862760517	1.0238467420323067	9.448062859054554	4.198388723609368	61583.59036308419
-7189.6382814579565	0.008849831180941225	0.05069006675637212	2.021254673692617	2.317981510858714	3.2316420205383873	122574.07945907851
-7180.900346487603	0.01731645651243546	0.09948406800755358	1.0494379041436963	6.030842411062926	2.950937617682541	60965.62564295215
-7189.713644018575	0.011207875368916258	0.06465722249021445	1.5850778583274026	4.39666597426191	8.867898247348966	96193.09617980862
-7189.755584553723	0.009299966098534408	0.05312565600715548	1.9242345509180057	4.7026290940321545	4.632984587969798	116792.59772157286
-7190.243453293153	0.015467840886301805	0.08790548657682132	1.1626795424517313	3.861659090365545	9.84930459416333	70536.06530975101
-7189.77854055297	0.019777093203803397	0.11343297647888062	0.8997172531725226	3.7061947895042473	7.348225368994295	54675.43279402771
-7191.997098507223	0.018590548154364728	0.10935342841507088	0.9461587592137397	4.41014230464889	5.727159645767583	57253.92395940952
-7183.035498833286	0.016150671025192194	0.09220213116962973	1.144959396132745	4.312486949779526	2.324025192618913	64491.05134014276
-7189.815702047941	0.014133151925884945	0.08203150486598348	1.2532757440677138	5.665879471415155	4.227567333624561	75930.56280045121
-7189.008986279215	0.018855382119423943	0.1079376579944084	0.9471266633769085	9.904955362230623	5.3126987785043855	57405.3093311287
-7189.802528462708	0.009842331262821495	0.05632083010379463	1.8155677367880079	5.677693440934299	9.868946431367123	110203.73399120723
-7181.590408681134	0.013624359997832038	0.07857374428379582	1.3430917965784013	9.898040464227531	2.4422511216428124	76341.14579662448
-7182.648961851203	0.011833219068128767	0.06835272359044442	1.5126954393516856	6.6350107954485	2.3551938749893324	89220.66096510785
-7189.889321895676	0.007924511152233667	0.04580546668561743	2.2436087547163845	5.663685949496049	5.313387549943026	136003.8605872462
-7189.654879562783	0.0072745662300092604	0.041832150707875757	2.449681635735079	3.301541011009455	9.893121410052927	148618.32561140493
-7189.827428525898	0.010627143386155311	0.06158534140971219	1.6662369269380775	3.436930065280084	3.22925351699046	101044.92171023354
-7180.756363054541	0.02141239259336775	0.12323382533992525	0.8498711984667406	7.505448719794881	3.4917665515799743	48929.242691105515
-7189.745704311237	0.011271062502611536	0.06478177929303529	1.5849513144694498	4.010543203631163	8.350959402096105	96059.59462051539
-7189.958981628192	0.009953691231182346	0.05736359541020122	1.79483922832441	7.398263990755054	7.322057626189689	108666.82664505806
-7189.849560807521	0.013729258350957074	0.07825107879841797	1.30600767576053	3.0424614590159664	6.412720305135679	79260.18633944874
-7183.913610417324	0.01838020718790701	0.10609538346487098	0.9726244656334019	9.920120181527512	3.830955241815896	57855.49528428128
-7189.91228301675	0.017828196057729444	0.1020628440395289	1.0028930703401624	2.737319141387847	9.257907357082912	60847.84103205396
-7188.663432892252	0.019603855636652595	0.11159520041195506	0.9183652464944765	2.871934136898165	4.361078482181742	55482.8927461819
-7189.713433072957	0.009543943752029162	0.054675049796824464	1.8677911408534698	5.6325969784912875	6.216317038241955	113459.48414942418
-7189.271095300165	0.02452870468160671	0.14006544808508184	0.7294200337929916	2.6776040530671184	5.974120340097101	44233.14612077237
-7190.826063687524	0.011388215066483581	0.06647627841070679	1.5461127243631796	4.993325352347001	4.481950745334731	93814.91247491447
-7189.841141768876	0.011000056252131879	0.06271760989307457	1.6322708471641698	3.5409422196916105	3.7218948692950757	98964.03838660658
-7189.690287453792	0.008897255507508644	0.05092607173196191	2.00664954414026	7.445207671143838	7.574734498332218	121842.49894637983
-7189.776287575399	0.015935741703046808	0.091521579927819	1.1156859527538348	3.1150959523184527	8.317124027598343	67795.46928200217
-7189.621198415006	0.013012963765117467	0.07468113129292728	1.3692655240784715	4.543858145071354	5.037217508088146	83135.02468974813
-7190.48829818399	0.013380486147527775	0.07770550166376784	1.3165352337646097	5.0304136415192815	9.902796135688815	80025.0206832879
-7190.170048042235	0.01729130680671153	0.0998053371103959	1.0306642860976785	9.51211029763787	9.907999428494398	62438.96930438819
-7189.674126250221	0.007623973294824908	0.04380092305503122	2.339213263318835	5.715591245291025	7.131345324423891	141912.51868017472
-7184.947804322345	0.01571026129448006	0.09058242615291044	1.140569924941083	9.886240610371724	3.4941553279262147	68082.57954565347
-7184.637643745555	0.01298514229881189	0.074096719504917	1.38692508267107	4.68893480420615	2.6301699851068165	82789.7597020852
-7189.67499678329	0.008296449711490876	0.0477021821104736	2.144924328792365	6.959912706615764	9.887877401451968	130225.10841295698
-7189.744169209909	0.013800719493968642	0.07952800394037815	1.2870189618264158	9.299457073798228	9.8788909928886	78144.78647440734
-7190.807496444014	0.018517374561016337	0.10504195952536147	0.9774202147675883	7.910577470341997	9.857988394193226	59153.52163257383
-7187.443992352595	0.014626619651597285	0.08432489601445549	1.2207342097354286	7.852575579958302	3.590546766159655	73521.87633674513
-7189.7240667646365	0.00937063170949899	0.05396317597530779	1.9033614721453065	9.01809856904504	9.950263962065918	115362.8599181175
-7189.807324330293	0.010484286822213683	0.060374599041413936	1.6922368515264807	7.860574094077683	8.855577126569893	102831.71860889067
-7183.174385323711	0.01674009873421422	0.09665040879870632	1.0701388463785273	9.012233593991699	3.4004531396904376	63398.30966721046
-7189.803130509114	0.009275535922119422	0.05356866760255586	1.9182901139145632	8.142652741935802	9.893845619538515	116277.59917605229
-7190.142448319744	0.00681014611099225	0.039321021119322806	2.594839520620286	4.909940064686016	9.892147931460984	157828.69564036198
-7189.814773006083	0.009241428770682765	0.05312914078969271	1.929544787700362	3.264962595631619	9.905004936302367	117037.3374364244
-7180.8012117642475	0.020972464441185733	0.1207319536358699	0.86617586204946	9.858494401603087	3.6865470868040644	50124.958829453666
-7189.68092250508	0.017006685784013514	0.09797593209289987	1.0451298088862577	8.26127993296787	9.373408799149757	63442.733259136374
-7189.820386222285	0.013680653476653178	0.07879133087491848	1.3032092704400693	9.915674072133708	7.044119580987652	78999.64920759104
-7189.760773374425	0.010596412096010603	0.06088500332288024	1.687359767554053	9.084228207190932	4.835611479087137	102232.91079596724
-7190.012489893318	0.011916177784320114	0.06801175762776443	1.499300968023969	9.340256784675152	7.27792645897149	91103.80042638433
-7189.920966293554	0.009423394066853408	0.05449624457130825	1.8790378417790368	9.272473947638966	9.899918090861323	114110.27738857907
-7189.9996433185515	0.01341648217204223	0.07772322921555698	1.319162210464632	9.902217362504665	9.66094502666499	80076.30929904834
-7190.037608917466	0.008224526340599161	0.046775874716767835	2.1861556358000667	8.062284032434915	9.894995664289283	132604.13915842935
-7189.79921529396	0.010231659721417107	0.05870832519437861	1.7410155344382763	9.679256859985433	6.229530236732506	105731.691280911
-7189.735949073146	0.008111563974353694	0.04659176292646682	2.2013508596403173	9.91511576468572	5.48643790112221	133478.81170268767
-7189.811053056231	0.007309733111940292	0.04187596924387132	2.4519137429428337	8.328863285538995	4.000531048058961	148549.2259229836
-7189.784999179825	0.010267425861076292	0.05892301480304266	1.7324560700797513	9.88299137036946	8.455144982498435	105279.14735683758
-7189.796157335201	0.008855060717786347	0.05069360512485462	2.024260926360848	9.189653092090301	4.638602031726753	122664.81895602615
-7190.353881332183	0.010741179793698674	0.06161138222623211	1.6711216171366412	9.89669447992951	7.269975569472744	101123.02496844367
-7180.81497644451	0.007281906510415938	0.041604553534375	2.5061534395191596	9.904239752610387	1.5312992776144914	145238.2973720731
-7189.819422019505	0.007875715836917216	0.04552154000784469	2.2525891750235005	9.897865482889484	4.784027297391306	136695.64284779134
-7189.772872312302	0.008570245250316869	0.049408380086300295	2.07855101206946	9.528817312846144	7.342509163786971	126004.7049061699
-7189.663915229477	0.006405371992287329	0.03689912418342754	2.7784507469588995	9.89954327590857	3.6065590256704074	168559.47569197163
-7189.726122957961	0.006839002716201731	0.03924829456232427	2.6019982667533488	8.736963358045456	8.661707790874534	158088.24476572318
