# /home/maycon/.conda/envs/dadi-cli/bin/dadi-cli InferDM --fs All.cm_lo.folded.downproj.fs --model no_mig --cpus 32 --output-prefix All.cm_lo.folded.downproj.no_mig --lbounds 1e-3 1e-3 0 --ubounds 2 2 10 --global-optimization --optimizations 100
# Log(likelihood)	nu1	nu2	T	theta
-8919.48858968173	0.06252214518205361	0.024422070769264167	0.06847819024562302	31040.076940655214
-8919.48858968173	0.06252214518205361	0.024422070769264167	0.06847819024562302	31040.076940655214
-8919.48858968173	0.06252214518205361	0.024422070769264167	0.06847819024562302	31040.076940655214
-8919.48858968173	0.06252214518205361	0.024422070769264167	0.06847819024562302	31040.076940655214
-8919.48858968173	0.06252214518205361	0.024422070769264167	0.06847819024562302	31040.076940655214
-8919.48858968173	0.06252214518205361	0.024422070769264167	0.06847819024562302	31040.076940655214
-8919.48858968173	0.06252214518205361	0.024422070769264167	0.06847819024562302	31040.076940655214
-8919.48858968173	0.06252214518205361	0.024422070769264167	0.06847819024562302	31040.076940655214
-8919.48858968173	0.06252214518205361	0.024422070769264167	0.06847819024562302	31040.076940655214
-8919.48858968173	0.06252214518205361	0.024422070769264167	0.06847819024562302	31040.076940655214
-8919.48858968173	0.06252214518205361	0.024422070769264167	0.06847819024562302	31040.076940655214
-8919.48858968173	0.06252214518205361	0.024422070769264167	0.06847819024562302	31040.076940655214
-8919.48858968173	0.06252214518205361	0.024422070769264167	0.06847819024562302	31040.076940655214
-8919.48858968173	0.06252214518205361	0.024422070769264167	0.06847819024562302	31040.076940655214
-8919.48858968173	0.06252214518205361	0.024422070769264167	0.06847819024562302	31040.076940655214
-8919.48858968173	0.06252214518205361	0.024422070769264167	0.06847819024562302	31040.076940655214
-8919.48858968173	0.06252214518205361	0.024422070769264167	0.06847819024562302	31040.076940655214
-8919.48858968173	0.06252214518205361	0.024422070769264167	0.06847819024562302	31040.076940655214
-8919.48858968173	0.06252214518205361	0.024422070769264167	0.06847819024562302	31040.076940655214
-8919.48858968173	0.06252214518205361	0.024422070769264167	0.06847819024562302	31040.076940655214
-8919.48858968173	0.06252214518205361	0.024422070769264167	0.06847819024562302	31040.076940655214
-8919.48858968173	0.06252214518205361	0.024422070769264167	0.06847819024562302	31040.076940655214
-8919.48858968173	0.06252214518205361	0.024422070769264167	0.06847819024562302	31040.076940655214
-8919.48858968173	0.06252214518205361	0.024422070769264167	0.06847819024562302	31040.076940655214
-8919.48858968173	0.06252214518205361	0.024422070769264167	0.06847819024562302	31040.076940655214
