# /home/maycon/.conda/envs/dadi-cli/bin/dadi-cli InferDM --fs All.cc_ei.folded.downproj.fs --model asym_mig --cpus 32 --output-prefix All.cc_ei.folded.downproj.asym_mig --lbounds 1e-3 1e-3 0 0 0 --ubounds 2 2 10 5 5 --global-optimization --optimizations 100
# Log(likelihood)	nu1	nu2	m12	m21	T	theta
-8073.422726701765	0.03323047045139629	0.04444794470031752	0.6214064736347309	2.157602390222253	1.985202340331351	52241.04385351294
-8082.748163395082	0.047625658112874475	0.06374487092298622	0.432251964693405	1.5016583281791407	2.9810136087273147	36536.167938099854
-8040.331758452667	0.02165579479331572	0.028662195375308414	0.9624668401361189	3.3780563970515867	1.1078306502873383	79755.46526293307
-8085.113084853568	0.01857283424534034	0.024937271174161568	1.1086766677789877	3.8325074823768435	2.4688569474025375	93665.17370516575
-8084.8001420577775	0.01706301354174724	0.022920755910524792	1.20706359114532	4.169300245379825	2.239699508117843	101918.3886169339
-8082.263342982294	0.03236548569613969	0.04343220958807051	0.636600350622721	2.202479628256379	2.532043072026162	53718.47440572724
-8077.348038009044	0.03009726219807513	0.040612971274329224	0.6869106132471838	2.353033701528339	2.6500312652615197	57583.59513736002
-8083.255909271371	0.015289057595184582	0.020563463278141042	1.3476317765215864	4.64927562170841	1.6489048235567056	113638.30249987605
-7853.449039083995	0.012673377894607197	0.019000422388917467	1.947989067510365	4.860841903794413	0.8208473319482079	125455.97261457788
-8082.6712589711005	0.027100830077634554	0.03641338202148771	0.7608597895842258	2.6242168202422738	3.0301063598831397	64158.43615290865
-8065.395115401022	0.021406638555629208	0.028510906992893197	0.9666688921582253	3.3715741512570587	1.3066728774118876	81082.19601022986
-8082.788125800922	0.01443258044967523	0.019430692420979074	1.4289152323822636	4.9166046456483	2.3277591126718633	120312.99531069357
-8090.998710770127	0.014321389180115659	0.019240149951699467	1.4379688223609832	4.95	2.5806072111886476	121263.64257939889
-8082.182513082817	0.019493803124242513	0.02618277043732095	1.0577965601729993	3.650543094784849	2.283592839656448	89226.22016848718
-8069.569802350133	0.03413391117194316	0.04556558702296082	0.6053944652654714	2.107717171054807	1.9390970639227332	50889.11742103474
-8084.467585003851	0.020217295074247934	0.0271485618943702	1.0188359504004654	3.5203435782683896	3.9683476581110195	86044.24974219402
-8086.541312663042	0.018900998963007728	0.02539143767580976	1.0888590696130251	3.763037206952143	4.645042291229991	91995.6646198167
-8085.261382853347	0.01555172920253309	0.020894284287919306	1.3243085933111163	4.57265920125818	4.95	111803.7090256897
-8084.851278426338	0.014572629400460614	0.019560797300584784	1.4131816502839125	4.886001880900546	4.95	119404.8062406745
-8101.6924944939565	0.01422278695045286	0.01911723213317445	1.4487058593542488	4.95	3.8455679470251574	121766.8824068183
-8082.738395686948	0.015005229443192412	0.020179879888110333	1.3744509583787456	4.733997469238415	4.381535767704167	115806.39318728591
-8056.992446530408	0.014514517481200709	0.019099577533859113	1.4556796329045867	4.95	4.9149310081126885	121256.09055139027
-7886.449502080524	0.011141298250023888	0.018524010174553508	2.281680156049793	4.89832438104781	4.95	135752.27293783953
-8106.657578258494	0.014239714494727124	0.01911902087671538	1.443211064680781	4.95	4.660952798412772	121690.62106880257
-7944.748859165244	0.009594775934828596	0.017053611521031898	3.00591472962974	4.95	4.95	150271.0245996382
