# /home/maycon/.conda/envs/dadi-cli/bin/dadi-cli InferDM --fs All.ei_lo.folded.downproj.fs --model asym_mig --cpus 32 --output-prefix All.ei_lo.folded.downproj.asym_mig --lbounds 1e-3 1e-3 0 0 0 --ubounds 2 2 10 5 5 --global-optimization --optimizations 100
# Log(likelihood)	nu1	nu2	m12	m21	T	theta
-3967.0466215500187	0.07626037638966639	0.020170182465908404	0.7678928109246985	2.692955816822343	0.6220504006392397	42111.98979059247
-3964.8937345430286	0.05071799300157054	0.013111884995009919	1.1522123521006582	4.184663291694759	0.5107349197313628	63170.13403007585
-3968.355949086878	0.08289277414277692	0.022103022432633915	0.7068876060351957	2.4498195074380296	0.643818191258765	38783.9255467415
-3967.240822393964	0.07738948207388473	0.020518666942109343	0.7581983438503098	2.6489448227782018	0.6232745832283088	41449.907444255696
-3965.5785960963344	0.06404849761966801	0.016722766394437934	0.9149112142427109	3.2675562713400184	0.5719867602871274	50007.79686532438
-3964.8388175716937	0.049221974545815526	0.012769077874878175	1.189008084187234	4.2899297789856865	0.5066269808813207	65077.14329368572
-3966.1183369549153	0.06955615028611052	0.01828999018578289	0.8425068065495079	2.976259137288974	0.5981525947020256	46104.627467389946
-3968.3161581203412	0.08263725072881928	0.022079703257555382	0.7102088182814186	2.450498952127397	0.6451701132110522	38885.87673631028
-3965.133789600304	0.05698538933743332	0.01484718177931496	1.0282093646224815	3.6807385298349895	0.5459026703013534	56222.082710897485
-3965.3984338170426	0.061415171726997585	0.016057668799533832	0.9529016663730391	3.4016282998705956	0.5675432230308438	52238.61992854099
-3965.365217168167	0.061118311422000866	0.015935969664105067	0.9572426999944836	3.4283692630248246	0.5633062121177826	52464.99549589983
-3966.9983262536402	0.07602766960200824	0.02011138536859726	0.770936883263398	2.7020468009969245	0.6201558469426661	42215.43667174863
-3964.711003399664	0.04286929982975432	0.011098710579041578	1.364410636115957	4.940218771610329	0.47076107424923935	74723.56653864248
-3964.719449816801	0.04276994236411847	0.011040498704752119	1.366548384721439	4.969737063108572	0.46837308622690504	74926.51557364153
-3965.630814518354	0.06472744034724186	0.016922235688692465	0.90455144777146	3.2269061149534957	0.5773161783935915	49534.05336793925
-3965.3324357188458	0.06056416396475072	0.015751328421546123	0.9672412539504509	3.4727462343870994	0.5565270661338626	52878.28543962064
-3964.7219379362286	0.04329538108128781	0.011194650239454585	1.3498832390550677	4.899436216812668	0.4725479508248963	74007.81657902081
-3964.7361006616734	0.044693982014017905	0.01157806587436012	1.3095028213734323	4.732134269125465	0.48183339679515635	71669.8711121377
-3965.3745944368097	0.0611814386331662	0.015989425866520416	0.9559651580864919	3.421575113714464	0.5641711290442581	52397.29611572899
-3965.227145178908	0.058739469865121276	0.015326642507456781	0.9962924678937358	3.5651433793071687	0.5547538166856187	54571.917586829135
-3967.83226573263	0.08025132496614228	0.021423382381270662	0.7302204297186771	2.528313034141054	0.6401311153101154	40028.55161915193
-3964.981836937232	0.05348414134187005	0.013933195332106173	1.0939831272496343	3.924204057320737	0.5307995256099275	59893.811863550574
-3964.734390068697	0.04431611372851845	0.011484963538220368	1.3204357535777687	4.7708879786251295	0.4799295784816469	72278.28981559143
-3964.719387595541	0.0431601405133324	0.011151753719701899	1.353907938225619	4.9219685814103835	0.4711841176158079	74258.96262640605
-3965.67393325422	0.06448129217035833	0.016729725431206356	0.9048434423165953	3.27690771927687	0.5694135729977882	49778.61972756096
-3965.9389168817306	0.06797787791787002	0.017801898059246604	0.8618282232241447	3.0642970178599653	0.5873908070863443	47131.64461701077
-3966.0755749683635	0.06930101368852822	0.018181390776280316	0.8448276755861126	2.999679944090533	0.5941558308576897	46274.40463180159
-3964.737735904625	0.04443609261345602	0.01152622173823465	1.3170296624054378	4.754836207308762	0.4809100470673495	72072.99608508966
-3965.26078852293	0.055809435486100706	0.014691389342006426	1.0523216872617835	3.7025041045254747	0.5523333132312279	57412.19029533192
-3970.0176762593087	0.08876397481156055	0.02400511921928278	0.6613738889504053	2.242122883718032	0.6696485817926724	36243.032898543715
-3964.7132043753095	0.042932364554390895	0.011134163422251524	1.3630190560651891	4.9208835431657345	0.4723107725362273	74592.49786277984
-3965.5695360323757	0.06402445483235046	0.01674788463902491	0.9147726251335412	3.2612180829112773	0.5747880022316125	50055.97872047086
-3971.412806323994	0.04752574508188284	0.01132245647244637	1.1986916109690433	4.96787888293202	0.4368734253471624	67653.92029232637
-3964.70247509281	0.042405341906655555	0.010974961545349753	1.3800026502878509	4.99783957348695	0.4680163978529261	75572.53212539287
-3966.3948051982243	0.0719668987785808	0.01892461859630592	0.8141574943360913	2.8803511843402294	0.6029384248577332	44564.80283329927
-3964.7030820692116	0.04229488998778762	0.010962839147438732	1.3839180437338976	4.999281544645201	0.46802498620020955	75715.1593655008
-3965.0886232561375	0.0560942740426395	0.014548211790849764	1.0426858615731935	3.7638404445251075	0.5376992208098166	57116.9968186832
-3964.966851605768	0.053283326352605326	0.013835270042129786	1.0981281345388498	3.95614995317934	0.5268481848257716	60123.26980899273
-3965.670524430842	0.06456916348689626	0.016998353784160265	0.9076103277046904	3.2072138011945435	0.5835879045776659	49644.09941797954
-3965.740418436317	0.06593347656630211	0.017269595938675244	0.8877811603202042	3.1628975683967444	0.5823964912372934	48630.95193277862
-3964.971600741737	0.05325541953754515	0.013844547617272641	1.0987247823657245	3.950363963979496	0.5284111369651417	60168.806211855655
-3965.453680823757	0.0625279581313802	0.016325288239599108	0.9364334423379241	3.349876192514117	0.5675979980145894	51254.68324157073
-3964.729695167529	0.043955107767769	0.011376356844570971	1.3301844494254464	4.8199627688465	0.4767550679526666	72876.51603027966
-3964.7675073695636	0.04589849053970921	0.011916711693190432	1.2748734755120648	4.595709894961004	0.4903918220416941	69802.28483830713
-3964.7062183245566	0.042543964545211345	0.011036145930685715	1.3762048705535437	4.96082988624722	0.47018418971622183	75244.71798316494
-3964.7245718382433	0.04315887720700569	0.011143502370446704	1.3541577318944757	4.925417646142182	0.47039052115049645	74236.31079783336
-3965.9336647883906	0.06800541729435022	0.01779812285980973	0.8606492772913917	3.0623584035073974	0.5896883372873409	47170.82262527162
-3964.809116250243	0.04796044184400307	0.012442520925412794	1.2203535571336803	4.402468165444123	0.500287757039323	66785.63194894567
-3964.7057948276993	0.042311963616510705	0.010990235575524273	1.3841218169137697	4.986118316972244	0.46954690968670476	75687.83856919025
-3965.795918563759	0.06634704777057286	0.017421959398605302	0.8833577979391527	3.1275018287643612	0.5874681140896834	48328.25130792723
-3965.1553462545817	0.057611870167823515	0.014984163340749306	1.015932409975254	3.651275484689808	0.5464436559475421	55616.07845293436
-3964.727900155316	0.043005196080290665	0.011098082538089407	1.3590969256331613	4.948117598287796	0.46891318863094406	74502.83721844877
-3964.7059604924384	0.04290899669399229	0.01112372342952114	1.3639681036636744	4.929811726488328	0.47146825626646605	74635.28822843163
-3964.745519313816	0.04463246800576655	0.011542056339189229	1.3097925121342253	4.753440001189453	0.48009999030330197	71798.23536488802
-3965.110211961525	0.056727576115277095	0.014740428824350536	1.0313132008175339	3.712542309471927	0.5425076687021575	56498.100201413545
-3968.790014077851	0.08359505575872567	0.02254105235706155	0.7027839302377534	2.390747405445977	0.662964120181411	38499.91902457489
-4060.3603010203915	0.04733913691705006	0.015749782574521545	1.2466137614804664	3.0296353226726818	2.6717307047575387	70513.34180557901
-3965.0331023735625	0.054704312753413795	0.014246021009100291	1.0704339107634098	3.8369681374530202	0.5355920487496267	58544.129521762516
-3964.7481782764326	0.045059241290100596	0.011670698537936263	1.298643952303842	4.69811658697932	0.48316445534164365	71077.74843470613
-3964.7243536922233	0.043536662487289206	0.011295351279092598	1.3450763000491162	4.850971114778934	0.4761209327776764	73568.24075180799
-3964.7141150011385	0.042771564168034744	0.011051759137355583	1.3668912445971928	4.96372266462127	0.46868151056912993	74892.94721500317
-3964.736520885962	0.043642618406770715	0.011269033647494023	1.3395518143336553	4.87334590313903	0.47253153944354065	73390.42723017446
-3964.9226147864606	0.05191130852950323	0.013493690687077238	1.1271473722642265	4.05822169007989	0.5213419254063055	61718.92611681572
-3966.2622014258664	0.07090268578344887	0.018581611777221712	0.8258278596686587	2.9324927479928427	0.5979555727568935	45238.27148476996
-3965.181187816892	0.05787236897058795	0.015092539818760771	1.0115985806648624	3.620666751035112	0.5512380159704332	55400.32838747328
-3964.711494471123	0.04280117561005338	0.011050178217635011	1.3660736637348796	4.96451928531302	0.4682628261387401	74838.02532378776
-3965.513327739177	0.06320298313367743	0.01651945829073127	0.9268546433025476	3.3134944196216005	0.5698554811124901	50701.801827200215
-3970.2306437014386	0.08781821345910587	0.023953125341623176	0.6693605025428581	2.2368216037936963	0.6876471411602415	36693.0332181349
-3965.168028519317	0.05652183966010989	0.01479565104450793	1.0389678834784803	3.6873432529740837	0.5477888673946087	56646.86978820444
-3965.0416406632016	0.05116308787121345	0.013430970034974008	1.1454859265733397	4.055698348221938	0.5288047131664297	62643.506533540414
-3966.956147329198	0.07583859117291725	0.0200042241185677	0.7727904468130974	2.7205617390288994	0.6160512310894005	42323.960394793736
-3964.7142807108557	0.04240857654534351	0.011034318629505553	1.379903406844754	4.967452250744064	0.4710333685211596	75506.47218768756
-3964.728279001463	0.04394037206171947	0.011377925343539862	1.3315594224894218	4.816059352563579	0.47709614734483197	72886.80542904515
-3964.7082952160267	0.04281478806961243	0.011086101086204501	1.367024700996711	4.9458372570429425	0.4704062962128776	74812.85718115431
-3964.874171845145	0.04449633840858345	0.011667342567129441	1.3182817880328537	4.675800324320026	0.49114082343613324	71987.63284694534
