# /home/maycon/.conda/envs/dadi-cli/bin/dadi-cli InferDM --fs All.cc_cm.folded.downproj.fs --model asym_mig --cpus 32 --output-prefix All.cc_cm.folded.downproj.asym_mig --lbounds 1e-3 1e-3 0 0 0 --ubounds 2 2 10 5 5 --global-optimization --optimizations 100
# Log(likelihood)	nu1	nu2	m12	m21	T	theta
-5370.1317729962675	0.012930153319221833	0.03396555199622905	0.40679735475181006	4.1694105896290266	0.606759715552332	126685.04611872802
-5364.22303359377	0.01721874684256064	0.04540720751116786	0.3071172274961148	3.0944391516003766	0.7126614703167965	95283.98538956826
-5359.862612899805	0.01530052411390094	0.040056465027326064	0.3480008941296876	3.5386967971342895	0.6477147435097648	106894.36193077776
-5365.226060831816	0.012172942124015092	0.03196559353545123	0.43527791816994954	4.425227253124964	0.5832410945057542	134127.6193127164
-5460.106781074699	0.013198689270377963	0.03408936689049665	0.35884015294268046	4.173024424990208	0.6154577306737807	126249.64818589445
-5361.061533240788	0.019355695684584045	0.05089716627506584	0.27478804729248013	2.776825878087503	0.7187353828600233	84472.58061225232
-5371.2366786723205	0.012913480176993368	0.03396549337851571	0.4071429112125952	4.169390950270813	0.6066842763247807	126709.21383779877
-5371.2366786723205	0.012913480176993368	0.03396549337851571	0.4071429112125952	4.169390950270813	0.6066842763247807	126709.21383779877
-5371.2366786723205	0.012913480176993368	0.03396549337851571	0.4071429112125952	4.169390950270813	0.6066842763247807	126709.21383779877
-5371.2366786723205	0.012913480176993368	0.03396549337851571	0.4071429112125952	4.169390950270813	0.6066842763247807	126709.21383779877
-5461.915721154376	0.013239210213448786	0.034091843735215115	0.35650321609805197	4.173163662972116	0.6162147478463073	126215.25581896007
-5363.299283330648	0.016364150922555137	0.04310168191864399	0.3254547221210241	3.2990281760669675	0.6647833348488649	99505.10879713013
-5540.382763973826	0.013085384269767204	0.03410008199113901	0.3369499815181256	4.174481007038596	0.6164876395203551	126213.37482080504
-5483.601876184765	0.013541168980614715	0.0341589525134309	0.3380826710670728	4.176036307059916	0.6202169338270275	125809.71167046939
-5354.281263602178	0.020047646775666637	0.05253743038429103	0.268704075254747	2.697732007892862	0.6976750694801502	80989.86090909553
-5476.332924026954	0.013344326086866755	0.03411141021266266	0.3474398789651873	4.174533332539833	0.6179669737390935	126076.53799187673
-5414.110246376303	0.01276250747365225	0.03401648779786098	0.3967588866602934	4.16868563343204	0.6088509073628818	126907.1983185691
-9313.437373067623	0.002134856171018926	0.02088866752082365	9.650884383660626	4.717391002047423	0.30478048701494953	313611.0438663096
-5841.565917760198	0.01470456064681011	0.03458029508823991	0.22734210040328298	4.1957783546287315	0.554083345627631	117082.56122912715
-5468.371936578617	0.013408734665588444	0.0341152289693962	0.34788452227624267	4.174217777407283	0.6167160878247208	125875.16018462135
-5594.477072531648	0.014490035231296276	0.03425558839636475	0.2810731090872219	4.18737296522376	0.5993612170015685	122124.5071043904
-5530.052876501435	0.008940202676128469	0.02654267493804897	0.5417488474728434	4.95	2.5052307373223623	186607.84474872524
-5519.818942422226	0.008992821903945028	0.02666441760280321	0.5432036513434075	4.95	1.7215578243397385	186173.24328123603
-5830.0918509841995	0.014440988433488114	0.03450181237574813	0.23438491122900715	4.19471786775838	0.5606507265748712	118170.51745852269
-6391.551764328099	0.0044030471395819695	0.024006828814180068	3.188217952325501	4.95	4.95	252480.83801993795
