# /home/maycon/.conda/envs/dadi-cli/bin/dadi-cli InferDM --fs All.cc_lo.folded.downproj.fs --model split_mig --cpus 32 --output-prefix All.cc_lo.folded.downproj.split_mig --lbounds 1e-3 1e-3 0 0 --ubounds 2 2 10 5 --global-optimization --optimizations 100
# Log(likelihood)	nu1	nu2	T	m	theta
-5228.570586425754	0.018098228590255522	0.019285763662691358	2.836645701940596	2.43047566321035	75521.87485810867
-5228.613635453516	0.017415509413219593	0.018530588126496397	2.403757943629541	2.528046490387611	78539.79662151453
-5228.567387757935	0.013782518737323097	0.014666940476909883	2.3870239602260006	3.1916471254249217	99197.83209399469
-5228.570424179725	0.009158448792221361	0.009761010495216254	2.4769239842590016	4.8022900264091035	149226.8661509507
-5228.850402276283	0.017634889426240592	0.018793172572965436	2.0386657555171404	2.4957481092543743	77509.9699355088
-5228.654554125353	0.013661397954782875	0.014557378404570616	1.8441757022059502	3.221673871633534	100074.00268509392
-5228.563214904322	0.01631127964668014	0.01737938143564212	4.949693232623684	2.6965380304653332	83794.89582455588
-5228.55990504763	0.014912209743500882	0.015883051548367194	4.246640394798122	2.9497019871995667	91665.5592291449
-5228.561321023984	0.008899785076838857	0.009479322135757265	1.9435008874273043	4.943474651479446	153608.8798946705
-5228.569652374388	0.01928855788515347	0.020522035238253616	6.325337225981655	2.2850447144896453	70958.11953502116
-5228.56580909229	0.008859572579965714	0.009442580716217846	3.7233255012471167	4.9683570820196765	154327.7860338059
-5228.561316870781	0.013665749353283994	0.014554696798889714	4.5276829553266325	3.218183235175297	100018.0829920786
-5228.565306215782	0.009038649286081607	0.009625151904738347	3.1131302538117778	4.869476250353047	151287.34092522625
-5228.570214502973	0.02138213353275544	0.02274311931702366	8.592461195062478	2.0594449499250937	63983.01205345597
-5228.563571582466	0.008931235568164133	0.009510505159599584	3.4017310700852734	4.927778321766089	153103.2975734339
-5228.575071221404	0.009044548802756082	0.00964436543163398	3.0678400531142254	4.857911830428895	151011.8038050481
-5228.563568998416	0.008962939085814747	0.009556358517257767	2.868607628174888	4.907292735533116	152474.89210645398
-5228.569449405559	0.009016227572562685	0.009591033027392372	5.304898202125469	4.886100809371669	151768.61545744573
-5228.569736089	0.009651164392987221	0.010271154065430234	4.57584604431319	4.5587476130276015	141674.20332013236
-5228.569167732523	0.01995191856764284	0.02122052973669844	3.596219222794794	2.207066063599601	68570.13601484698
-5228.561119714371	0.02236505934551076	0.02381290055778248	6.456617571322491	1.967592946999639	61137.10055984002
-5228.570115143535	0.009617974627483282	0.010235701319756487	5.8621594559444885	4.578464889243394	142229.32218957428
-5228.566079776108	0.014813821417530258	0.015747992250393934	3.5245052683781535	2.9741500393074163	92387.9764547711
-5228.566757538884	0.014363483165832398	0.015315461297689256	9.645310964109802	3.0611764392477476	95127.68714853989
-5228.558571852035	0.014369607250745658	0.015300412588895465	7.784362761148049	3.062351803263113	95153.35824755757
-5228.843357295804	0.015356835423511078	0.016364076787550474	1.8146262055928648	2.8640475558305134	88978.1389665415
-5228.575350710027	0.011457533953784913	0.012180567956141433	8.454382471703722	3.8427947791457324	119407.87610143564
-5228.5733001001845	0.009012603013771135	0.009590352808522377	5.684104744158847	4.888901732758559	151834.00908566566
-5228.566343500801	0.013955876985432837	0.014860584568676569	3.4771328165064648	3.1541495041932808	97990.11792008021
-5228.565007455017	0.010845119432290854	0.011541904224190406	8.535629231951201	4.057752089620925	126091.48578213621
-5228.565432632502	0.009267862950604824	0.00987548450965129	6.087838793611587	4.745890646767609	147476.0043143015
-5228.563784769875	0.009323250611890621	0.00991631693948105	2.7029984411599255	4.721146968392482	146707.44303592527
-5228.578454206578	0.01737801165469372	0.01848202635840526	7.668286573609024	2.5362608833426807	78765.10057152015
-5228.574814286864	0.013314798584677996	0.014138353073958292	9.239832086280524	3.3077481557174937	102790.75197821931
-5228.574210989646	0.01169192901938728	0.012432184148313909	3.985866979648566	3.7667997805513984	117026.99117289104
-5228.571327344558	0.022240448885089345	0.023721529726499428	3.9486591189826017	1.9777893504873874	61445.73039634753
-5228.560317161185	0.012580190303437879	0.0134013989961186	6.8940966168838225	3.496242593407553	108650.30299688492
-5228.568325357024	0.008943271219555361	0.009521756372318113	7.811767098150565	4.923700938668366	152944.20186486348
-5228.565066980089	0.008960888784784097	0.009538486313302215	5.956124446077152	4.916637887965971	152692.80378044842
-5228.565820291372	0.009267227020116606	0.009873938978559803	3.8240674665727807	4.745126700763659	147470.54203247878
-5228.567949197629	0.008935648450145588	0.009508560932205914	5.276250750101101	4.931675854243443	153152.36822779302
-5228.564296028459	0.015483131119361785	0.016477223034403573	2.6107675356592632	2.8429955910304336	88333.21508108015
-5228.560017332231	0.008977846825403575	0.009553983019767367	2.831973203808004	4.902107888870211	152325.41983587548
-5228.571077629196	0.012788220028809917	0.013600619144333487	8.53684917535759	3.442251966899958	106963.62616902059
-5228.5649974793005	0.01326569346275733	0.014099004930822827	3.744747150228361	3.3193255296809263	103142.6371626197
-5228.569126421251	0.019764361419573974	0.021036569697795347	9.872451735370301	2.226026153616471	69178.52777138595
-5228.567623646958	0.008958931535818655	0.009537562297450007	8.740797715812025	4.9110139970068705	152612.02990275956
-5228.573803739814	0.00890792426366158	0.009483177929164918	9.621875623755702	4.946110926119361	153601.4105632138
-5228.559944409046	0.00905112699945391	0.009638635470112697	1.8485309818657814	4.861978293727172	151065.13458166167
-5228.5638456362585	0.01476778706210281	0.015722374844789604	7.504638044891487	2.981476005016074	92617.98890429802
-5228.562690447972	0.00899321201261275	0.00956705625616861	9.636875546308787	4.897124851296218	152131.0331426666
-5228.567403172482	0.015309228612563406	0.01629213579835725	3.3268222852909157	2.873961803984309	89315.06325591516
-5228.565324630647	0.008835860564386795	0.009404260381652313	9.874287782015344	4.985223364220389	154840.6853083119
-5228.5698819385825	0.029825077832615347	0.03174448161982543	7.273984147208327	1.4773507109791784	45879.67734527245
-5228.565989994922	0.013074356736508022	0.01392074988496371	4.060793940365939	3.36774960759861	104614.07807846507
-5228.5710254521355	0.008899659839006258	0.009493190216682804	9.886064018035016	4.944269544266989	153580.38985579647
-5228.568523302739	0.009017754779977053	0.009602238439887766	7.109306668251951	4.87928466284981	151615.49223220506
-5228.5687280516795	0.008905997789663875	0.009470280032510714	5.762217396824563	4.948365184917458	153687.2511457012
-5228.573007175183	0.012791928056808297	0.013605751754868	3.112017484895473	3.4442221147346372	106979.90519818557
-5228.562047539865	0.011950364027760656	0.012718143117283405	4.2001238782184895	3.6860095404324347	114488.32544468225
-5228.561352781865	0.008982553124056427	0.009560233912453992	4.470618247179753	4.9005282169469275	152258.24104707252
-5228.562072850699	0.009090212822297635	0.009674819214442293	6.088115943430424	4.839624899185219	150407.61446845677
-5228.562217726911	0.015593031132590819	0.016593949885106037	10.0	2.821219375202241	87682.48981580982
-5228.565921240323	0.016267721834579293	0.017317393366189444	9.894553435758647	2.7045570563221624	84046.68747604516
-5228.563904661766	0.016139383983576346	0.017191385913348997	6.929157558794176	2.7270156725849337	84720.91577471272
-5228.573451210173	0.0144226955797361	0.015357999976764854	5.509921064328553	3.051352926361161	94806.43358609655
-5228.571231277887	0.016409321158047236	0.01748586752713613	9.565654294293738	2.6791824805452507	83271.85923193283
-5228.580364706378	0.01762773403648763	0.018800315169071588	9.960928946988494	2.4940787653081986	77505.01098490934
-5228.575271139245	0.00894442657373535	0.009526688215209798	4.631602647332146	4.9138580025377365	152761.04166014708
-5228.559330002042	0.010004821864106984	0.010645296144834063	9.817532370336203	4.40126142281512	136732.05561968588
-5228.560888633501	0.018278004250955156	0.019468944771273648	9.93709432413304	2.4089081356309476	74824.43942978432
-5228.577067845961	0.01202653047107298	0.012782262654476899	9.056265037100168	3.664857978344261	113827.82194791516
-5228.570736548475	0.008849418960171359	0.009425911373229462	7.219430439524584	4.974822002944017	154535.54940169695
-5228.570978932474	0.008942657132534908	0.009527236406377556	5.088835414162996	4.9236972836758	152930.5276100836
-5228.557998143631	0.012169842020134504	0.012955056570255538	9.907517934995282	3.6166514682503794	112370.50820565243
