# /home/maycon/.conda/envs/dadi-cli/bin/dadi-cli InferDM --fs All.cm_lo.folded.downproj.fs --model sec_contact_sym_mig --cpus 32 --output-prefix All.cm_lo.folded.downproj.sec_contact_sym_mig --lbounds 1e-3 1e-3 0 0 0 --ubounds 2 2 5 10 10 --global-optimization --optimizations 100
# Log(likelihood)	nu1	nu2	m	T1	T2	theta
-3783.348153426151	0.09733592735127847	0.01850451085455616	1.2366570635678371	0.4939258870311221	0.5796369800996596	44305.41595762693
-3785.530819393265	0.052142434568646756	0.009931933456485416	2.298923052405512	0.28541476509094055	0.4830117367481056	83075.82866650764
-3785.57280984282	0.11355247708825189	0.02160713176426047	1.0566471980164462	2.155520457026306	1.1329984935585928	38146.106779342655
-2497.3970594148086	0.1981122630994689	0.01868991939939174	1.4584234889203593	0.5403808746374554	0.050534900741500084	25920.846996176653
-3784.652614796272	0.11205360244513111	0.0212980459833077	1.0719427031439905	0.9091963894319677	0.759412002462427	38600.29660427086
-2367.304529949769	0.2795619323384849	0.025796033281170652	1.0564526518389554	0.9341322880248394	0.07194515258814763	20385.31372437076
-3785.0744414676383	0.10651300289177644	0.020254006637386236	1.1257126520931107	0.9565212159958655	0.7798644291480415	40616.82558916146
-3784.752523934717	0.07502711104844327	0.014210779797874055	1.6033139870443278	0.146080929094397	0.45224628745623396	57510.74354524492
-3785.575181841411	0.07001385695090719	0.01330956644198771	1.712955479292049	0.9899266427073945	0.7092963076477964	61918.437987048645
-3785.60508998762	0.05492094307607216	0.010471541594254388	2.182812444707757	0.942474521463233	0.6256992676084075	78822.74361561725
-3785.6133312016773	0.06832349963219665	0.013001953911511484	1.7569050646244635	1.1285721065128596	0.7244192498118818	63222.011924866114
-3785.1613655310807	0.06703292173108792	0.012703782573742137	1.7897175766881726	0.217978611424154	0.4879806815089544	64610.27321763188
-3784.438750435468	0.11284392641837053	0.02139792845402664	1.0658228452876977	0.8698421134813934	0.7347250856067039	38206.35435664151
-2507.519712945603	0.19909615613786552	0.017899723483853738	1.5164899232902538	0.5468219602823081	0.04889862303451634	25868.61724539021
-3785.6008979259786	0.06769133701852896	0.012883146585608468	1.7727405218526426	1.315334343972233	0.756294568039549	63905.70628527137
-2352.8738664568027	0.2959342494969182	0.028235055114265325	0.9817146890681241	1.0007546559316127	0.07793556229957097	19578.08970581909
-3785.417558828191	0.13695199505441455	0.026038115122072093	0.8760527180493958	1.8781124816493922	1.126952591785127	31617.29986761566
-3785.6124434290036	0.05322276167172588	0.010111659445676633	2.255212254051353	1.1084201648490035	0.6397869037855544	81385.7080163364
-3785.4548032924263	0.07139319109932062	0.013593607543133867	1.680445613065406	0.5711123469484006	0.6088330483989213	60646.78516363902
-3785.6068686811486	0.0724883341710486	0.013783495966989915	1.6543059199703496	1.8837510238075112	0.8745411750920505	59774.31492524187
-3785.486134029191	0.07884497339430771	0.015020816702245067	1.5211289463295488	0.7943414582761444	0.6890994067331877	54894.24455828903
-3785.596820348927	0.07333633891179218	0.01396465939399541	1.6336515505082938	1.5206514294718112	0.8249792944634905	59076.58122146738
-3785.616371796187	0.06310190862427914	0.01200540609371362	1.8995937043604592	2.0462438215473693	0.829958766230639	68717.80388885814
-3785.6468034224827	0.08749033982460398	0.01668362671510129	1.3670776414095425	2.101771948653042	1.004423842535014	49601.25799510149
-3785.384214802284	0.1376940982253543	0.026182006521307408	0.8714955554249295	1.8520000029179642	1.1205987051385309	31458.380231614545
-3784.8440231759405	0.10367919056061702	0.01977191371493274	1.1572598501866	0.8168272455255321	0.7230238532073486	41679.50743856736
-2488.4811154954887	0.21259488937352602	0.01825377143531783	1.4859261998929272	0.6042259349494851	0.050150198957870915	24896.233254151
-3785.6009079492046	0.06573079041192721	0.012501149409813238	1.8237073486452622	1.4495172320904866	0.7696725153434917	65947.01934860983
-3785.3003893796795	0.1102203663499674	0.02097252307651948	1.0880769783815754	1.1805946967758933	0.8643303895734239	39297.55010221216
-3785.608259739138	0.08351010630749892	0.01587956555489716	1.436833186329438	1.8681151372236435	0.9375303629283541	51895.39809783156
-3785.6520198840303	0.05068605839984326	0.009678262096891077	2.3661260549086878	2.1330949907594707	0.7318345610439286	85351.73540623095
-3785.6940620013384	0.04684711943963206	0.008932300024643488	2.5520665471855812	1.220436567592853	0.6154726195508092	92785.96709199513
-3785.4855761953895	0.07222674362505577	0.01376768798989302	1.6592001870476139	0.6343615964239767	0.6302879345359905	59971.24367334812
-3785.6187002776805	0.07245700280187416	0.013791910676551288	1.6557915114428166	2.214034248529547	0.9159561015568489	59721.412928633385
-3785.610303509436	0.05956326837281263	0.011328471777581239	2.0148062740719803	1.200319720088364	0.6912650343939505	72609.3233874357
-2536.209431505186	0.20634334359875836	0.02647522394032458	1.0918747067945347	0.5421199720152226	0.0707181500028192	25283.87973185797
-3785.5141024770555	0.06624457308644492	0.012622970111326404	1.8106313973435797	0.5592515237543473	0.5935333793048981	65366.28679624044
-3785.5857719099095	0.06351827022536312	0.012083134657927395	1.8875994624046424	0.9778678760829592	0.6773848136976311	68206.76434094323
-3785.5656832663017	0.06758660805913913	0.01287517904226395	1.7748839969203598	0.7896615772913084	0.6541168368606369	64042.178023537665
-3785.5166149002334	0.07362609138874701	0.014010399158467928	1.6282729594777423	0.7602643944811643	0.6683560090459431	58869.35572253919
-3785.6295477790186	0.06228555249819909	0.011872153423737736	1.9247604736077502	3.388719554642678	0.9429377934540022	69483.63054173403
-3785.6214159741044	0.06386121461196713	0.012127180356500093	1.8797758042282275	1.6642493146628388	0.7861342740664965	67841.2671464903
-3785.6472297135306	0.06381527792187912	0.012156646405184851	1.8814790114646691	2.099249072538863	0.8357498155740329	67686.762351744
-3785.5912401681494	0.06035698093335896	0.011471811450395114	1.9879396091315304	0.8424020211207646	0.6347150484036764	71690.61034266949
-3785.5759950180072	0.06346996692985836	0.012080446221446656	1.8886342304827857	0.7833725908809722	0.6395913845457831	68330.2967851545
-3785.6554449287673	0.0449125106849718	0.00852978434310273	2.674223788385941	2.436883197813723	0.6971576222213451	96310.02730160575
-3785.5565953266214	0.08487888807371209	0.016153270917273532	1.411342942221364	1.168834432199212	0.8045640886742094	51004.16712780626
-3782.818540937462	0.13561985869826182	0.02573771707599067	0.8859854270130091	1.0285750069498605	0.7890205526627329	31889.898869763856
-3785.60890456984	0.07024346769108296	0.013387522385898024	1.7065023714526661	1.9703880077795086	0.871476733130859	61656.806152777724
-3785.5927868666713	0.061604065905715245	0.01174165883416855	1.945079484901082	0.913532510471783	0.6558460664019394	70265.20269505796
-3785.615152368383	0.08884542567691127	0.016922733353436734	1.3501859251703747	2.431842528602095	1.0573404133378925	48781.30488082196
-3785.6050083741457	0.06176069963630142	0.011759827288061513	1.940931440674766	1.505958652487395	0.7525833763932014	70169.72359407328
-3785.6086651141763	0.11366113810934922	0.021575067365400595	1.0558095250583728	2.491854852471809	1.2025185042435957	38137.947697000396
-3785.60917547324	0.08425749155753653	0.016070087345796562	1.4245854393845523	1.1764034657673645	0.7976617656721341	51204.29410964885
-3785.5782147888444	0.08212119578380596	0.01563808565938122	1.4623991825982716	1.0399345182618334	0.757700552066083	52561.41956493303
-3785.4964569744493	0.09041177284584477	0.01723350942758311	1.3256869949861974	1.0335223753707243	0.781576595660769	47790.25676105987
-3785.6048197284504	0.07559811991078677	0.01438080867854581	1.58621804476492	2.044717186297601	0.9162923451400246	57268.23731859924
-2465.449814490198	0.2069868516606259	0.020338055548664462	1.3460409748404307	0.5787719488957148	0.05525587186850007	25203.199451019307
-3785.2150552610233	0.10991577751306647	0.020899104733442635	1.092056460168789	1.1063611974841103	0.8363864832729878	39384.8027058572
-3785.223711893301	0.12393360360336733	0.023552244364127665	0.9665586617653316	1.3493354912506155	0.941812428059037	35020.45817174461
-3785.6178119192027	0.09245077073456723	0.017605897907817643	1.2980369974744093	2.8496278837638553	1.1383317331468608	46874.100050229004
-3785.5972750923665	0.05588740586101121	0.010655058257691835	2.146203660177705	0.7539233071994451	0.5969837057722918	77399.74158690816
-3785.58358682993	0.0639898571903366	0.012185448172946983	1.8728523935520798	0.9576274810319881	0.675710180400164	67670.19629230654
-3785.61637786961	0.046309439001667715	0.008817926865468291	2.5881318691634636	1.7286982497085916	0.6577838345974115	93494.9273322594
-3785.6144782318815	0.03754623299918954	0.007149166496348251	3.1943904353589634	1.1160259071343412	0.5240923944588428	115341.37215151243
-3785.629061142461	0.055164140890169924	0.010502662188870082	2.17549049689325	2.8557536672772312	0.8321496066660241	78492.10698810888
-3785.466308314886	0.1205650620421331	0.022963585186023493	0.9944315436423826	1.6633487977706751	1.0322605613470357	35916.51266942563
-2414.3246183005976	0.24868023126324992	0.021779531778417953	1.2239682015956066	0.7889947681474017	0.06315253256977724	22240.295255178946
-3785.6186284340642	0.07430850725930338	0.014137561802536688	1.6134249734511867	3.0418033726136713	1.0224319101499528	58230.038344405075
-3785.623296904076	0.04376037486944602	0.008324196247490406	2.740130153948656	1.7713553359630227	0.637903572523284	98937.26144585364
-3785.6236972308593	0.06334199676915084	0.012059283783975867	1.8925494411509776	3.771279817742332	0.9823516567034485	68412.81975779508
-3785.691816227445	0.04246409649311743	0.008051405458064948	2.820905170814386	4.08915661434081	0.761020354987654	102169.83554912682
-3785.6517379994734	0.04862224760227574	0.00926530579574907	2.465047259108195	4.995202958417294	0.8766887694031122	89063.65872462362
-3785.629909545756	0.0539076561647373	0.010242651851946569	2.227294057052203	1.7245139115646604	0.719201419245179	80284.81704773557
-3785.686486867652	0.03697753502976737	0.007042822527581204	3.2379415632951702	3.321999779297382	0.6598014835451255	117553.09435776326
