# /home/maycon/.conda/envs/dadi-cli/bin/dadi-cli InferDM --fs All.cm_lo.folded.downproj.fs --model sec_contact_sym_mig --cpus 16 --output-prefix All.cm_lo.folded.downproj.sec_contact_sym_mig --lbounds 1e-3 1e-3 0 0 0 --ubounds 2 2 5 10 10 --global-optimization --optimizations 100
# Log(likelihood)	nu1	nu2	m	T1	T2	theta
-3785.4625308790573	0.06234156141994402	0.01185637720292375	1.9220519598529437	0.3733145966842182	0.5334912139894512	69492.58311871145
-3781.1586074556126	0.08943419496417622	0.017031612092858715	1.3499219829013436	0.19930605713712773	0.42960860175921584	47744.21660051013
-3784.6342831681386	0.11538343289932464	0.021949370589891628	1.0401438528602136	0.9629451437341613	0.7806159533493865	37464.77769122287
-2415.152115746803	0.2407601512233445	0.023643196003818485	1.227581527593836	0.7812579272183605	0.06287501584032586	22415.61905856206
-2529.111998284337	0.19862400871480237	0.017887848399152615	1.6417859126597274	0.5556864113253865	0.04489447828107067	25799.38104450197
-2516.2268062066314	0.18936027694954527	0.019181468268656254	1.4620874131369581	0.521026526397811	0.052170138018159895	26401.455798627896
-3785.6332247514074	0.03561052875519013	0.006784101881562391	3.3698512784716397	0.7944730375500902	0.4761097303846789	121767.67877114094
-2358.35130929567	0.28199862811869314	0.027587042663026473	1.0027729525674867	0.9569012780405811	0.07663325535959137	20128.89245817053
-3785.6048404558455	0.05739935792483033	0.010897361546833878	2.088618957079646	0.8312587162462423	0.6211510433742631	75553.51156860784
-3785.527935855388	0.12008525347369207	0.022933485027612336	0.9978805081470098	1.7144653342538003	1.0413697446708159	35960.46681675293
-3785.59052504585	0.058157361028635744	0.011069768492137257	2.0611477461966383	0.9454810606524373	0.6443520432571962	74470.51324280618
-3785.60443813263	0.0700336697510501	0.013353911297194378	1.7115555863276346	1.4129610787831342	0.7872442150132536	61799.60290975763
-3785.471437145051	0.09913483211360066	0.018867012281048118	1.2094300489463046	1.2228812314400934	0.8588295490666156	43699.60591830647
-3785.6021848677265	0.07601610579245811	0.014445393154284468	1.5770024811346612	1.7058184245192625	0.8701942056773283	57025.03309952539
-3785.6193946645335	0.04535844103340115	0.00863055593914673	2.644944084219189	0.7922212324953074	0.5450109094681553	95496.5909821908
-3785.585268005544	0.0638023020571899	0.012132442335605797	1.8817979815520112	0.7685749069095406	0.6331217304879315	67766.958273131
-2377.925396332646	0.2656032052610215	0.024954208743604045	1.0915120490777357	0.8291207094170093	0.06894222532154246	21440.11259269446
-3785.6420678248696	0.03996472075776422	0.007585181782061768	2.9971488136670845	0.885715618792337	0.5211648194658193	108531.3111566816
-2442.6103187763047	0.21838844099544266	0.02096661991269778	1.320943440876083	0.6319288366134364	0.0559906207607331	24354.027752845515
-3785.6149514137032	0.052920357878335676	0.010068289636710864	2.267166525885144	1.0826366515273358	0.6351139026003515	81896.62233919404
-3785.6169345048947	0.0740549609338686	0.014087563353084797	1.6190410945511466	3.174954135491928	1.0345358239430587	58497.756433120674
-2334.083495703608	0.34953846911749614	0.032860234251115096	0.8015418336696174	1.3086422545142369	0.09719679538256816	16929.753983292398
-3785.626923354105	0.06868128246891547	0.013065670448042823	1.7457294605431286	3.3493731049246036	1.0005217251684884	62997.00741955288
-3785.624116642219	0.034820913863349956	0.0066255603651960045	3.4418152769955874	1.3814905240441147	0.5224149707821428	124418.11531929647
-3785.6116070311027	0.07076891448294599	0.013467529360863506	1.694838973832279	2.1151493644918458	0.8931728683532011	61212.47513763383
-3785.6443560425964	0.06335057806582603	0.012052999310892765	1.8886121495943275	1.9193070660228775	0.8188353432556528	68439.09422635403
-2343.0291223018376	0.3084990839691072	0.030528882245764676	0.9055903288776006	1.0901873814504714	0.08614477774094688	18752.88690255069
-3785.611107134735	0.06821032711894989	0.012995792049400845	1.7587603085898336	1.7694614290661288	0.8294997192987853	63467.94700998729
-3785.6120737638403	0.09374996522003873	0.01785890884847753	1.2781907160562498	3.47770819888255	1.2268391544049457	46211.883518184506
-3785.5366066597644	0.09784887276392538	0.018588358276781545	1.2257004450074611	1.381599440731218	0.8963362380057815	44238.897686764576
-3785.6151891379013	0.07344213009554816	0.013981186439975531	1.6311664519167663	1.8967685831123882	0.8856839516726589	59090.701766951126
-3785.5910525523514	0.04124571777735017	0.007862172682337128	2.9041353857813856	0.06001793211951902	0.3994312626810586	105069.47310704278
-3785.3962409703927	0.09913384098565703	0.01884337164388443	1.210355085812626	1.069791502323259	0.8127559530245843	43713.99241359807
-2342.16537607155	0.310626550501407	0.030485146268037087	0.8946644008652662	1.117871063674677	0.08760597251272638	18554.863918448398
-3785.53039038968	0.07777989988499819	0.014826499305238397	1.540105188606803	0.8736212163949449	0.709302018572968	55669.32866355737
-3784.7193961554653	0.09009510304344953	0.0171442183897435	1.3322656902857986	0.5487246822493677	0.6161724758796668	47980.721123769115
-3784.6301926317005	0.12484347764425156	0.023700754260596913	0.9627783930072639	1.1198957415178075	0.8402437194537353	34614.30778284598
-3785.590864859647	0.05920686543346124	0.011262684711257107	2.0245366819453765	0.9558068500114891	0.6525174321096333	73214.23779536753
-3785.7408389266766	0.050755797269908476	0.009711410231843265	2.3664217391016846	1.404967161894451	0.6580083214793061	85108.68363608043
-3785.375197356554	0.0901969627222882	0.017158384556553472	1.3312603270966958	0.8476688546409736	0.7238851988744498	47925.877608610266
-3785.6301043680105	0.06708593838917214	0.012754205501058324	1.7878172847374136	3.3427679351779864	0.985141293758692	64523.92631069391
-3785.429251901989	0.09987262303289336	0.018999810020366402	1.198951417447788	1.0781265358060217	0.8211118147463474	43447.88964348293
-3785.608755439083	0.05188559101768893	0.009878348706012983	2.3103578855083162	1.1571451966455941	0.6377483500879915	83378.32849935077
-3785.5579817602875	0.08150461267587764	0.015521106212682547	1.4703510195746459	1.1525718361436696	0.7886616326818411	53113.36466304363
-3785.3178216555198	0.0840267244392747	0.015995467229707433	1.4280637669212906	0.6815424428069052	0.6639424433879466	51513.08315798288
-3785.6242864410715	0.06302997979310063	0.011997785187270881	1.9026292392562467	3.868737223190046	0.984493190964218	68697.13998080656
-3785.577190093341	0.1257645672718081	0.023870660794581656	0.9540645035585332	2.3562863291548655	1.2250468503615553	34464.248867300375
-3784.9651495857215	0.07792346041231503	0.014825111025823883	1.540150429335154	0.3929339961844837	0.5549936429795581	55495.67658686086
-3785.6116415949705	0.05180197847487078	0.009861632781805687	2.31363231864247	1.2527683395476916	0.6504779041085623	83579.33004049044
-3785.5932424927705	0.08282634677566604	0.01580156957554252	1.447541924459132	1.423933704069871	0.8520882865002979	52259.02581291064
-3785.6111183687117	0.06156832842040448	0.011725676102774134	1.9476055223251503	1.8306249451892687	0.7920942034976763	70360.17795590211
-3785.5874117144513	0.07274462814935904	0.013857599900396561	1.6457220235957475	1.018667484751777	0.726806882911443	59516.98983882157
-2437.087817507745	0.2249340408598107	0.02111912763868524	1.313210416481971	0.6815161710139483	0.056783839526939384	23735.304920446477
-3780.476219335544	0.15511578732493214	0.02951738031330378	0.7749738471176232	1.1620987741038102	0.8187035022820944	27893.95647465896
-3785.6228908285684	0.060244577379141975	0.011477894923801758	1.9895483708855781	1.232812046468153	0.7011228876856959	71760.70359346418
-3785.648159820687	0.035525142676438595	0.006766285074495708	3.3744803839052224	2.656013330808432	0.608858213231444	122128.30847093376
-3783.2341123504057	0.11329007936209809	0.021534068834345495	1.0620719603222333	0.7325586001037411	0.6722167555310735	38077.5346446309
-3785.5565102867577	0.05415548933301792	0.010291288026149625	2.2143521366968293	0.4189508889789104	0.5215655079037386	80001.8126861571
-3785.5701214842866	0.07681582998114694	0.01463052384290234	1.5603867790390593	1.0775799123684113	0.7530662779138423	56304.75269623641
-3785.605967106202	0.03991629727028182	0.007601820753318796	3.0041658456210945	0.6707122591760416	0.4923252282614532	108443.86215171129
-2355.959565825859	0.2912410227304939	0.02745407848377166	0.9962638650062786	0.9802310542188005	0.0761355928995558	19812.602075376988
-3785.586798170766	0.08415711536087413	0.016022305342031452	1.4246025339825106	1.6460474335656718	0.9026350866994494	51487.718521368246
-3784.6079116499277	0.07876582237973495	0.015006399637132656	1.524465874441059	0.32466962272857564	0.5263094848629893	54854.156523728634
-3785.592284477049	0.06683787512426434	0.012701940931012987	1.7942491006779482	1.1416599810186705	0.7241158174136567	64845.66207441212
-3785.597895154382	0.05451029096210303	0.010368060865791125	2.1998590228957875	0.8926465747906634	0.6149545750714686	79424.62196891486
-3785.627880622369	0.06058269922076258	0.011538954560696401	1.9776697964891317	2.9042104675161227	0.8897970994230712	71474.04257652424
-3785.5380768889495	0.11912568227738093	0.02263543700185438	1.0068410759032451	1.90001333256989	1.0908554547945972	36328.80107632956
-3785.585199118189	0.06787480172745797	0.012901668547317644	1.7651314555845272	0.9497907301261309	0.6929761881264683	63878.13839549802
-3785.6012684738985	0.06443130699030405	0.012266687344761985	1.8603833433840435	1.436718738180756	0.759898501169147	67272.67788427578
-3785.644717672943	0.0793778932470508	0.015060506842846162	1.5091021218621852	2.370394429013072	0.9895992880739243	54672.10153039589
-2452.057277198176	0.22105090629052157	0.019834623595897945	1.3725447627172407	0.64296248540973	0.054060599244060425	24231.21163766761
-3785.6251434982973	0.049762115651748866	0.009465951895734247	2.4114185000526565	1.676392606494492	0.6825368561527418	87119.04046522167
-3785.561369424357	0.07764229539994694	0.01477158720553045	1.545886957089208	0.9789405349023628	0.7307823529042621	55666.326230066035
-3785.6186699973014	0.05568774438126928	0.010590974291620607	2.152513748438502	2.390585164472936	0.8015702590661573	77839.31690355623
-3785.6505824517526	0.04517579219866817	0.00860062251356642	2.652860389069448	5.2496109730227944	0.8420039395531905	96008.558588935
