# /home/maycon/.conda/envs/dadi-cli/bin/dadi-cli InferDM --fs All.ei_cm.folded.downproj.fs --model asym_mig --cpus 32 --output-prefix All.ei_cm.folded.downproj.asym_mig --lbounds 1e-3 1e-3 0 0 0 --ubounds 2 2 10 5 5 --global-optimization --optimizations 100
# Log(likelihood)	nu1	nu2	m12	m21	T	theta
-6611.950328114672	0.025883821874038312	0.03910605021409511	0.8198739828639707	3.320350062670873	0.8861626416751506	119614.71250576197
-6611.939914637039	0.03871745829874568	0.05824420718115957	0.5473863426643177	2.234914969793711	1.0701584613222326	80042.35491752747
-6611.947369350865	0.03224306672112882	0.04859409572305559	0.6579822452083964	2.673630818037239	0.9964466240438971	96131.23094172982
-6611.93914550318	0.02890576271562341	0.04369108901841215	0.7343639750280491	2.9773288892098715	0.9357479332560164	106964.18895812336
-6611.9693279703215	0.020620779499338188	0.031097945109409834	1.0311116230875492	4.185896745397579	0.7530737555570738	149870.92413651562
-6611.928065536481	0.024447188764021067	0.03682969217337134	0.8666132743352842	3.5328210232100767	0.8437270461332749	126642.75004225453
-6611.925143043608	0.023062312774277446	0.03476147657820136	0.9188958033463643	3.7424622786452293	0.8163200409699685	134277.21290800945
-6611.924111727036	0.017542684683723823	0.026440176579689435	1.2086040535160398	4.9227184964332915	0.680659329251502	176495.13714639857
-6611.933666112874	0.01759152250400931	0.026548697633009828	1.2039710522645526	4.897243977405198	0.687132426825689	176027.00961018715
-6611.94294534072	0.017420928373431812	0.02630706118161775	1.217970371736375	4.936277211686432	0.6847155769251082	177710.23025569617
-6611.939082744735	0.02490858185625881	0.037652310083008726	0.8518647320527992	3.452204604029635	0.8601510202566826	124131.65540279592
-6611.927539630623	0.017719402333614274	0.026755765910720253	1.1963582173222003	4.860027009078301	0.6907046778434816	174718.17549657423
-6611.931100172384	0.017481670293165552	0.026352332155463242	1.2127511244769282	4.941271235461274	0.6780844272552224	177066.50547668306
-6611.958562583387	0.01731505687367615	0.02617167444686705	1.223324352849203	4.9637043433015196	0.6853338741584825	178897.42896765703
-6611.927305826287	0.017423195436259253	0.026304599784353164	1.216312897690526	4.947238975436904	0.6811103188162202	177672.79167461587
-6611.930582383886	0.017383465575590794	0.02623095839906413	1.2209642881456897	4.960395268577733	0.6788657763627097	178085.91772051176
-6612.084409716778	0.017347090342635138	0.026314125378293536	1.2230578619129862	4.926726164834181	0.6964546288228991	178507.04531675752
-6611.9359221420145	0.023226564413303914	0.03506512667870429	0.9130445822984375	3.707199651027803	0.8233499937562964	133235.58915396294
-6612.027337802512	0.023033422617365483	0.034974560271114306	0.9224743987320144	3.711167399000907	0.8315114238783189	134102.97382357
-6611.967949560651	0.017460936740839938	0.026295133720192092	1.2148110848434657	4.957331081860959	0.671831728775283	177148.43295268237
-6611.956662366143	0.019872448336069125	0.030036539114365327	1.0703442579929303	4.327533017362064	0.7437880054884426	155559.920789689
-6611.923274687167	0.019179490101486323	0.028924375096247314	1.1061951391242202	4.497922354302147	0.7241436861016519	161392.97262709806
-6611.926116303026	0.017224108206886562	0.026002192861426677	1.2300789711610363	4.99964027797966	0.6769795956959841	179711.35814353652
-6611.957610207468	0.01987203251742883	0.029909850625058694	1.0685103948915355	4.3503235598652905	0.7347134555218368	155694.5379835197
-6611.924830158938	0.017897956061058103	0.027019514492319152	1.1838113524112486	4.815246934626022	0.6927977663215453	172886.6070613613
-6611.941427031801	0.022432342275722033	0.03393214677314051	0.9445402157778399	3.831506372440948	0.8089139031273569	137870.54630289623
-6611.933351591538	0.030878271852142175	0.046500438106869726	0.6863946910292273	2.79978404771658	0.9609376180882333	100257.83664818345
-6611.929771750544	0.017910832340406354	0.027008430908744503	1.184231325865456	4.820056365912667	0.6889257842016049	172729.5550947559
-6635.280090215206	0.019969175863369472	0.031782377858037704	1.0459962846302684	3.943594055801816	1.5451400657036898	157096.17044479164
-6636.438920685103	0.01582585035559392	0.025317029966740786	1.3245600714407662	4.946966261223058	1.5273868210706874	197850.64986624024
-6611.931694725136	0.017381909979142754	0.026188923940417913	1.220263644980442	4.970747837966689	0.6747017987869289	178085.80451857988
-6611.93264607046	0.017636835475107023	0.026600678444864044	1.20064455975325	4.888278553156179	0.6847349551810518	175440.25991780977
-6612.016559933309	0.01819101920820134	0.02747645818653212	1.1707386749914357	4.736247145491996	0.6932991697321019	169678.92913900997
-6611.942573661855	0.01747696335962745	0.026437099556388913	1.2123778676491344	4.919141464365037	0.6858706108486533	176988.70577337226
-6611.926230870626	0.017431070900286318	0.02627083732700369	1.215720464747402	4.952431511496416	0.6773744460733199	177561.03772233697
-6611.941032838819	0.017379301282709553	0.026212231682762432	1.2232969683122255	4.963374177033165	0.6780039111757358	178162.62279253613
-6611.926092900903	0.0173642385392691	0.026212852712692896	1.2215912608638784	4.965198329016977	0.6781814309548931	178228.74558930722
-6611.932347047375	0.017401311804732804	0.02628226811545643	1.2208643195826918	4.949796893125703	0.6799773227368601	177804.41757635455
-6636.645152754369	0.015636447077684287	0.025039992783863204	1.3390893647927413	5.0	1.6388392654660286	200115.22586433686
-6611.93639625802	0.017374907484963953	0.02621933016404289	1.221535265657678	4.959255710345179	0.6784677332218406	178087.21911400085
-6611.937696687722	0.02130409146888517	0.03213347909221321	0.9944170871243464	4.047669797682141	0.7774554290645201	145314.18528846663
-6611.934588075318	0.01753803322135152	0.026497156651851646	1.2108929885531898	4.908809125739306	0.6855996177543152	176477.87787210848
-6611.975688746829	0.026161343775560737	0.03960701468523253	0.8126804613326428	3.2792108984438233	0.8945146370518119	118263.94778464969
-6611.939283937093	0.0223793434150912	0.03377850144384507	0.9485756573446652	3.852997375130813	0.8008388846511201	138266.08546432274
-6636.753285376188	0.015573236435612347	0.025016431925462403	1.3469034925008105	5.0	1.6924404305183285	200461.7180120812
-6611.942171933942	0.01741855348428731	0.02622189575010309	1.2141652511031846	4.963322530906876	0.6780717592152515	177930.21669130353
-6611.9242126640775	0.01757381902365825	0.026521394299377467	1.2060693876986075	4.906907273019506	0.6833444285452478	176096.066709987
-6611.93405724508	0.02403905169504838	0.03622511704851682	0.8824288790717058	3.5932754738082044	0.8345508406198512	128786.97804212742
-6611.92869245017	0.019042606924254732	0.02874718519261163	1.113917717367695	4.5238754800121965	0.7235447792177016	162537.88444776388
-6611.97238441353	0.01758848140270017	0.026478807374977906	1.2072708859771486	4.920539504508573	0.6746259949758757	175840.72379335779
-6611.973711187604	0.02118348892951623	0.03186042231693379	1.0032920348754997	4.088188893672838	0.7637991344485763	146138.31571057255
-6611.925819535691	0.028807100458202128	0.04348889567796042	0.7366522409189573	2.990419594499607	0.9331247848629708	107395.84385348568
-6611.9285298153	0.03054852006899328	0.04602893405785836	0.6943278866197662	2.8257646476143607	0.959106763460926	101333.03377334338
-6611.9951227043275	0.017364946511926535	0.026297908950245044	1.2206992478919751	4.9375987900801475	0.6904358909184721	178302.83154088983
-6611.923755379448	0.01734436829747341	0.026180474985225143	1.2225219628682298	4.970474267453537	0.6775441252009038	178415.9079634921
-6612.076817999955	0.022607723277813012	0.03420460210784971	0.9355840326876335	3.7926638690234826	0.8288041761628374	137194.2392959572
-6611.947320967157	0.022849805799701695	0.03441714717166107	0.9281568309837748	3.778139420628351	0.8069684310673193	135395.30316033543
-6611.9466289927905	0.02193902581355005	0.03303038589082639	0.9637899435010706	3.9365063282372823	0.7925300729211212	141283.42269510703
-6611.923929488559	0.023134909805139974	0.034921130974019304	0.9164139125847566	3.723865993943403	0.8204618923768484	133772.3519241127
-6611.956338020458	0.01925495080237999	0.02894764954095432	1.098728384194619	4.498877250184848	0.7221433870215738	161010.903756703
-6611.953779163334	0.01923039630118374	0.029103372287688244	1.1041566117013755	4.468971507605109	0.7321460262899935	160850.38544742233
-6611.940106331561	0.0172348044686621	0.026019165946520494	1.2278825606891073	5.0	0.6745033593688543	179463.20190141775
-6612.062456795345	0.017232175724082546	0.02616707009600436	1.2307637900483077	4.955751211529454	0.6903975912599517	179384.6032975811
-6611.934513999118	0.02614559210266696	0.039431745633125466	0.8101274070871326	3.2997259245774413	0.881960049761233	118416.32660647543
-6611.934960405778	0.017346918902436403	0.026211888706123655	1.223259918497056	4.960212757226972	0.6822225456205046	178464.99993823955
-6611.939283046369	0.020059403748822476	0.03029306526453377	1.0563630288436314	4.289926351898807	0.7518367077430371	154321.3215191434
-6636.820405162166	0.016052022738213805	0.025681063748064007	1.3015615362775972	4.874377491430103	2.539241995293299	195064.82969009338
-6612.0760860688215	0.01707342447163604	0.025941026663087775	1.2450769235664634	5.0	0.6861536116890872	181033.8758671703
-6611.937098651322	0.01728389053447605	0.026101267094094226	1.2273147502932686	4.979166070372847	0.6796112632308992	179096.18609856535
-6636.778237875618	0.015815209559746794	0.025310904054627555	1.322844578661799	4.948890888308413	1.932494910270498	198003.02967141164
-6636.697992178825	0.015825445536755217	0.025350466255460384	1.3230749698734592	4.939480020864272	1.7295968906342953	197712.252874111
-6611.936992418058	0.01942470597181749	0.02931015315386237	1.091000258876965	4.436019144945821	0.7340364468085752	159415.5789352721
-6636.789565185178	0.016323748181879764	0.026111269852865358	1.2805212545514357	4.797572656889467	1.9953511557098051	191897.25350467497
-6636.831019542096	0.015819010828346764	0.02534053861383413	1.3252576648834118	4.941806132223077	2.5287086206935596	197847.60497291535
-6636.82313793234	0.01593692714479505	0.025486316734434716	1.3118166518607572	4.912909400793141	2.4356185280366023	196560.23063890616
