# /home/maycon/.conda/envs/dadi-cli/bin/dadi-cli InferDM --fs All.cc_cm.folded.downproj.fs --model no_mig --cpus 32 --output-prefix All.cc_cm.folded.downproj.no_mig --lbounds 1e-3 1e-3 0 --ubounds 2 2 10 --global-optimization --optimizations 100
# Log(likelihood)	nu1	nu2	T	theta
-14745.062843552632	0.04364964691963225	0.11574383554416406	0.12851078915449124	30661.94458983427
-14738.974757063557	0.041276519753557506	0.1085352138078651	0.1203730937155034	31092.350605137093
-14741.639257812258	0.04298930554314652	0.11369704376691862	0.12622334371223218	30783.14371610351
-14765.35018876992	0.03746309529236432	0.09767173409179898	0.1080509556108654	31781.78530769092
-14738.769026301934	0.041567690444829726	0.10943729794414338	0.12138365690647332	31038.295871533093
-14738.750574792026	0.04149414771448925	0.10915861430390308	0.12116907049057056	31059.108902120697
-14738.747824085198	0.04153596331155697	0.10931701270219948	0.12145742774611364	31057.712956388066
-14739.16593288352	0.04120846779927164	0.10797105978550779	0.12001027291445747	31129.328082228807
-14739.354402068477	0.042261007926873005	0.11130883247077794	0.12374533355979778	30931.879010751836
-14738.770252984616	0.0414542671648198	0.10892370427283866	0.12105281470445933	31078.05135410814
-14738.864144855192	0.04191202347770241	0.11022981749023814	0.12238948165918102	30987.437593269664
-14738.75181636479	0.04166892583819964	0.10960148937972727	0.12184656021655409	31039.987529863753
-14738.936803867487	0.04190520458931877	0.11052785399001758	0.12270524301052219	30981.02463375977
-14738.97766511308	0.04151115773588511	0.1095511013371617	0.12171887184192079	31055.89532578251
-14738.753001865927	0.0417337126940536	0.10968125587309131	0.12186969476439201	31026.29899068215
-14738.748331059815	0.04153696662624771	0.10913666071102131	0.12129333354331602	31063.66039248806
-14738.785563475523	0.041779583617633155	0.10979244510484079	0.12200544013162047	31019.1187817556
-14738.805660643782	0.04136709178062271	0.10878068421601271	0.12079821851043106	31085.73504088281
-14738.730451284859	0.04162178826154194	0.10945741153680938	0.12154200044048326	31039.7657427814
-14738.7389066852	0.0415588974854051	0.10923011706024484	0.12135727471780465	31056.499442365886
-14738.768603549146	0.04145416273313447	0.10905526692715739	0.12105156190117639	31066.01502638266
-14738.756988218749	0.04155387480972743	0.10913327624957418	0.12134412179655726	31065.08042115091
-14738.93309182977	0.04180698243114623	0.10952057889167907	0.12191669038539289	31034.77449490396
-14738.779344198456	0.04172910476229548	0.10955766555364875	0.12185497700232309	31037.108401003094
-14738.742823454373	0.04152168740154844	0.10914949482062024	0.1212508692873824	31061.702015619136
-14738.929059339274	0.0413135312956795	0.1086609420368962	0.12047734780727107	31082.90951429684
-14738.749558035019	0.041501808616741964	0.10918332958921438	0.12119138360483936	31057.327592419577
-14738.83547518289	0.04182674718301047	0.1102274874606613	0.12230775018441072	30992.97318424369
-14738.741533560858	0.04162298209641553	0.10950530573842081	0.12154641796819982	31035.56396171384
-14738.799002546615	0.04149711127886457	0.10925453652660737	0.12118105175422099	31050.80252462014
-14740.078692956633	0.042502023437461386	0.112344915383951	0.12462269794468467	30864.323297895207
-14738.77315007545	0.041707808427668296	0.10989334709458078	0.1219594061628501	31015.920504717433
-14738.828671551104	0.041871893334470014	0.11010047946672977	0.1222730961335364	30996.736356694324
-14739.337866761243	0.04102549254264531	0.1075396677923938	0.11963709884563851	31167.864995004842
-14738.945015915057	0.04156165397739501	0.10883260426271175	0.12119902391548604	31082.34587520363
-14738.761892875023	0.041630289677849694	0.10930621505322269	0.12156640577657132	31053.947489623304
-14738.800589471402	0.04176551955552527	0.10963968826438102	0.12196077963359639	31031.835762591316
-14738.987889491484	0.042045472476407345	0.11059227941693602	0.12294657439044224	30973.061168536402
-14738.734570378454	0.04155447692726626	0.10921381260546141	0.12134550444235954	31057.78004509685
-14739.891423088811	0.042499099353734845	0.11178622672520241	0.12444963384733719	30903.484493890457
-14738.816029658205	0.0417563028912331	0.10992757636280603	0.12210781282450081	31016.16212247764
-14738.835535340397	0.04149062135470994	0.10937788633794025	0.12149063726733848	31059.834561049793
-14738.87464032828	0.04181992423832993	0.11028375779090949	0.12245594880434624	30997.908708480056
-14739.44286022866	0.04223238034550377	0.11124814677593374	0.12383131340589015	30945.91318177287
-14738.786788106267	0.041572644232397496	0.10928691404035952	0.12156348242873198	31062.592492793432
-14739.132295358635	0.04106731315242713	0.10798296846227094	0.1199239992185752	31140.2149861392
-14738.788595931226	0.041559882624544936	0.10909094298427088	0.12119585845177355	31058.861610442244
-14738.89120874696	0.04175737906933229	0.11022632325558449	0.12227242629380562	30999.335891469687
-14738.852584035823	0.041855444022456036	0.11029926562913156	0.1223916915893021	30988.22946858423
-14738.746296355197	0.04170008166324311	0.10967192239073263	0.12177005050945733	31025.041861846366
-14742.858135545535	0.039972010888271556	0.10466163538621552	0.11608498733057558	31336.084160221882
-14743.828445902955	0.04358522401139123	0.11433938514192797	0.1272764150054443	30718.739902003035
-14738.832863047252	0.04187452979993878	0.11020360591237639	0.12244897780435347	30998.031261393746
-14738.731684417733	0.04162898618733182	0.10948204773769615	0.121563143769974	31037.977765019576
-14739.70339457735	0.042347041064037576	0.11084263194125682	0.12349807380825609	30947.92732836169
-14740.324403663686	0.04055567831816214	0.10685506858563674	0.11843569542592305	31212.1078475856
-14738.781054005995	0.04150818528575445	0.10934960124168265	0.12137449740016885	31052.973441117727
-14738.880927152512	0.041827020957996744	0.11029768285518426	0.12230948790163218	30986.750759326365
-14738.832367983116	0.04178149069065403	0.11014861992108095	0.12217552687748985	30997.381438704364
-14738.738598300954	0.041626392785681095	0.10959647650484404	0.12172200729491424	31037.875715626113
-14741.091670953118	0.042826652624184544	0.11327065927132166	0.12574643485743137	30811.422941387074
-14738.795789641468	0.041518300914209695	0.10908034883723439	0.1210741479426983	31057.26795634989
-14743.0276488249	0.03987239542026516	0.10478097200863913	0.11643361714998374	31361.1379115275
-14740.303624196333	0.04064396304904487	0.10670258370680716	0.11819927022652643	31199.6657767958
-14738.741041764597	0.04154929996431056	0.10918466285549645	0.12132950484270423	31060.05835152345
-14765.083376164253	0.04616731226405484	0.12189493274301633	0.13592465770926115	30270.4918868135
-14739.149083354783	0.04213079610363358	0.11087736372042162	0.12302843045346243	30942.30694986439
-14738.74239208574	0.04170199226441975	0.10962504080226058	0.1217770161891355	31029.476642605907
-14738.814035330211	0.04168625647376531	0.10952845145596729	0.12156556618026024	31026.921905367697
-14739.473169841787	0.04232935950278629	0.11153777382757285	0.1239466321578871	30915.53733201383
-14738.765297962995	0.04167814932528537	0.10945700436211549	0.12170859338257706	31043.321042606098
-14738.952843010922	0.042017413095789734	0.11053843925412835	0.12286551027269998	30976.304684193314
-14738.976004795835	0.0420312551975263	0.11053937112443742	0.12290704813618424	30977.09263095148
-14740.815841371865	0.040544497063735786	0.1060008919945317	0.11774713524095091	31248.03877749069
-14738.739298668104	0.041521118275904066	0.10919433202482962	0.12124773267309936	31057.50113272708
