# /home/maycon/.conda/envs/dadi-cli/bin/dadi-cli InferDM --fs All.ei_lo.folded.downproj.fs --model asym_mig --cpus 32 --output-prefix All.ei_lo.folded.downproj.asym_mig --lbounds 1e-3 1e-3 0 0 0 --ubounds 2 2 10 5 5 --global-optimization --optimizations 100
# Log(likelihood)	nu1	nu2	m12	m21	T	theta
-4013.9065297546667	0.10009156735488048	0.02915184721038728	0.5355678177049632	1.8318191885963362	0.7250760175909179	31541.409678491887
-4002.5182950957674	0.06671276058198458	0.017824295656295955	0.7960356196265216	3.101760544489815	0.5704516171372968	47124.322235642525
-4004.0113234812584	0.07657607746284323	0.02053998509536648	0.6935424833109004	2.688394502244062	0.5934446638245612	41074.23635592462
-4003.310073695035	0.06690339122334041	0.017855519961491834	0.7934863388608578	3.1018645260125965	0.5665975146009984	46926.2530552126
-4098.243646852619	0.03176869263076296	0.010765471029566667	1.6691847503147352	4.499478229898423	1.508881613211855	103640.48505766425
-3999.805417030233	0.05681939931473857	0.01603894187314494	0.9631449913591595	3.3587116329263633	0.5837254318362033	54640.08940655836
-4098.917135797861	0.05252731996428801	0.017828917166455738	1.0091476720549042	2.7171196084217657	2.3074197211663785	62635.99508437563
-4098.706818560744	0.05146440987832575	0.017456903132754418	1.0304247451482078	2.7739719422089415	2.459595791012302	63965.20790652583
-4098.281482261733	0.06271521329961899	0.021288591373357982	0.8462190032494279	2.27534761911955	2.821335405712368	52476.91619521012
-4099.3442739384045	0.028655639139831424	0.00969554902978836	1.8490797159266492	4.95	1.2030041911689524	114419.2942726385
-4001.6627162243576	0.044824611313064436	0.011932375854034543	1.1859889820404261	4.650945520518231	0.4781551932531752	69952.18083563677
-4098.824581150251	0.03731599940799545	0.012663261059264703	1.421339473837949	3.8239005387188634	2.0344701991142973	88217.69765161995
-4308.786213382453	0.02605110983332877	0.008895812930390155	1.7991734279360188	4.95	1.0479694673409055	119676.86959729646
-4098.92160660068	0.03143606563214749	0.010673731465497665	1.6873009029877843	4.534614040858309	1.6589060763987902	104662.36226310383
-4099.133569765955	0.03132782575584397	0.010635695304108456	1.6930061967207017	4.5498755105924005	4.791381077166941	105054.01830181351
-4099.467306913779	0.0716416377282011	0.024268176415773578	0.7393490954426537	1.9940747552373193	4.930797924135691	45980.88655924004
-5321.239341497865	0.008637278451268339	0.006319346348573844	9.611615064344209	4.95	2.813257859291457	274315.59221377963
-4101.555773231205	0.028536929028442418	0.009679818650182007	1.8564846519020037	4.95	4.143538545634538	114962.00743913608
-4099.647761237066	0.028710966612592734	0.009753996763740011	1.8473992172983769	4.95	4.390780919854786	114502.33229075585
-4674.558441218353	0.013699185740654058	0.007760705897169564	5.502413933584244	4.95	0.8762971914946661	190660.86686644392
-4098.980872047829	0.03074145664406902	0.010470769904422373	1.7282338199444363	4.617613921578252	3.5349339828139836	106880.11154607133
-4229.217693608265	0.020221533248729252	0.008785688379880101	3.2243971210008886	4.95	3.169242098726932	144360.77120993522
-4099.181012952869	0.02970482746741816	0.010095953883162475	1.7860929018110456	4.793867248545438	4.089467967152075	110746.01870812649
-4099.533540971272	0.028761651881520498	0.009773412769503395	1.8437539729883543	4.95	4.937256507649146	114366.77293332048
-4286.121185248276	0.019035532536989173	0.008749292288523593	3.5231066428135622	4.95	4.466904605633003	150278.10913102684
