# /home/maycon/.conda/envs/dadi-cli/bin/dadi-cli InferDM --fs All.cc_ei.folded.downproj.fs --model asym_mig --cpus 32 --output-prefix All.cc_ei.folded.downproj.asym_mig --lbounds 1e-3 1e-3 0 0 0 --ubounds 2 2 10 5 5 --global-optimization --optimizations 100
# Log(likelihood)	nu1	nu2	m12	m21	T	theta
-7413.861637087869	0.023168972021079343	0.03291009858192081	1.4705709865007066	3.3373154607776767	0.6137015616400199	69031.5260992745
-7413.867597432396	0.019955542587268737	0.028325715368249595	1.7066385576334369	3.8776805051121426	0.5669027550819299	80182.24071007952
-7413.879696830835	0.023493561884273404	0.03343364418629508	1.4503579832139593	3.2875848602734488	0.6184488267479334	68021.30228838434
-7413.863769264166	0.015766881184821824	0.022409053474440443	2.1617845182005335	4.896697574610673	0.4951459701870836	101467.25434189152
-7413.869023869888	0.015930740064321425	0.022624688194405263	2.1384893585112037	4.855075489536341	0.4963424791817213	100368.57501470631
-7413.8615215785685	0.015619450719499717	0.022181685633323935	2.1817427326864176	4.94752490924028	0.49151574408734283	102431.19094096917
-7413.8815469652845	0.015568926014970256	0.022165316920436866	2.191537798130975	4.9476335752670755	0.491171917815438	102590.31053119556
-7413.866050382831	0.018383061948177556	0.026088386402810596	1.8542523967094617	4.210648151976838	0.5400230413999183	87003.41749136998
-7413.871654447231	0.01602534570155209	0.02272747429710762	2.122635332379601	4.83140767139527	0.4990973706662772	99925.90054812806
-7413.861283479267	0.01566213208982726	0.022228411721838173	2.1726215244470426	4.939658330552329	0.49223116156540997	102196.71125319306
-7413.861715066352	0.019294830886048903	0.0273937669119014	1.7663846991792587	4.009991746688935	0.5561562088484627	82918.04683808459
-7413.859576908663	0.015579498441459273	0.02213752382342071	2.1853790080867035	4.958381433104155	0.4906934361609127	102636.85202295678
-7413.879063805435	0.016072729263673632	0.022907429739761398	2.1193520239679207	4.7917628524645055	0.5014704799331775	99349.94645499536
-7413.859386995001	0.01545274422638897	0.021948585114232453	2.2052604209094446	5.0	0.4884324994696894	103536.38597241769
-7413.867901381229	0.021254640499594992	0.030222910619140363	1.6024980894765064	3.6321791933270067	0.5882497220971102	75229.50432894246
-7413.866920798852	0.01549200151202531	0.021982977663646392	2.196981381685087	4.993951899511695	0.4890554034068859	103342.12435507268
-7413.864812483255	0.017814774195185297	0.025340362553687375	1.9130697723168817	4.331010311138153	0.5324511996931292	89715.35614319395
-7413.933331672886	0.01944056684150986	0.027780593581163502	1.753809210859425	3.944184280173	0.5635459338094823	82054.35262413275
-7413.860829786963	0.015609062949409174	0.022178699045836223	2.1822548686898102	4.947912328588204	0.49168819082873744	102476.2686845454
-7413.86659245961	0.01966631997091552	0.02790742808988707	1.7316350088839054	3.933653438380139	0.5628511362614885	81387.33742800831
-7413.864518502392	0.015467069663674211	0.021948992899556527	2.1992638801225226	5.0	0.4886372099029617	103482.46341245936
-7413.864092366191	0.015882875514118485	0.022523346173387037	2.145543762145009	4.873639911790538	0.49567415608278165	100786.12833801447
-7413.87179692477	0.01542373054508958	0.021937706309531044	2.208837663184205	5.0	0.48831964411643747	103622.34704726355
-7413.870916834079	0.016017901372862596	0.0227355440944134	2.1262925855972425	4.832937358337131	0.49796918090073244	99877.61537541567
-7413.865949611462	0.015602564784295185	0.02212963154324642	2.1815575026209015	4.965208010096935	0.4901094056174789	102599.6417146403
-7413.901284590032	0.0214793850242748	0.030378937903686103	1.5829452895661276	3.618551348853766	0.5886239977298113	74650.35256702412
-7413.873342093934	0.017966448165943807	0.025508073205553355	1.8933392082959832	4.299848190860164	0.5364093487180773	89124.52869851647
-7413.867838420621	0.016132988750170364	0.022906317405843018	2.113516652487075	4.789963678246521	0.5011590337897374	99166.9923786523
-7413.862671147155	0.015440546507034924	0.021960484870887188	2.2076051840620514	4.997780317767062	0.4883559996337802	103527.59033499914
-7413.863364658121	0.015824229490323628	0.022477848877062678	2.1524513653231003	4.880335611763232	0.4963137577228075	101126.16352485248
-7413.882113984967	0.017792220550004043	0.025351117079586892	1.9142701651641085	4.32485129084746	0.5339105938788307	89775.62147463324
-7413.868325394295	0.015609215628415336	0.02218481960952455	2.1835986822053544	4.947718498593145	0.49088322683624236	102406.09884184136
-7413.871758075653	0.017768655146351696	0.025248035831937847	1.916158870350121	4.344484083943828	0.5324971798399513	90044.51937876159
-7413.864176417761	0.01551879102369252	0.022032105396773825	2.1961001088432752	4.981305396221237	0.489404125885595	103112.15925159864
-7413.8748435563975	0.015691690410805308	0.022285445798250366	2.173496585583256	4.92389888097	0.4915290078447036	101844.90512641282
-7555.670219181674	0.015553459395670695	0.023716389624331296	2.057711402891618	4.2906454264859	1.8192218319492992	109792.206710002
-7555.871404344401	0.013331737099265871	0.020349680861550357	2.40113570927489	4.999999999999999	2.0537543017193154	128015.55828145499
-7555.6620387373705	0.013503650550924628	0.02062290852188835	2.3724425824624866	4.934388469767689	1.597051432633211	126346.93223910891
-7413.864212092704	0.01552518129967259	0.022052506667372667	2.1933021302525906	4.9775925150088005	0.49004070118188386	103064.64475719667
-7555.2022923234135	0.013478105938524373	0.02055542385532252	2.376970871592993	4.94880521195579	1.4212196901401832	126656.96527085754
-7413.863947458532	0.015600806193676316	0.02215284213369713	2.183187508753214	4.955254075981034	0.4914290574652934	102590.60261196797
-7413.866134921451	0.016222003939390158	0.023039433310658677	2.1005990130092616	4.766857882005484	0.5018471482189739	98555.98207431554
-7413.872745543247	0.01547254066479453	0.021961524333497327	2.200969296518737	4.994129361206808	0.48893748816046606	103432.24711964585
-7413.93840984012	0.015490753573149114	0.022142913075575872	2.2048583691821335	4.956335612544018	0.4906879299241456	102909.95053243633
-7555.040575165191	0.013485503350444869	0.020541265715200173	2.3732095874618424	4.958110733793438	1.388380011860957	126709.58563332199
-7413.866550592627	0.015763165847853873	0.022398527110632026	2.1604635175717823	4.9027392482259415	0.49427463468326716	101468.16512959436
-7413.860643862894	0.016608072768237385	0.023600268198937704	2.051474997761903	4.650380601707268	0.5105997921281752	96305.01612354752
-7555.764062720006	0.013541281740299527	0.02065755510295265	2.3630396289827478	4.925773422220605	1.7011886848760014	126071.43923975193
-7413.85988437922	0.015858108398549026	0.022550100507622937	2.148421247720662	4.867475097638857	0.4964239484301462	100808.5394336616
-7413.86006950123	0.01561107111067644	0.02216598230218058	2.183630667611572	4.952748651016177	0.49093830258692456	102488.30292032045
-7413.8657490781625	0.015608862583220555	0.022154385525835756	2.1839568882471077	4.953757364616277	0.4911831147131373	102543.88375642686
-7413.8688393458915	0.01566442561825535	0.02220593216026961	2.1735912798495947	4.946877506603761	0.49173997926746077	102266.73053767245
-7413.864588275113	0.01562053487074187	0.02219893982161887	2.1817670151014705	4.946975201603321	0.4914255789940681	102389.50885286086
-7413.874474814077	0.015507126365476	0.022054792911034966	2.1967811595091367	4.97249484220254	0.4905269185388109	103108.96476121011
-7413.863431248114	0.015461512566856276	0.02197131037128018	2.2020578335366854	4.9933000449248475	0.48889563434969485	103432.26909374588
-7413.876752107393	0.015517766079898729	0.022083442767262644	2.1987784852817995	4.969598300472955	0.4898074637510936	102969.19713721648
-7413.877434383501	0.015434454392305801	0.021970701252739484	2.211136857265988	4.991823735582847	0.48896601548146174	103541.35507785423
-7413.990764687825	0.01553416731508196	0.022174957388091613	2.2017205790401184	4.933545613893356	0.4929342810908277	102719.85957171902
-7413.865733871245	0.024897549765973553	0.0353865214457608	1.3683108144188674	3.10181570813256	0.6363876199353574	64218.01880271246
-7413.862199156629	0.01550951165486149	0.022054220676289964	2.1963518733355065	4.975552773405652	0.4901030796513325	103097.07543769568
-7413.876185296057	0.01557471898380786	0.022122162803788686	2.188174145879327	4.963527236580174	0.4893028634700656	102623.38536832244
-7413.890560932427	0.019455626826109934	0.027530855414874267	1.749354899654369	3.9893665601845094	0.5581440256787887	82391.95311759901
-7413.868861556511	0.016043863492536534	0.022825247998695633	2.125178826083653	4.809163604840512	0.499930581593821	99613.40493595092
-7555.868982863525	0.013570414841714454	0.020701289639208253	2.358210903139309	4.916507182175759	2.088407009473453	125820.46808633674
-7413.867398489039	0.01751955844171681	0.024867827372384382	1.9430357756315007	4.415614360817099	0.5265731707596819	91345.20437541638
-7413.8668586764425	0.01620328541288291	0.022986397142767564	2.10155039055962	4.77721398010651	0.5015925352353542	98753.60868040941
-7413.860520009301	0.015465679793120206	0.0219632367860826	2.2016771907972363	4.998623825643033	0.488594438164783	103463.07875049711
-7555.461172194229	0.01562122866697658	0.023826561053429084	2.0471581952807076	4.271738792388591	1.7030295012323693	109281.83113153093
-7413.87525521475	0.015512297969460034	0.022023891705256253	2.1978586030250344	4.988877393028749	0.48820980871712977	103123.65919147704
-7413.867463996879	0.016212584905645432	0.023005353568754848	2.099140947572242	4.770245201599723	0.5027884328277614	98717.88020514383
-7555.190497324837	0.01345805540176222	0.020537021916181623	2.37973592526659	4.959415639836576	1.4173503354280808	126840.84820096515
-7413.865687010156	0.015689017709944887	0.022312917551679856	2.1710465001092687	4.9206854692148	0.4937049975746642	101940.10061503461
-7555.87902030196	0.01836669206826407	0.027969492751019228	1.74109300755753	3.637791317300495	3.04784465091968	93049.87751146425
-7555.878541266183	0.01349913946480374	0.020566791453823365	2.3690749822080455	4.949601903923418	2.3202614027946296	126584.26218814893
-7555.837822908775	0.013357417617196573	0.02038258370435715	2.393964945114403	4.995302804720194	1.8289197373915191	127803.46062729388
