# /home/maycon/.conda/envs/dadi-cli/bin/dadi-cli InferDM --fs All.cm_lo.folded.downproj.fs --model split_mig --cpus 32 --output-prefix All.cm_lo.folded.downproj.split_mig --lbounds 1e-3 1e-3 0 0 --ubounds 2 2 10 5 --global-optimization --optimizations 100
# Log(likelihood)	nu1	nu2	T	m	theta
-3785.9401879154148	0.05153162901494765	0.009795896440449469	0.4411295356690774	2.3274273573584487	84169.13607383159
-3785.6026577997277	0.0385911776869253	0.0073387041579682	0.3988737616557766	3.1057797824278586	112260.84000369548
-3785.727767091784	0.0457837927419493	0.0087053837918192	0.42454802314206364	2.618362302959755	94503.01920046598
-3785.696580984013	0.04432998375539189	0.00844808389072138	0.4197739869490654	2.705734478877953	97600.7998882997
-3785.8209504413007	0.04825884484542472	0.009189998779678788	0.43615907491411043	2.4820542273557784	90103.44273652975
-3787.2356610969837	0.06295631394214098	0.011998333514821083	0.460265036371286	1.8996773681243297	69136.31376279383
-3785.578299633984	0.0354194484828492	0.0067478206556815966	0.38354816787633156	3.3864124854679094	122269.63395653307
-3789.15571865509	0.06960933143837926	0.013283236907352575	0.46077243722764905	1.7170969904394613	62593.61912494029
-3786.172734336392	0.055133880932350124	0.010501690372271909	0.4494325003511513	2.1717542062226345	78726.87194095166
-3785.575166207462	0.029224170497645526	0.005566318898466956	0.3485861949220866	4.098824316954209	148002.97454869785
-3785.567047447471	0.03080731834614991	0.005861389967920962	0.358274942282534	3.892437816852162	140541.0110489733
-3785.5733717929224	0.02960777549456434	0.00564074080847641	0.3525020586963218	4.044085227226515	146480.52712688516
-3785.6086143758725	0.03810374502819348	0.007240580151665906	0.39797409078758483	3.1454955906741975	113927.77463190373
-3785.646342565791	0.042009778376728216	0.007990908626530884	0.4115005637309147	2.8548174818993175	102982.71018678993
-3785.5586455824705	0.03100439077693205	0.005900901656565482	0.36009792367765253	3.865954696488255	139768.26830339138
-3785.825213820393	0.04905833897168146	0.009337887940469409	0.435675875686177	2.442749319216517	88387.46921954208
-3785.773265432546	0.04767016001911353	0.009066794114457467	0.43270656512194194	2.511851157036965	90999.3488046135
-3785.584596119722	0.03414291102239882	0.006496723472159156	0.3789682408697169	3.5078858470896868	127141.90691553908
-3785.663316893738	0.04368986993851292	0.008314526409010696	0.41845510428663585	2.743369486849037	99106.11168551123
-3785.9494752258297	0.05192233937053107	0.009884271730196164	0.4423837630255454	2.3075970039255145	83515.71391899277
-3785.561781298536	0.02669249303678216	0.005076151101281897	0.33216456391186683	4.494947608167987	162376.771174541
-3785.563771552158	0.028756131836132456	0.005473329342352329	0.34580552358613426	4.167357604624386	150535.06837482293
-3787.116126005115	0.06223628061625644	0.011818907971752876	0.4612292565716276	1.922197809053054	70050.00609387395
-3788.824717486994	0.06871202363820961	0.01313440181261524	0.4664333904660989	1.7342039936618858	63582.10569253413
-3785.9597181877407	0.051835985933535576	0.009886840398857542	0.442458839956964	2.3117764757981387	83672.88472717597
-3785.7081166867874	0.04560523010892001	0.00868189312396629	0.42423330714917645	2.629780843137545	94920.4632502915
-3785.8293720086917	0.04931445631552982	0.009398937027891607	0.43660174774340577	2.42995511034278	87945.83429427116
-3788.839711559254	0.06889881291676857	0.013113348220900857	0.4658397314448371	1.731106992449299	63434.338675634826
-3786.3678474104477	0.057102837329881154	0.010852543899899751	0.4529021849219238	2.0961050327447444	76069.08834111424
-3785.5785721551274	0.031737400498812095	0.006054421954871259	0.36399365944181655	3.7783838938930123	136462.69801556395
-3785.8368950571025	0.04931079968725197	0.009383559284642736	0.4366431560296245	2.4293557106877013	87951.60414410912
-3785.6423553730165	0.04128307420379155	0.007836066101340768	0.40995443159536016	2.905463123937016	105008.48152115574
-3786.707168048414	0.059884236688116835	0.011391774558033457	0.45667715230256456	1.9973245265858532	72570.1351921261
-3785.5743051180957	0.03142211791407766	0.005970357980031431	0.36290448240051043	3.8164591663346576	138079.20118009817
-3785.5615748764694	0.024220063152807406	0.004612008499041843	0.31422736967774434	4.951421611762519	178786.36196269683
-3786.787913792724	0.06027334048731448	0.011495662869467802	0.4569280822078563	1.9840376646803344	72074.93171435255
-3785.6243748054985	0.04046561593765744	0.007714631220120475	0.4061610134317524	2.963902506835909	106993.98811383048
-3785.5764363758317	0.034905498590502536	0.006642945509935208	0.3821837419849292	3.4339885973834123	124277.70649372667
-3791.538333716052	0.07451651090036197	0.014247921892134776	0.4727388854124565	1.5927250312240548	59054.30511657117
-3785.602931416132	0.03881906840308992	0.0073915275669559155	0.3997376891852225	3.0889589726641553	111604.31498116396
-3786.586234732037	0.05887734395712082	0.011226040611015746	0.45560769045777505	2.032134377687241	73797.01212985284
-3785.561588359023	0.024264771077203505	0.0046111944614976585	0.31459521558915504	4.942554885624336	178513.36220041153
-3785.558529772007	0.030143345799240526	0.005732397658884594	0.3544700235920463	3.9779971993371697	143691.17296662883
-3785.633306792723	0.03528691685638686	0.006722950753869756	0.38049669473530373	3.403686661084582	122356.67697739646
-3785.5722331153625	0.02941050605543444	0.005604493823692925	0.35026130117076165	4.0776668286711955	147355.2491670974
-3785.6571271115417	0.04257393887315692	0.008090324582797879	0.4137411131827926	2.8196797149749906	101718.81608096023
-3785.9004952098626	0.050967311559160185	0.009697053984911547	0.43935705297581285	2.3520317917355245	85013.46197246297
-3785.772206581286	0.047611723149466184	0.00906312721445139	0.4322445113483016	2.5162909549080377	91102.93657643365
-3785.5601357932705	0.025452265893803873	0.004849037712093892	0.3232769970449726	4.712077422513256	170138.05907068087
-3785.6093489640416	0.039989970075141566	0.007606602718100357	0.40409507707866205	2.9992713523556627	108269.98480523
-3785.5716033755057	0.02523500392327633	0.004793278533472292	0.3225307460662826	4.750495096459004	171914.92632040754
-3785.57006229111	0.02669027844493138	0.0050729903665549785	0.3322835179255521	4.490586250186672	162299.37823871235
-3785.612467155768	0.03553660511166517	0.0067680546047364865	0.3822630855264652	3.376325779447867	121516.09369313305
-3785.572050321215	0.024218358033983242	0.004605404371149542	0.3141815269781177	4.9477661368494665	178677.60937284652
-3785.557943142985	0.025281945649011033	0.004810701763934515	0.32233689856051156	4.740964511295827	171328.9036354252
-3785.5647048326155	0.024189371897222454	0.004603979277454421	0.31386274922218665	4.95790024427705	178968.1049591252
-3786.031259211087	0.052543661568491974	0.01001792171059148	0.44063327779861877	2.281855877022441	82271.2534896606
-3785.5656564419724	0.03217395427439651	0.006123858614186308	0.36684629997127993	3.7251345954271446	134671.64712108948
-3785.5947500162	0.025231669163152216	0.0048048744547200695	0.3236764003692688	4.7427121430935255	172100.64872233043
-3785.96604898643	0.052189525412013216	0.009933898231828248	0.4433311392929911	2.295750416175043	83126.59931444684
-3785.572791552974	0.03552351542370132	0.006760057889432762	0.3845677931493124	3.3741201671126246	121960.65196775031
-3785.556323757719	0.024151624461351003	0.004595462617916407	0.3140181769974408	4.964872096107777	179421.76156649608
-3785.6554280039704	0.043217721890006944	0.00821819440712469	0.41765081026575684	2.772910226680103	100300.98615550273
-3787.232712555735	0.06282098339778093	0.011966105023503605	0.45576862045935274	1.9065563305884154	69052.61276334967
-3789.0697008659095	0.06954694327664793	0.013243399594873067	0.4662792253942959	1.715356873888534	62889.78858230309
-3785.5626737554862	0.024168041611328007	0.004592624849903318	0.3141735601961011	4.962181171204884	179357.8251136076
-3785.576257245728	0.03584944782367912	0.00682614723916794	0.38652517406622217	3.343516296010481	120916.63964516202
-3785.580599407068	0.026729263722948073	0.005083427565731936	0.3335375577172058	4.482409112018285	162358.74644303808
-3785.5584454490786	0.02509824228042452	0.0047773851755431975	0.32065933865198937	4.779875565709804	172570.397735684
-3785.5870782656875	0.03396012622399223	0.006466965765961026	0.37609091075842144	3.5306958493561975	127502.92617024797
-3785.5592350971556	0.024193627171043404	0.00460446393072999	0.3139328781232796	4.957437776273877	178967.81150344815
-3785.594162983943	0.027198583398398597	0.005189617193360127	0.33678834932644997	4.404121318784032	159490.40172907978
-3785.559373060317	0.0242834536333301	0.004623795498439958	0.31514070379444337	4.937688778883658	178486.83644088326
-3785.5713033764678	0.024945002172687605	0.004751465672041444	0.3188442130366242	4.8106294793899265	173373.26862787319
-4148.543319040236	0.028972181818384256	0.005443512786408021	1.4937307782671847	3.584472292835895	195400.88656308432
