# /home/maycon/.conda/envs/dadi-cli/bin/dadi-cli InferDM --fs All.cm_lo.folded.downproj.fs --model split_mig --cpus 32 --output-prefix All.cm_lo.folded.downproj.split_mig --lbounds 1e-3 1e-3 0 0 --ubounds 2 2 10 5 --global-optimization --optimizations 100
# Log(likelihood)	nu1	nu2	T	m	theta
-3785.652556512624	0.0389826807850013	0.007402127253237754	0.40326955970900763	3.0733273167096824	111570.94648155
-3785.6852656856927	0.04460402072329823	0.008490137231513373	0.42253780795858087	2.686659054550417	97192.92366198194
-3785.6754569913214	0.04389205735818457	0.00835569408818261	0.42072683139164924	2.730929665920265	98863.43241613447
-3785.5766268126526	0.03502656802595564	0.006668195019672127	0.3826230733926095	3.422537853529611	123818.42738886386
-3785.560975807746	0.02419652968788533	0.004600712811836567	0.3140461333384372	4.955361033066257	178954.47375801668
-3785.5606156129625	0.02462058618379498	0.004686203806872741	0.31757552041468834	4.871676598707515	176067.58998832206
-3785.5901120991157	0.0375641467193682	0.007152285891345934	0.3946945774737041	3.1899700979668353	115375.08761069749
-3785.572042899921	0.032835415569201616	0.006253222814628893	0.36969100916621084	3.6533614773036467	131840.1407121323
-3785.581365688682	0.03385184488515641	0.006442048462538698	0.3752417720985981	3.543128332545187	127888.30987111019
-3785.568538818409	0.025508305163091074	0.004856240803800364	0.3244774564604592	4.69845563402148	169988.81733349717
-3785.565977681843	0.024666953761883187	0.004695106075435506	0.31812294729237756	4.85560794780822	175600.87078242042
-3785.5676559917206	0.026064237173742448	0.004963447533468546	0.3285422193613384	4.594582145480146	166281.70879515755
-3785.589297785979	0.03634171350239047	0.006909084597641139	0.38790416115373993	3.3019535319684197	119197.84733856333
-3785.564996796291	0.024226493595168732	0.004606933081678034	0.31428744086727417	4.95050809432997	178780.01869519526
-3785.6485131953596	0.02451455001871321	0.004650479189516874	0.3184243073766731	4.883463063115381	177285.9212406667
-3785.7036848339567	0.044754321941477035	0.00850231288640341	0.4212404345381506	2.6792265500884844	96690.64825795607
-3785.569828993919	0.030475171565183954	0.00579839516202632	0.3574624182752436	3.932504856634195	142328.67483000393
-3785.5720889679405	0.024964408184517523	0.004750046141016612	0.31884278673779026	4.809185277065786	173269.64513098064
-3785.5692085760907	0.024293438640640774	0.00461732388408563	0.3157891160235679	4.933725425512982	178631.8611270055
-3785.5612604335474	0.024152885989332885	0.004596411525263654	0.3143398800734089	4.961853919531443	179458.7248231468
-3785.5572463568815	0.024285761414805318	0.0046225243107058216	0.3151459234836631	4.935505903559242	178415.39161534375
-3785.5670043832483	0.024156653297026445	0.004589774406986121	0.31407075372637366	4.96265475876239	179376.93433111647
-3785.5645564724546	0.024185517037288808	0.004601460261219823	0.3140778041202359	4.955040135070445	178992.80868950157
-3785.5710608003837	0.029112625344542255	0.005528648861841074	0.3485058427662811	4.118270442748642	148913.20080370805
-3785.5718515856724	0.024101572758999087	0.004587939100804312	0.312989350277095	4.976453422440236	179538.1376839364
-3785.565794439756	0.024232616344453495	0.004610995809056939	0.3150064556092801	4.948485948740478	178995.44324132372
-3786.4201239477375	0.05761408506332061	0.010985920088350616	0.45341392358693705	2.0777574844292017	75370.77074572237
-3785.682275935288	0.043973776589600506	0.008375308487893371	0.4198440489247873	2.726722894021274	98542.08016955819
-3785.987515696078	0.052253045194781515	0.009970131262830804	0.4435943275909258	2.2925737321740804	83012.52222481542
-3785.6255549764624	0.024338447803387123	0.004612462032666303	0.3164711201971648	4.921807186408269	178408.9463906831
-3785.6206832318485	0.040405954538009985	0.0076827330727408695	0.40592835500396035	2.969203178316323	107202.51109439155
-3785.736207586233	0.0467835174235581	0.008896514555023717	0.42895586180705775	2.5620734434677024	92644.62108267932
-3785.7404982758653	0.046268201818332855	0.008811848382269083	0.42543936981485764	2.591772028438702	93451.36851620853
-3785.641291842855	0.04226206983715397	0.008046120915938001	0.4129620458107851	2.8374866261446017	102429.07804267082
-3785.5852556077352	0.037163094501746596	0.007070734768594858	0.3922002582608084	3.226014925954656	116552.43632187041
-3785.5587492426666	0.024349827067325983	0.00463032797234224	0.31523417312425805	4.9256127201585285	177891.0398390011
-3785.563137056604	0.02885185997165597	0.00549206397383832	0.3467059265884394	4.155553545670179	150185.30318434653
-3785.573645186995	0.028174118182192794	0.005359696889763973	0.34098494661378065	4.262208818538474	153575.0269290811
-3785.5614519738187	0.023967059580046527	0.0045652470176112975	0.3125748023151729	4.999870648396628	180657.5906528694
-3785.570407424701	0.026106879748343404	0.004964871966397739	0.3289946799258735	4.590091088109626	166183.28929409516
-3785.5652532732315	0.02571990061897119	0.004901957753419738	0.324982036386206	4.662863201056921	168274.13805808595
-3785.568071196858	0.025707405352725903	0.004894250995808416	0.3252354507290565	4.661334811498693	168386.98186997414
-3785.578041364388	0.027050197215208623	0.005147602677959961	0.33510877397538846	4.432312515632422	160295.46812277022
-3785.8090141895013	0.04883261496996254	0.009299248025694403	0.4339805514452167	2.4556219801200796	88707.9859556713
-3785.669878376357	0.044165504773097844	0.008406296265549564	0.42065283045236485	2.7135971853793954	98108.9756076069
-3785.5584168541595	0.02555900665087942	0.004863504697318785	0.3242031012028338	4.6920581672670885	169499.4281859241
-3785.628833679998	0.04078451069022033	0.00774878921177035	0.4072171029457761	2.940899624834284	106160.24935877862
-3785.5631198597375	0.027982567585197394	0.005325084459240083	0.34138288582673687	4.28205149930872	154880.5744898841
-3785.5744381757168	0.024177877731486427	0.00460022742841931	0.31449389558490976	4.95603689387532	179239.60597633847
-3785.560601890726	0.024368786441734624	0.004640034149215083	0.31559735362091684	4.921976152834893	177833.62270091882
-3785.5718643494797	0.024448607051218565	0.004655423938778042	0.31614465736105296	4.903475253091049	177153.69200194042
-3785.5673408216053	0.024235256114879433	0.004612642628041197	0.3143639361776717	4.947354327797181	178661.53699250022
-3785.5763244563104	0.024157818555629075	0.004604343790809688	0.3134279000540824	4.968469176404781	179222.76799833862
-3785.5885113167496	0.03258037480062939	0.006214971538077325	0.369444032112025	3.680258512987139	133086.5543416882
-3786.0719993990465	0.053840180384620476	0.01024203956732014	0.4464740507822734	2.2250689187024615	80578.99921300798
-3785.5634929782163	0.024178856458661177	0.004603362776219644	0.3143379287417306	4.959671727449114	179273.35513013418
-3785.5659475066977	0.024866317789619074	0.0047334330692035825	0.3199251046121795	4.820171740835395	174442.51680786462
-3785.604668710351	0.025019536770688543	0.004753309367958173	0.32206726625210674	4.7849564556855855	173641.05366309604
-3785.5644053668457	0.02396925735237106	0.004569813015150155	0.3126494887485468	5.0	180670.80015081915
-3785.5862779360386	0.03234324597023425	0.006170019038113326	0.3671197138374544	3.7053659410326545	133762.83492674312
-3785.559608500214	0.025458876076523407	0.004846815137159636	0.3235946972624716	4.710094297487311	170188.9979679569
-3785.6485323747006	0.034178658623460506	0.006489055605987595	0.37436784907305976	3.5148010860777985	126270.38906321359
-3785.5888018503765	0.03658808860544028	0.006968577037697489	0.38979807915900894	3.2748820014240776	118381.9653717006
-3785.61606480115	0.02441512515335429	0.004663953729199431	0.3147987561735025	4.909458820972061	176843.17720995913
-3785.5780643435437	0.03400251642221447	0.006467953510014179	0.375921300036769	3.5281466568657143	127320.59692536529
-3785.586946916549	0.024522941921832207	0.0046804415827573324	0.31737334825881514	4.882969536636421	176686.33120129775
-3785.5586826643066	0.023976172621912453	0.004562369880735244	0.31283314590940087	4.999846693464311	180752.03301176603
-3785.5593120948524	0.027423713350182132	0.005223735321388577	0.33686997820878795	4.37221686373587	157841.63323715256
-3785.5605800500407	0.0252932794836118	0.004819553728452531	0.32198571753982	4.741526240008283	171140.35343906662
-3785.580223199035	0.03620356465709452	0.00688102997580432	0.3876236392068747	3.3123843065956255	119671.88023460668
-3785.6622566387905	0.04276003847224326	0.00813920517812617	0.41718650240409816	2.799954702921416	101464.72439173512
-3785.564366856186	0.024465467961282062	0.004652609773141482	0.31686283072904103	4.8973912407538425	177221.01820595708
-3785.593589565229	0.024531060147989003	0.004660723273608124	0.3165958800132646	4.89556174221333	176801.07102661856
-3785.5658029611154	0.03028108801399314	0.005766380417747483	0.355719456119055	3.9574740086083278	143063.96524628106
-3785.5590999709184	0.029821309944715525	0.005673183667166289	0.3525337099617933	4.021157140930153	145255.18226646062
