# /home/maycon/.conda/envs/dadi-cli/bin/dadi-cli InferDM --fs All.cm_lo.folded.downproj.fs --model split_mig --cpus 32 --output-prefix All.cm_lo.folded.downproj.split_mig --lbounds 1e-3 1e-3 0 0 --ubounds 2 2 10 5 --global-optimization --optimizations 100
# Log(likelihood)	nu1	nu2	T	m	theta
-3785.570367148571	0.031422433445065116	0.005989454095123112	0.36221939321404645	3.8124092581240627	137740.73938562622
-4149.320151244081	0.034014815152094806	0.00640034947759136	2.9732587492951987	3.050557363287492	166397.34967813533
-4149.291962169817	0.024877189758913655	0.004678460893049799	1.6806286189806396	4.177835049077177	227717.26583536825
-4149.32149486856	0.028442148063853277	0.005348830896374154	2.657012547400606	3.6481120121576502	199004.3783801478
-4149.32152420576	0.02521978744785536	0.0047463167044603325	2.915404912724615	4.114859766003144	224436.1592824295
-4149.321893885039	0.026943670329777396	0.005066664428437008	2.852928190565291	3.8535177146918342	210145.9111008058
-4149.319978856207	0.041244900512813605	0.007756642737337425	3.2942662694849987	2.51755299422815	137284.71821415663
-4149.320575609817	0.024227822006518622	0.004556699479458959	3.903333847800427	4.283790033087845	233650.56143735605
-4149.355655937936	0.021611965283495384	0.004061128921556997	4.325261018625554	4.811251226985264	262208.1748341701
-4148.28084730101	0.06187734681325858	0.011640844062571595	2.7557836755031233	1.677732675217226	91453.83606147802
-4149.290953624899	0.04926505649326332	0.009270756509573815	3.2398163268587856	2.1064644502165883	114892.32054828898
-4149.2756213482735	0.06397156651169748	0.012037654446752356	3.927379564112615	1.6224961870951193	88487.67767047028
-4149.16656890368	0.04101319021006225	0.007715667554342912	2.382373537741073	2.5310991238392826	138027.8493693312
-4149.29766876277	0.05615688569484891	0.010566825286484898	3.7029742744976017	1.848577249420677	100811.23884869307
-4149.323706621117	0.052986358269588155	0.009976830100462296	4.208170546216205	1.9573984445014712	106787.04568258142
-4149.318763350597	0.049084360459564	0.009234234630306483	3.8213334309150238	2.1136797441810145	115303.57983737871
-4149.318724257615	0.04006417713893709	0.007540712142975562	3.2177910913735914	2.5904350198572503	141283.48986234158
-4149.322239193175	0.06802635890106978	0.012784127514171979	5.711259730604277	1.5258083280008625	83224.22779386335
-4149.322922700314	0.05341902458164316	0.010050956627463994	7.0209012963751345	1.9420027054008109	105941.69258867131
-4149.321141257845	0.03531753462759761	0.006646459169842183	4.772835499415253	2.938289309978891	160265.1292741955
-4149.322858179841	0.0650907868502463	0.012250583663523303	7.8288360884503145	1.594943327406485	86976.53041596904
-4149.321156636122	0.04614700018880834	0.008681924078943064	7.984922188465943	2.2485166976806834	122651.31907881681
-4149.321117533868	0.03417396574928635	0.006425817309111587	6.273538569175548	3.0369005276667673	165647.67341383843
-4149.320551104689	0.02723300739211181	0.005123173885665684	7.066609722428646	3.811268166254863	207868.5937692824
-4149.323330494689	0.02788128304188085	0.005246500670018748	9.011063710467893	3.7239093843293873	203067.40842448932
