# /home/maycon/.conda/envs/dadi-cli/bin/dadi-cli InferDM --fs All.ei_cm.folded.downproj.fs --model no_mig --cpus 32 --output-prefix All.ei_cm.folded.downproj.no_mig --lbounds 1e-3 1e-3 0 --ubounds 2 2 10 --global-optimization --optimizations 100
# Log(likelihood)	nu1	nu2	T	theta
-15690.540500899588	0.07540305730701823	0.13880324626848445	0.1618535456621483	30451.659741692605
-15690.540501518959	0.07540553427253534	0.1388083912596102	0.1618590605479825	30451.33389307087
-15690.54014302133	0.07518458890734338	0.13829294065842127	0.161211623313757	30477.482675924497
-15690.502978637882	0.075446418037345	0.13888318744272465	0.1620751544601892	30451.633180241675
-15690.492863285694	0.07540470207227778	0.1388744053413899	0.16198438662727996	30452.32198830707
-15690.540498924853	0.07540250841125193	0.13880191461375388	0.16185124733949238	30451.699776491107
-15690.49934496671	0.07528463815367926	0.13869213599463007	0.16172762337763685	30464.345734939405
-15690.540499345238	0.07540368551184183	0.13880384453920755	0.16185346516632704	30451.560727765576
-15690.54053736449	0.07539927369866634	0.13879652883163177	0.16184883975986997	30452.238504266526
-15690.510986414312	0.07537841638220857	0.1387319711524592	0.1619292485577073	30461.442152562755
-15690.522177810915	0.07563990832733741	0.1392595727445039	0.16248942993037457	30427.105060599726
-15690.542584617455	0.07559650520216875	0.13893916736222572	0.16209694427190416	30435.150749736513
-15690.540500311	0.07540343975886658	0.13880309832382692	0.16185305889873497	30451.613650826457
-15690.540499146633	0.07540363277752148	0.13880345133833255	0.16185356166143275	30451.594268936173
-15690.504248567724	0.07556539207587283	0.13918499949018903	0.16233008931731135	30432.146187252387
-15690.506901744284	0.0753157442283132	0.13865204816865567	0.16179324687161253	30466.6855683084
-15690.540502209647	0.07540506462870507	0.13880548174763419	0.16185566777261448	30451.42074790596
-15690.511536688375	0.07559868780400138	0.1392230198986057	0.16240363643303857	30429.696516078508
-15690.54050751555	0.07540619479846927	0.1388060809952494	0.16185877147512925	30451.40600522885
-15690.540500176166	0.07540259232716945	0.13880158455434188	0.16185074575166808	30451.692139933675
-15690.540499823226	0.07540424318075481	0.1388052399567808	0.16185547808012146	30451.504152319914
-15690.498148968476	0.07544934460381071	0.13905565336270465	0.16208037115730178	30440.755378039972
-15690.492503190857	0.07536732167824216	0.13883647214183245	0.16190450897292913	30454.885364530895
-15690.54051820504	0.07540030423184009	0.13880274324415265	0.1618484521228822	30451.73687342865
-15690.540499722087	0.07540408411893916	0.1388059051555804	0.16185556048689181	30451.480473897354
-15690.534877251514	0.07511704465388636	0.13842506090244766	0.16136895839236673	30481.92470661193
-15690.54050690799	0.07540112239604178	0.13879728239264094	0.16184630302948735	30451.91590838147
-15690.540503433285	0.07540442699324539	0.1388053097089108	0.16185410953017784	30451.42655307262
-15690.535091928094	0.07512315652131037	0.13847140690060492	0.1613806483090075	30478.916738708387
-15690.540499837221	0.0754031573081268	0.13880449905690379	0.16185405999424812	30451.592922314874
-15690.49323805541	0.07540188072704214	0.138865276048806	0.16197889645740648	30452.931014308808
-15690.540509664774	0.0753997056416127	0.1387987940062255	0.16184705789612402	30451.983063223033
-15690.540500887255	0.07540371449347198	0.13880456929340976	0.16185431495739455	30451.547426878886
-15690.540810945276	0.07538562066890604	0.1387606443136303	0.16180115505223228	30453.79715737563
-15690.4922210368	0.07538964006852358	0.13886241059511145	0.1619524496589024	30453.158468182384
-15690.543472188054	0.07571994272238554	0.13940983988433736	0.16266378144019789	30417.43299206106
-15690.49283757378	0.07537351712986065	0.1388307180055173	0.16191705164637046	30455.188694152414
-15690.504714543116	0.07555930897530427	0.13913949659917715	0.16231677429266608	30435.01354726047
-15691.855940930627	0.07378162020824494	0.1357428739301564	0.1582078482051989	30645.173475641415
-15690.54049867461	0.07540336750510894	0.13880320927093312	0.16185308734429316	30451.614538933576
-15690.540499361174	0.07540309900379895	0.13880353855917066	0.1618528640091458	30451.609526119348
-15690.605194970924	0.07588419588814735	0.13975136063262078	0.16301584087570306	30395.304680334884
-15690.540499187402	0.07540390166428541	0.13880563531027157	0.16185557012797758	30451.51470065421
-15690.784789991138	0.0761742842992501	0.14028153890425463	0.1636374749836475	30360.838364258114
-15690.540508981794	0.07539947769293597	0.13879605931390385	0.16184363462802512	30452.03532340325
-15690.755325259881	0.07470873025207252	0.13744596320168564	0.16019214817598335	30532.988161061436
-15691.072496204775	0.07644480143217457	0.14092751682508345	0.1642194758604319	30319.517730369836
-15690.495999154246	0.07545814718218632	0.13905190894129574	0.16210010909931716	30440.984941776456
-15690.889582972371	0.07630326746267455	0.14044215704168633	0.16391585292293112	30350.26244011919
-15690.51935318714	0.07534264730593136	0.13855211159157613	0.16155208600060117	30460.558087238984
-15690.526402359812	0.0752231826856024	0.13871912483670903	0.16159599522057305	30462.923038175144
-15690.504331093458	0.07556594441368508	0.13919015272595553	0.16233113636748597	30431.815332322683
-15690.514465479553	0.07559918062150446	0.13930792243601778	0.16240254786441993	30424.29380841104
-15690.554864176613	0.07513234392990883	0.13824185947574788	0.16109904188043686	30480.894831086534
-15690.540509985589	0.07540183135498703	0.13879713975312416	0.1618483006789932	30451.941322079663
-15690.543225633619	0.07541653199778761	0.13878392263610093	0.1618196581690538	30450.231391369827
-15690.95289361174	0.07446461075391017	0.13715994149750102	0.1599650376879378	30564.52938806369
-15690.540636945778	0.07541851037340026	0.13883491088163027	0.16189201170675846	30449.820864771824
-15690.530168029636	0.07524998036973075	0.13836284511152033	0.16135200517540774	30472.811424539235
-15690.540607123223	0.07541751075019978	0.13883272875723723	0.16188624225302597	30449.81352475143
-15690.493637763144	0.07534856190521429	0.1387940035350897	0.16186400498885442	30457.62703375397
-15690.492882878747	0.0754184908950954	0.13889961447390559	0.16201458347506817	30450.70184599963
-15693.198130733945	0.07765911643280846	0.14341814201173933	0.16713989123436973	30172.42751652316
-15690.522654096176	0.0753328622711269	0.13849508530544816	0.1615303846995803	30464.158874838493
-15690.540501661977	0.07540232561314414	0.1388009359566366	0.16184993185191823	30451.724131613035
-15690.518403687458	0.0751758667301576	0.1385093952997436	0.16149373244449944	30476.29968246236
-15690.496030029972	0.07549450521405401	0.13907994023971443	0.16217859056201156	30439.080829522747
-15690.540184541145	0.07560746751709013	0.1390270449713287	0.1621176980422039	30429.48060842578
-15690.54049932209	0.07540373211849394	0.13880426648871094	0.161854341560755	30451.565906875152
-15690.56683339388	0.07576741745302454	0.13963527242885618	0.16276466647254645	30403.09194559002
-15690.540500091374	0.07540315983398366	0.13880385013207516	0.16185295983751685	30451.588260612785
-15690.690516002978	0.0747912805397771	0.13780296257934146	0.1606622035543918	30522.269190149877
-15690.53392293821	0.07521783613477612	0.13836345864921445	0.1612829831557333	30472.90201438146
-15690.499589069237	0.07532371762624779	0.13882883830800502	0.1618119509194594	30455.599302461964
-15691.44628185059	0.07404460891328085	0.1362645515034444	0.15877227556936005	30610.852523581478
