# /home/maycon/.conda/envs/dadi-cli/bin/dadi-cli InferDM --fs All.cc_ei.folded.downproj.fs --model split_mig --cpus 16 --output-prefix All.cc_ei.folded.downproj.split_mig --lbounds 1e-3 1e-3 0 0 --ubounds 2 2 10 5 --global-optimization --optimizations 100
# Log(likelihood)	nu1	nu2	T	m	theta
-7901.595605087865	0.012499378780958059	0.027040814428292863	0.5249311780578004	3.499156451161544	99900.42710283074
-7901.5402234176545	0.008798181060184828	0.019041787272359466	0.4180200602310014	4.967859916716161	141989.65590493026
-7901.55679472803	0.01273760225529092	0.02759565659389983	0.5331484735304716	3.427340342780477	98003.37629040387
-7901.6313433302275	0.008796385333448146	0.0190863483464203	0.421841962615509	4.950172430664576	142069.80608082958
-7901.563181266444	0.008802795916783734	0.019013577690577915	0.41831048644839147	4.969349717270245	142130.92952361147
-7901.600605788308	0.008737238806056456	0.0189081811089753	0.4169176164109473	5.0	143067.63163439638
-7901.582574702089	0.008736302563449804	0.0189099532542543	0.41759899692474767	5.0	143164.4222341594
-7901.599348252236	0.011001272192534307	0.023807825924097303	0.4848139494477012	3.9722777570311543	113503.17196294846
-7901.5618013044395	0.008737830150082795	0.018937727546185897	0.4153635719483079	5.0	142744.8281873375
-7901.654517546315	0.008859008601016237	0.019145530973701343	0.42395901068540737	4.924339192888084	141480.34029031373
-7901.54514511641	0.012141737961476698	0.02626862687556576	0.5169006099165842	3.6005543945761205	102919.07195730603
-7901.548571563627	0.008907415035780113	0.019280625863781462	0.4221423474682103	4.90606628402031	140306.4433179414
-8023.896174286375	0.009783523468402106	0.02121870631617208	1.545487509400053	4.177549109618888	140888.16677388447
-8024.010433308686	0.008217460377931647	0.017757588753236474	1.427406807383345	4.972041595821831	167953.93596621192
-7901.574753589042	0.008958650817285257	0.01938783417863021	0.4213094745254454	4.883075625846141	139261.66536519656
-8023.8884430185635	0.008177479025187503	0.017726575023014723	1.3302804578236456	4.992722134389149	168517.73650700957
-8023.970252280283	0.008397629569699637	0.01818080379326276	1.6315603095331142	4.871440945759799	164320.45529470098
-8023.267585038791	0.010115689061724529	0.02189264130488447	1.310027584179714	4.04830817047625	136439.276071228
-7901.563893350611	0.013178780907481908	0.0285293925546617	0.5443936089451891	3.3148134633225936	94787.9791462432
-7901.594777345936	0.008782040719766291	0.018975855990091356	0.41978305731876187	4.970792714413877	142558.93024773075
-7901.598505560134	0.008827531512465465	0.01907166234626674	0.4175097440727253	4.962717404258898	141625.143091889
-7901.56301986077	0.012178772996966103	0.026351991075200386	0.5174038590114022	3.5892328776243243	102557.4747947496
-7901.542400862217	0.008871221015477585	0.01921847336339863	0.42078129316292057	4.920905910620928	140704.91542817903
-7901.5724910776535	0.008812444079117866	0.019130978098703472	0.4203197334974634	4.948010506105711	141620.36242706986
-7901.564237021204	0.008810623632140776	0.019069061372339997	0.4190010622077124	4.9597636767463795	141850.85969347478
-8023.2544301689395	0.009218389084034561	0.019993681272718625	1.2098995505340169	4.434287629210372	149483.99203015654
-7901.566063525518	0.008944007269898243	0.01935326802633676	0.4229831838891666	4.886814419184303	139719.683621187
-7901.652797201523	0.00913440004827484	0.01982147177066019	0.42946516974080523	4.76614995681403	136341.68716872457
-7901.592098750024	0.008821109382207998	0.019087068106749393	0.4199604395114029	4.949897155477242	141709.86443674745
-7901.549940401597	0.013245456722169232	0.02865841399957348	0.5468808396953675	3.3010826654233587	94433.85036277905
-7901.546910248735	0.0092130886622127	0.019933791893216736	0.4306584100937954	4.746556085642751	135565.2772792481
-7901.579878412895	0.012367445219865368	0.026758478932420577	0.5242362809892083	3.534876268439159	101135.91180269817
-7901.54989266978	0.01263544044314863	0.027356984237566145	0.5300848608405204	3.459926942386155	98878.4257719415
-7901.567113326881	0.008778467859001675	0.019004925842280817	0.416451226666135	4.977200820298754	142120.82179450034
-7901.55559181891	0.010027440315692986	0.021727973199130644	0.4572128697032219	4.3504075875333905	124433.66715172239
-7901.592453740949	0.01086820615227668	0.023530450534460044	0.48303417991353875	4.017997936706423	115011.45644737653
-7901.599081748087	0.009557799228025736	0.020677040152747444	0.4444008880775659	4.561479607432785	130780.99359451367
-7901.566867304809	0.01141741015084435	0.02471492257775013	0.5000847642064766	3.8250695348967443	109611.11797813073
-7901.545820593586	0.015290091668927955	0.03309629390444946	0.5955828751431633	2.856395566280898	81740.10716495645
-7901.539075331856	0.008729620771168095	0.01891772199326905	0.41682317321098905	4.999961368382708	143049.3933562594
-8023.897188142363	0.008713688242255676	0.018882192611028106	1.410539532373129	4.692418993773093	158266.51390525926
-7901.54134465993	0.008840199052086212	0.019126803237897592	0.42001719659345077	4.942911685654296	141397.91533614649
-7901.566937886795	0.008868161247064405	0.019175935112470868	0.41971299759173336	4.934051794535515	140941.44055175685
-8023.95045873073	0.008342165314663549	0.01807379287947322	1.5019242220899616	4.9007801000216125	165323.18913161798
-7901.540392011447	0.011755793742562937	0.025472664343460977	0.508133989516117	3.7134353454643247	106273.16046734096
-8023.852260539871	0.00850885979942645	0.018426006690961658	1.3407929856152183	4.8077074596018194	162147.43904144716
-8023.819429378236	0.009534305817503117	0.02065215419960441	1.4304561784962315	4.290565138395932	144688.1455675611
-7901.591123179868	0.00884571308227489	0.019150786310224405	0.4221559457617686	4.933197409958626	141425.33456474266
-7901.534366078163	0.008852271305897842	0.019161750213518434	0.4204486421333237	4.934915519344215	141159.91960487657
-7901.645551240074	0.008996784608707675	0.019477470028264252	0.42752949547387836	4.8588081465674415	139272.92876786386
-7901.602171312658	0.008809257787161164	0.01909205384632619	0.41770515956497395	4.957392104409483	141552.9137332203
-7901.590701215378	0.009552700314774058	0.020672911193094473	0.44072786782954393	4.579320690640205	130690.89430227927
-7901.606615157494	0.011453799453907024	0.024859901068933318	0.5024563980432684	3.8030303266403576	109079.00074041294
-8022.495642244251	0.009602687979613753	0.02079071101277873	1.1578174440070157	4.266200750664066	143673.82512302866
-8023.976095350016	0.008225509741480069	0.017828083026811152	1.4540785113296544	4.965757249154857	167579.24749086722
-8023.968872084736	0.008247544890493218	0.017881371446636304	1.462656380494078	4.955632589451393	167155.4605929795
-7901.560735696361	0.009457892322377318	0.02046840844343849	0.4378633774064757	4.62467484622022	131999.10673989373
-7901.580611701806	0.009005809369728663	0.019495457698022824	0.4254392312667127	4.850624982883955	138749.97593798707
-7901.552706662235	0.008778722073410928	0.01903010307747099	0.4177638046230221	4.972844430246721	142150.65975442593
-8023.754817476043	0.010985609524920325	0.023816423483065258	1.588522911563413	3.7181893622531783	125451.0583403497
-8023.972179562329	0.008481233164324089	0.018366471523548523	2.2623194213868696	4.820721594824683	162647.85808660233
-7901.568175874829	0.008823523686868555	0.019061352055629824	0.41880179247464616	4.957608392393517	141760.24242584078
-7901.573944575709	0.008960615635897465	0.019362027120751767	0.42423379447016635	4.8796258542286575	139676.16107763667
-7901.57028045805	0.012731368720097062	0.027599698689577838	0.5329899787906281	3.427599012965031	98001.32305717583
-7901.54610070403	0.009787540544559756	0.021193874047503038	0.4503073452097501	4.461953722160213	127659.0200977323
-7901.610956432139	0.008744915305188597	0.01896493164675609	0.41779962432647555	4.981041635110746	142631.09151682004
-8023.631335983612	0.008225246470364274	0.017824391279527653	1.1866410596453387	4.968115888023401	167600.315768113
-8024.016622855458	0.008188261956356656	0.017728567408379456	1.7335913708214006	4.998613937453917	168555.7307318869
-7901.564084090216	0.009594078696862723	0.020774220340750767	0.4418276423248309	4.554110774358971	129972.2032749837
-7901.546991845504	0.009213218246198054	0.019956354654822737	0.4325430904386631	4.741633084627694	135657.50798989463
-8023.995855578935	0.008269121412977188	0.01793192981580125	1.6669262076783034	4.9382386568010075	166645.74083531933
-8023.956180060888	0.008215013201020175	0.017806384559708413	1.5310826664542967	4.972216683000522	167791.90702423363
-8023.9684055878215	0.00818021640412453	0.017743329283101992	1.514060552174405	4.994915235446299	168482.15852929844
-8023.975442419447	0.0100959128094303	0.02187225329681614	2.799839933745243	4.0502438995133225	136620.3396335636
-8023.87469291714	0.008236005166052813	0.017855912329968065	1.333706754588808	4.960406494502583	167355.133898787
