# /home/maycon/.conda/envs/dadi-cli/bin/dadi-cli InferDM --fs All.ei_cm.folded.downproj.fs --model sec_contact_asym_mig --cpus 32 --output-prefix All.ei_cm.folded.downproj.sec_contact_asym_mig --lbounds 1e-3 1e-3 0 0 0 0 --ubounds 2 2 5 5 10 10 --global-optimization --optimizations 100
# Log(likelihood)	nu1	nu2	m12	m21	T1	T2	theta
-4691.288070485497	0.40735246107579604	0.7588933865824754	0.07372340831737371	0.4361254331286509	3.853973744787658	0.1863141142749543	8277.912065830104
-4690.918374020055	0.40728852831593215	0.7593770457967259	0.07300604456750104	0.4403785026730312	3.8591995646328376	0.1847850927829545	8273.555975182946
-4690.593200986917	0.407652778678157	0.759065104907575	0.07283260350425089	0.44045076111781833	3.8573756532690995	0.183594945754461	8275.8133057137
-4748.207838784592	0.42519306067303836	0.767497891548637	0.06444209220684419	0.3826393999011314	3.810754561017862	0.20684714207534377	8217.196946470667
-4700.732312904525	0.4155797916211434	0.7561420403781571	0.06922309670231189	0.4247619206280947	3.8159221695758503	0.19324723455629164	8286.068671577124
-4691.288070485497	0.40735246107579604	0.7588933865824754	0.07372340831737371	0.4361254331286509	3.853973744787658	0.1863141142749543	8277.912065830104
-4690.865232232086	0.40719805441449813	0.759549995017364	0.07304589615186266	0.44057075141060503	3.859944645700451	0.1845595653327151	8272.964490339258
-4760.42325149991	0.42402840712320294	0.7785950756128761	0.06394171403801895	0.36831637937793915	3.819302484283123	0.21867906979827328	8178.095967958027
-4702.501232564134	0.4173834274630896	0.7554844469021271	0.06899707670165436	0.42258141257247145	3.810766599340771	0.19299446871562825	8286.197901023848
-4765.50280514484	0.4193006562156919	0.7643915711909112	0.06884469607638792	0.3606968443352348	3.818046407639527	0.22469434175300915	8219.107173097142
-4766.402307547255	0.4164935176196182	0.7653738966024491	0.06943685991066854	0.35874968983047634	3.8233724579285484	0.22624191710516295	8220.168844216472
-4717.932559192713	0.419053931144456	0.7636247009035283	0.06805478771440379	0.397764388794793	3.820175823179271	0.2035892074353623	8241.830581165294
-4785.6719296581905	0.409311765059013	0.7720335305505291	0.06761824381347285	0.34663364018132964	3.8287564093100834	0.2383626973207468	8214.991616355755
-4755.084225289147	0.4226778957750192	0.7735594620751963	0.06397057867846677	0.37404872349529406	3.818123766973891	0.21302407658924927	8200.032426312451
-4960.4168378744325	0.36164750401475504	0.8131510735916313	0.08049329855886549	0.3166098263494024	3.949853490270395	0.26247958544077765	8153.48844932178
-6674.457828846784	0.015623354241447309	0.025409053614579517	1.185921246556335	4.95	4.942399681054679	7.751691630615585	196919.85917920864
-4876.81051334335	0.38037069666241147	0.7850892773919788	0.07089884349388761	0.3231318875368121	3.884996536470435	0.2647053745307286	8209.166972184714
-5130.232798042692	0.36057351890285977	0.8513797825900021	0.10219659007126936	0.335354541815621	4.092009698996833	0.2493892673694239	7953.513819588309
-7486.462709063367	0.6098880943140254	1.1061372677179238	0.03415053920031802	0.20894495185318143	3.429068127237229	0.27024517471327547	7283.217650829203
-7486.462709063367	0.6098880943140254	1.1061372677179238	0.03415053920031802	0.20894495185318143	3.429068127237229	0.27024517471327547	7283.217650829203
-4802.245385853948	0.4075072902761393	0.7491937653212462	0.06933548973993062	0.3468122780381248	3.8196951575500013	0.25006271654942064	8267.944081953812
-4802.245385853948	0.4075072902761393	0.7491937653212462	0.06933548973993062	0.3468122780381248	3.8196951575500013	0.25006271654942064	8267.944081953812
-5298.9346351211	0.36807623505697135	0.8903934097349672	0.11373044970133075	0.3345732989832574	4.09642352687248	0.2292384280151299	7863.724388420494
-5135.947420019086	0.36300948517980375	0.8617108825623279	0.10257985380478864	0.3358719921554447	4.096043029645174	0.24652548732429583	7923.743218402714
-7552.085194484181	0.008596358205949652	0.02199264027120894	3.622969980229486	4.95	9.9	1.3425173709225169	266486.90896130214
