# /home/maycon/.conda/envs/dadi-cli/bin/dadi-cli InferDM --fs All.ei_cm.folded.downproj.fs --model sec_contact_sym_mig --cpus 16 --output-prefix All.ei_cm.folded.downproj.sec_contact_sym_mig --lbounds 1e-3 1e-3 0 0 0 --ubounds 2 2 5 10 10 --global-optimization --optimizations 100
# Log(likelihood)	nu1	nu2	m	T1	T2	theta
-8166.338720815635	0.02230205739199977	0.0664993125835146	1.540914201984066	4.335937439205075	4.318230139825359	94195.48986932346
-8165.1136898564855	0.016995001203884894	0.05058234212201672	2.0234811148522374	3.4283452107439487	3.7117897832085887	123737.13120239464
-8193.069620692648	0.028007233310633227	0.08351697843767848	1.2423300565367634	5.840997306455882	2.833004404923716	73959.05510402951
-8165.688747341555	0.02874142092432182	0.08564891413274085	1.1971897937712583	4.287349278560722	9.885346888805863	73156.23736245971
-8166.49224951538	0.01814689561497599	0.05414010634328793	1.8949348415507659	2.8557966366407284	9.520967883967158	115784.90584059898
-8168.086317460738	0.013686105791894092	0.04092825067409816	2.5094186767989313	7.024666670152766	3.4779224113049874	153304.5871754249
-8166.748531926063	0.012206305456957021	0.036424331466117156	2.8141954691576325	3.322944635312335	7.172434082226848	172037.4436054186
-8168.024956801882	0.027501409704942057	0.08223466373753609	1.2489340738110994	7.858841843515023	6.55162609065965	76298.14021159514
-8167.070788830675	0.016852284941611333	0.05031631572834104	2.0386240399086146	8.781431629074122	9.45010102404619	124592.00090527361
-8167.9435472454215	0.013080001732146332	0.03912176032258242	2.633368212760381	4.876035947517456	3.4165586627210036	160619.4272359085
-8165.9943447628375	0.013467780301143371	0.040147902327947044	2.554186932858142	1.4789307304087869	2.6531086739381653	156073.73403121938
-8165.61141692027	0.009731996574236727	0.028992605271978163	3.5337149584168746	2.361484971065747	7.6015928620188085	216018.74284557073
-8165.663661259275	0.013030417949375615	0.03880055088380094	2.6350773298265713	2.4886242904377736	3.401836135797357	161245.20536994003
-8166.243693425239	0.013356968076948595	0.03982297789094286	2.571793510113943	9.508835770885847	5.359733956784175	157266.4497121683
-8165.086678380071	0.008657272275951578	0.025782048370649426	3.9818344703875312	3.038464185140591	9.056933281405843	243135.03710952078
-8165.648480809053	0.007943977420739394	0.023672557949331194	4.331835865394018	4.874816273031349	7.868800996569487	264692.5748422394
-8165.394867684653	0.01643403540732167	0.04895391758854136	2.094928743495576	7.842936188151224	8.15418842072247	127993.82200691864
-8166.360294503645	0.009823765232896993	0.029312796299064307	3.507757628317534	5.210447371377537	9.79646478963205	214082.41259126263
-8168.539433122497	0.00782486151421631	0.02341314304339056	4.386179682088198	4.037549248555459	3.5685184585469965	268003.79214510333
-8167.291473329634	0.009923000490868335	0.029634413354325144	3.4607828477487925	7.1026926915529325	3.846521115800486	211536.86204611283
-8165.723953580492	0.007239423926743506	0.02157658740901839	4.75438497154092	5.294631587538461	3.428509417096732	290463.83482773654
-8166.757756472301	0.010099249628862945	0.03014365013515878	3.405326102500416	8.182218940386205	4.319783645993816	208028.36270163557
-8166.082241516525	0.007652111079745513	0.02279220019955815	4.482232058644975	7.108051954501414	5.407325069990771	274408.26757241244
-8167.760568453814	0.008728842812262062	0.026085566698122967	3.9316888721552283	8.721903362406861	5.248554030833987	240346.43576249725
-8167.584300222365	0.01092829166281029	0.03264940988527811	3.1408519333538503	8.458723297296844	9.463821067062582	192005.9488412755
