# /home/maycon/.conda/envs/dadi-cli/bin/dadi-cli InferDM --fs All.cc_ei.folded.downproj.fs --model split_mig --cpus 32 --output-prefix All.cc_ei.folded.downproj.split_mig --lbounds 1e-3 1e-3 0 0 --ubounds 2 2 10 5 --global-optimization --optimizations 100
# Log(likelihood)	nu1	nu2	T	m	theta
-8233.969902018884	0.029072663140723497	0.0676096311562623	1.4726072960954546	1.1886893403060423	41603.466517419605
-8245.477637119297	0.024858229558362994	0.05793457700034823	1.4898259765540285	1.382896368057341	48884.876648211466
-8237.464657008775	0.01948540656180578	0.045255439308250336	1.2118548756414702	1.7724191066736665	62174.19686514759
-8285.948435693212	0.025479060828598875	0.05929617443226436	1.9572171879487616	1.3325208678486573	48216.0377700595
-8293.314720062197	0.03606437527502167	0.08388786613457891	3.9549808990751814	0.9393488902969422	34318.06129900749
-8294.916032484203	0.021945413748993902	0.05103983133207272	3.3524865415433105	1.5430557322138918	56416.97342987484
-8294.086970094682	0.032782352254286606	0.07635460145783855	5.975979756479568	1.0325496645113346	37744.061438935365
-8295.773866490656	0.025796239126742934	0.06004718732409607	3.930854964660852	1.311884582645302	47967.648884754744
-8296.441499148641	0.019467182673996122	0.04529557084563586	4.251333464689053	1.7383761314050248	63577.92402751394
-8294.677570010741	0.013433918819343287	0.03128291048160993	2.4929131952021795	2.519491483099087	92107.23154529088
-8296.417613096306	0.024018118902205354	0.05582423140687172	8.061080733571456	1.4096812239956575	51563.35572485011
-8297.166613300866	0.023660387097980698	0.05505525801991641	8.20052174815238	1.4299576540290797	52303.95511285489
-8295.43284525695	0.02404323124812187	0.0558880979428786	7.850994133299849	1.4085470851631143	51513.09405754918
-8294.259567588826	0.016935895843454958	0.03943474054160637	6.784736463542566	1.9988336164947538	73071.20078886807
-8292.251312952381	0.00999542445477366	0.023240579058113057	2.6794201469100067	3.3909122308442217	123943.29765654317
-8293.076661756764	0.01011859833583002	0.023512270554428484	2.3560213607254727	3.349753223489812	122464.59231466748
-8294.372553910784	0.0176765450537892	0.041104183846607405	6.099057340617317	1.9161549245218783	70061.86651542342
-8297.111447486193	0.013341721450083267	0.03105132141488327	5.102150624942993	2.5357069146621813	92746.01020307245
-8297.011142229047	0.017991597358734162	0.041839855313701345	8.461463296632214	1.8810872797807399	68808.40961494153
-8296.509753332786	0.01656693750469878	0.03854986560884054	6.586957729303889	2.0425993643003224	74704.77411952538
-8296.705933602738	0.008518731843126995	0.019828401973756533	3.876915933061705	3.9716243872682457	145254.6805202982
-8298.75735463199	0.00767115785455587	0.017848063194091154	4.248968178155919	4.408622998912581	161299.01416243275
-8294.904097344071	0.010781575871611262	0.025061498143781828	6.521135426513443	3.141597986739033	114884.04078717534
-8297.30681549785	0.011910320859744307	0.027749608088600632	9.802154200154911	2.8389431947505024	103826.39486025617
-8292.304241118136	0.007033401985472181	0.016374562058356225	6.974047558246907	4.816146297885848	176010.71919961163
