# /home/maycon/.conda/envs/dadi-cli/bin/dadi-cli InferDM --fs All.cc_lo.folded.downproj.fs --model sec_contact_sym_mig --cpus 32 --output-prefix All.cc_lo.folded.downproj.sec_contact_sym_mig --lbounds 1e-3 1e-3 0 0 0 --ubounds 2 2 5 10 10 --global-optimization --optimizations 100
# Log(likelihood)	nu1	nu2	m	T1	T2	theta
-5229.203678381235	0.05557454951941665	0.059325874549618934	0.7915553856184533	0.5798987495875576	5.077071054716941	24573.89704398827
-5228.729201377061	0.026846173909559116	0.02861294686212951	1.638708735006233	3.0348427233869435	3.6376599103059775	50907.63303698983
-5228.563223570211	0.0394867222205549	0.04206739974992486	1.11441034715409	3.7098337912373345	7.272982417517376	34623.46384435988
-5228.690014284722	0.028996191647919424	0.03085469176522276	1.517863726832241	3.63377117672702	4.044506319720719	47159.69938020927
-5228.61620892073	0.025264005177300583	0.02692583177124257	1.74275241212653	2.5172555567198747	3.7747489590281726	54124.97414578589
-5228.570733366943	0.041381952122318426	0.04410357556688188	1.0634907683190065	2.7081780494455163	6.88761795786465	33037.168307689906
-5228.79431584088	0.04887315916213711	0.052008866743771476	0.9014584678963988	6.2715441887850485	6.409426248390294	27991.98022094116
-5228.580784359685	0.031032647648836332	0.0330554181554627	1.4183475030995076	4.943093204919482	5.094818979280382	44062.06602356612
-5228.566047606836	0.034857478871241306	0.037140860370466273	1.2623808831342904	4.270288376952957	7.529075327512505	39220.197367951194
-5228.950228915974	0.026947157726883327	0.02870288850009145	1.632987118804072	5.029177822613885	3.510463602262764	50719.923893393985
-5229.018745526915	0.03938183627831703	0.04194009861437143	1.1189783349119475	7.990247988049988	5.063877593812392	34731.10070661902
-5228.792977785695	0.03835351252297841	0.04087854822585146	1.147510691391458	6.330033459664676	5.165608544986608	35639.27603961089
-5229.587316003183	0.03007607558359981	0.03201742810606537	1.4643187990803332	7.841066698319302	3.662183165978483	45443.587407221465
-5228.563953988052	0.04427308428305746	0.04717970986195579	0.993975623976848	9.41869224117869	8.37381444559708	30879.404234160123
-5228.82672393529	0.036265404501043486	0.038612374486012	1.2142966426922053	2.1366709034561233	4.418437600397976	37709.50043551296
-5230.098582431757	0.0335174048758118	0.035691787339525556	1.3150019744579853	3.154071517932108	3.521616238308481	40774.707910210076
-5228.868672628972	0.03218029182263903	0.03430663854421227	1.3673632814292074	7.840794355252728	4.379742505116854	42466.991034867606
-5228.652396093354	0.033300833529152626	0.03544926090824136	1.3223767011911438	3.3439589657783952	4.690092979339927	41073.744979348434
-5228.723437140799	0.03170090492298681	0.03377094708906982	1.389274328949076	7.301482528518436	4.545785750608033	43140.843313364916
-5228.813463165863	0.036320938552332614	0.03869269767718979	1.2098567835801448	1.7242802853405312	4.4083521680554485	37606.21329849169
-5228.727730484285	0.03357743413296606	0.03575210551661764	1.3103076937243803	3.8903405871587227	4.5594013791122885	40711.87673468245
-5228.775496430752	0.03071783674252081	0.03266385120117426	1.4328811935534274	7.597120929285179	4.326672703097555	44520.72130796291
-5229.220757028295	0.03567898160680993	0.03797615032176489	1.2349527909668747	8.045654336734707	4.4714390529746435	38330.17263560724
-5228.603147447562	0.03500132423406601	0.03725357251774169	1.256853134122607	6.441827938637388	5.507392083238949	39059.96349692617
-5228.614768250165	0.025151162571091668	0.02675966920311342	1.751372818389499	2.6158208913760106	3.7583920495493626	54398.51291752674
-5229.396260087777	0.045127883338582434	0.04813255005185356	0.974519602292058	9.72600958371924	5.497849813183816	30257.775462044876
-5228.820212018713	0.02723145257875344	0.02901166234672521	1.6152393577342776	8.11734363381313	3.8345193422311588	50182.65672842345
-5228.572781391352	0.02296077817722011	0.024395795437097956	1.9179168801958384	6.600732190955778	5.504621907300798	59597.15266865882
-5229.254300812675	0.0441651722512791	0.04688587564806341	0.9977513366131417	1.6900427614557498	4.625337738409376	30981.39301786904
-5229.167172524515	0.038216886137250765	0.04063382780532977	1.1542010985247357	1.4713113897395516	4.099452667106056	35814.774080702904
-5228.572053529913	0.02862670973664629	0.030476924049928147	1.5379925716102918	4.827868380067678	5.02891683612732	47777.69851840931
-5228.571050638381	0.03630742737877625	0.03872108892918578	1.2109256033480855	4.3405761359540564	8.185154198324199	37630.249794953976
-5229.049083484113	0.028925994891346514	0.030763581069545978	1.5224675096781735	2.6054874878232215	3.454807043529617	47279.48155184952
-5228.5617258645	0.026751441637534793	0.02850067835463272	1.643826721337783	4.270679226915664	6.416282601102894	51087.7699078639
-5228.565461013055	0.03578831470877013	0.03809475428870434	1.230899702653055	9.216178643910647	7.88788949618706	38229.592784982706
-5228.575870412373	0.01767511540048286	0.018836245345732926	2.490649066163406	6.010005406283723	3.264173028057838	77361.70947519295
-5228.566005808083	0.02691654198635893	0.028628656241231978	1.6353810997476288	6.3435467180324	5.533292825927047	50817.407408506195
-5228.643892992776	0.03162821085190849	0.03366437903510848	1.3922296428775012	6.093647735729857	4.722348156611952	43245.91475718785
-5228.718655136438	0.03580543618295944	0.03817625643938871	1.2285502266184105	4.460617052765221	4.901340811589997	38165.29301403427
-5228.661306844679	0.031029701067173125	0.0330487987912477	1.4182221195485016	9.975723978465155	4.779312854687921	44060.083896162294
-5228.977699330484	0.020864484585217787	0.022206507589037028	2.110778293636383	4.1867175296348895	2.7281595389465845	65543.03591226763
-5228.897734547837	0.04768137476794995	0.05072919340854662	0.9238451285410487	6.863916191499792	6.098452821192181	28687.852913337916
-5228.776717469091	0.028055547927339382	0.029863272290636688	1.5687439213995338	10.0	4.063343578582216	48734.028201776164
-5230.484103219465	0.03485978216111976	0.03709600340282884	1.2648807574675338	5.6656640681813055	3.7694632454043333	39204.96955269879
-5228.572607040249	0.023360338003940617	0.02486451749440748	1.886085191860971	4.932367305668659	5.194216339524698	58574.272710642006
-5229.213559645908	0.05153012190670747	0.05489441436251876	0.8545072086569923	4.136277338042386	5.81197383571932	26526.15015985534
-5229.670283613481	0.0416266143292217	0.04428943611492501	1.0582298110519908	7.147472685391914	4.803876353742105	32838.76395166554
-5229.918356756378	0.024014390254401902	0.025592048887545554	1.8333108010066248	5.640476742154584	2.822079979330694	56876.33575564035
-5228.564200860994	0.019446257136839472	0.020711381660354092	2.263111497213478	3.2023524932841907	7.242413126207101	70312.70476521151
-5228.569410186138	0.022325973933856724	0.023771945251181033	1.9729063942183178	4.271137103853004	5.8094859022969585	61274.694859319505
-5228.5970182443625	0.023211180462381284	0.024731648219040274	1.895264263823845	3.263401755319025	3.649543129839389	58888.61872948389
-5228.999475675454	0.02485943873323269	0.026452015629171616	1.7723624257152084	3.183680791580015	3.1047470204865717	55024.72575558768
-5229.566574463819	0.03952924985748057	0.04204496935453845	1.1141316732425761	5.907535661119117	4.548396238417232	34582.00521992465
-5228.73374379449	0.03272873580254639	0.03478661370893829	1.346630345955133	8.66674119334044	4.734020421807175	41820.093475760885
-5228.623321689179	0.04886600299043971	0.051943929803033376	0.9017013608193749	2.7028160164431556	6.788665518409339	28007.933583376307
-5228.566799796598	0.017293582596407425	0.0183768067947517	2.546291645457931	3.2145142542634617	4.168515525973815	79123.24178321888
-5229.301039366973	0.030788286485792217	0.0327217152510318	1.4301115082135285	4.933547423836037	3.70679220059594	44411.76647907673
-5229.707261072246	0.03390226207560918	0.036107559327069744	1.2993716838405036	9.306414708511777	4.093904064090358	40312.1850704882
-5228.5661361073835	0.030788444934013136	0.032783289292647434	1.428874215606031	5.032568327974518	6.428256577007932	44403.47600575395
-5228.572667086142	0.02521361026092479	0.026809676714975368	1.7466991077814893	3.311146932353833	7.027428414934246	54266.9081459157
-5228.561920375367	0.02489382189490957	0.0264950305935789	1.7692976040645043	5.914265302932415	7.320278738275249	54956.754603962676
-5228.62219098776	0.03000229976292766	0.031920966813140314	1.4670712312510157	6.77871261831365	4.648439025139093	45583.78713088623
-5228.569800559413	0.03759023117675949	0.04003115678985434	1.1711198669309197	6.84948163447822	6.688812041505132	36380.83706107288
-5228.627527827136	0.03742958530300864	0.03990473815822516	1.1751484883116288	9.288191432969482	5.869406321314521	36511.21710572475
-5228.844497312388	0.026706043829908536	0.028447100452706955	1.6492143308680163	7.62789081001239	3.71470563408898	51206.81964551909
-5229.277839945614	0.05455114151239585	0.05800436074071842	0.8072925672134341	9.740424577056585	6.597203999674359	25066.229010622985
-5229.007244377411	0.03671956015000033	0.03894862784957773	1.2004473112480483	7.341687178800918	4.753423420627864	37283.9559521153
-5228.68905354246	0.016861029269602004	0.018027705311896926	2.6086210936445813	3.878948854590516	2.5804133911781855	81003.93842266109
-5229.429956863955	0.02451017559500079	0.026069566827605712	1.7974778685756891	7.277888793917568	3.080532941584321	55790.524667589154
-5228.576114610634	0.016389846688296576	0.01742921737395749	2.684893267442304	7.763003733888827	3.156290781895279	83444.38477987431
-5228.730695245742	0.017547472030252448	0.018708656622042016	2.507343383350995	5.366858142107627	2.5889577614477495	77883.98235294486
-5228.855726006526	0.016282029275982022	0.01734181509973471	2.701741442568927	6.325692950568974	2.333024993130602	83936.45733664696
-5228.575744797082	0.017299543775819676	0.018405490809619174	2.54466974976639	7.5334782767695065	3.238479575418305	79065.00228131667
-5228.565014778509	0.01655406320854955	0.01764046842515239	2.6586902269542922	9.712432740468984	4.3101516103044055	82591.92914682167
-5228.566032730222	0.018159264504929197	0.019354774601001046	2.4206043724198807	9.515686102847921	6.2989422409885	75237.66257557018
