# /home/maycon/.conda/envs/dadi-cli/bin/dadi-cli InferDM --fs All.cm_lo.folded.downproj.fs --model sec_contact_asym_mig --cpus 32 --output-prefix All.cm_lo.folded.downproj.sec_contact_asym_mig --lbounds 1e-3 1e-3 0 0 0 0 --ubounds 2 2 5 5 10 10 --global-optimization --optimizations 100
# Log(likelihood)	nu1	nu2	m12	m21	T1	T2	theta
-3769.692890686404	0.04791591556605727	0.01019025067418957	2.5611291646832797	2.111845194694605	2.511252095547863	0.7955790910734329	89320.00103906971
-4015.2922720991137	0.038469833565936196	0.009372557482743222	2.96539107615791	1.7455765570602049	2.215921992360214	5.777372658492514	134549.6789440498
-4015.237835897665	0.05468111872166226	0.013393081549444746	2.091071385263066	1.2163272873762077	5.541560419614486	4.158902599299948	94520.76703822472
-4015.290462668365	0.03665266038196859	0.008941707511136328	3.1135880165773595	1.8288793352827248	3.363532829496417	4.64144290559293	141176.34719034235
-3769.215597915577	0.06108923977954618	0.013381362081740246	2.0182686553036104	1.5746422112857812	7.594175621107856	1.2567803257452628	69757.93392059069
-4015.3145005162337	0.03160299688818513	0.007673522924246919	3.61303179334571	2.133732204084454	4.362793257050811	3.112057488437085	164019.42451570823
-4015.2764779153554	0.03487151983265625	0.008500326042273014	3.2749715087571483	1.9225552258568677	3.06265355590443	3.017392464823356	148440.27902177078
-2335.9823456554786	0.8123575920771102	0.1511002783340952	0.31993396383706246	0.1473160128003648	4.028701494083835	0.2543294635023826	7389.235823274705
-4016.4559576835663	0.02275992814223412	0.005505589996854904	4.95	2.986595240805947	0.06730098400516263	4.420627777851507	227043.30438045424
-4015.5557047501584	0.03217780012980904	0.007938741649745507	3.558234118598282	2.0384641487159394	3.465362300960682	7.870861901290111	160195.3865930066
-4015.84627555308	0.03959798333071603	0.009495068797185077	2.8661387324184457	1.746051913030934	2.6275572572845123	8.539123884134055	131382.60741781202
-4015.297607354049	0.036819322310406494	0.00895676127344033	3.099049242998981	1.827644075857084	5.719636667757245	5.181930854687245	140668.17370028343
-4015.2265402937937	0.03608207240000277	0.008819737609258456	3.1648888233704935	1.8491509273597013	5.948951212813614	2.899699181027373	143286.8284250489
-4015.4673062968745	0.022942141352895778	0.0055815464326102	4.95	2.9347714062940464	2.825019728138506	6.625752481573403	225378.4334441781
-4015.291637354526	0.03672565640853722	0.00896724144856497	3.109228936857132	1.8216924116258384	6.977273994397702	3.8637865733610894	140864.17412618845
-4015.294935959826	0.02497051795707661	0.006094173750499894	4.571235322210329	2.6784976257912314	3.7127795750142147	4.122279369239066	207146.74324489187
-3786.7479509806453	0.02398429929453585	0.004592694657217696	4.95	4.944949262882161	2.9321274506760213	0.4692834738731966	179250.89846393664
-3769.2622913629057	0.044155795638906384	0.00971277642869969	2.7933235001162684	2.16990888980492	7.20532723696493	0.9755923310102519	96379.72128840255
-4015.307670051948	0.04036681358985819	0.009814904112543007	2.8243164036475656	1.6699909871147844	9.9	4.845167573521105	128314.32262812847
-4015.300524908921	0.02512655838113635	0.0061390542390675	4.545885924091649	2.657202906141061	7.1079954727154835	2.911248598839138	205823.4711419944
-4015.315408793684	0.02558607649778083	0.006262256771327955	4.466981246404025	2.6044334639949103	9.277389354725967	3.820365450404738	202068.00351093686
-4015.4052513952774	0.0235361873614342	0.005693702796615672	4.839403860498521	2.8899655849698394	3.659701724263873	9.9	220468.0835909739
-4015.2962904011656	0.03435129874539977	0.008367067239862648	3.320879435191716	1.958009858840418	8.872303493187543	4.081573004934857	150729.42194661775
-4015.354491821109	0.025025224700142276	0.0060666193267535804	4.550589700624638	2.705831985742987	7.984770612014219	7.40342199929199	207120.27724908374
-4146.202681711493	0.020850426561976887	0.003947153200020365	4.95	4.916261953901888	9.213686716190422	6.196774964405229	270070.6306043145
