# /home/maycon/.conda/envs/dadi-cli/bin/dadi-cli InferDM --fs All.cc_lo.folded.downproj.fs --model split_mig --cpus 16 --output-prefix All.cc_lo.folded.downproj.split_mig --lbounds 1e-3 1e-3 0 0 --ubounds 2 2 10 5 --global-optimization --optimizations 100
# Log(likelihood)	nu1	nu2	T	m	theta
-5431.253845087201	0.03098594189873907	0.038511288433278584	1.0075530582559786	1.3308669503756547	37865.41769304015
-5429.184577448063	0.02750637809641833	0.03421022173257154	0.9745096617651918	1.4968879597872167	42689.00777820672
-5310.011387694912	0.029199948305754547	0.036339397859600726	3.163887980514975	1.3433358710577006	42686.068840592925
-5309.883655640232	0.05139520113757667	0.06394373368699405	8.119232062233895	0.762506837118944	24252.233252228776
-5309.52417499229	0.04451146091059946	0.05536014462948834	6.0372048969357115	0.8807067463448283	28008.926583434986
-5309.942991216639	0.028622205754995304	0.035622930890079584	4.195568263792524	1.3694082898710374	43547.880929332234
-5425.5036817530645	0.025597235153827558	0.031782857179357624	0.9499839068098569	1.6093751835279022	45958.75649241843
-5310.256527647175	0.06181089370588127	0.07694865440246643	9.224218629225108	0.6339339551963276	20161.67803626188
-5310.156918250326	0.04053950701647334	0.05044223024401562	7.823490718925235	0.9664026432353181	30741.028591886214
-5310.030723782436	0.07010977863966496	0.08727959114328673	4.00554316286152	0.5593370389436356	17778.16084384476
-5309.873905688363	0.046771861427889416	0.058182055679001574	8.818217283876177	0.8378225500420128	26649.501535138344
-5310.684849990794	0.04000340603100988	0.049830190407933565	9.046877583739757	0.9793012719075705	31145.260784367943
-5309.879058554407	0.012640513970172074	0.01572813351696116	2.8351260139692553	3.100456308781839	98609.05501514798
-5310.198918939695	0.010574109248711685	0.013163843281140411	2.415426861491031	3.7058536351065006	117858.46038231468
-5310.947569690083	0.024584664666469417	0.030625035335774653	9.537387838079706	1.5929994067608977	50669.73633966061
-5309.313687187273	0.022402120918390923	0.027858999466655255	4.407759105670069	1.7501355760260107	55658.52827504195
-5309.7627901928045	0.03143018777417225	0.039118800244196894	5.430151294801362	1.2473079613542226	39662.37955438347
-5310.670819192101	0.011131986451673726	0.01386124891873472	5.54342268298024	3.518495201085093	111918.97269644821
-5310.015555252215	0.019236607085036755	0.0239490574182695	8.826152148257629	2.0375914473289822	64793.87485595864
-5309.678561016919	0.023393976489514884	0.029104187688200348	9.69952870501047	1.6755478799121857	53287.84315530918
-5310.551548148185	0.010304904238987016	0.012824436984842954	2.9359194206424575	3.8004360077896386	120906.8650207061
-5310.250053475394	0.01303074645842859	0.016221010005430875	7.935209521062394	3.006913575271417	95635.40640203631
-5309.898123651745	0.008362998916939928	0.010407035444167875	6.849968936758086	4.68640806112951	149044.3483356383
-5310.507816418979	0.00967695138666473	0.012046325079327036	8.844356469135512	4.047853861671762	128759.41092682543
-5310.262977764891	0.01086548350873349	0.013523936175020072	8.177239673237208	3.60585922697323	114691.75827527209
