# /home/maycon/.conda/envs/dadi-cli/bin/dadi-cli InferDM --fs All.cm_lo.folded.downproj.fs --model sec_contact_sym_mig --cpus 32 --output-prefix All.cm_lo.folded.downproj.sec_contact_sym_mig --lbounds 1e-3 1e-3 0 0 0 --ubounds 2 2 5 10 10 --global-optimization --optimizations 100
# Log(likelihood)	nu1	nu2	m	T1	T2	theta
-3785.6254478506726	0.10103716586227975	0.01925406119978724	1.1861338498335583	4.411782933977653	1.38606319914477	42909.728149651244
-4149.32070399624	0.04838033565856011	0.009099115527871912	2.144984567132822	3.260069447066537	5.000785342967764	117000.18674388448
-3785.667388139921	0.05247017573974705	0.00996821297258317	2.284779372276941	6.359092369159483	0.9816753143503522	82718.88226956133
-4149.322078061139	0.0522416752216511	0.009828694966972373	1.987272582839834	4.014696329892222	6.889626861656399	108373.32952585001
-4149.335315236953	0.042270599024442274	0.007944797350164302	2.4583334343905245	2.9226188984800827	6.185772492114363	134014.04225850024
-4149.327045751186	0.057464201735051054	0.01081940440133019	1.8046479597741938	6.040174243502792	5.746382510769041	98459.84485982539
-4149.255404443199	0.04675796635474553	0.008792069016119218	2.2192706397453406	8.144941115749122	3.494196859798927	121054.37776995606
-4149.321282670533	0.040658176006837535	0.007650273723672226	2.551998999072352	4.490832880174404	6.395891642859515	139205.7934326779
-4149.322041842181	0.05111608944745693	0.00960982995486353	2.0311640669424085	5.267500695446176	7.221233587292596	110770.12519363017
-3785.649610214474	0.06447792967345091	0.012270954428482124	1.8596237220447212	9.414960859717892	1.2505102753491042	67223.56040573207
-4148.504023660415	0.0530215531211833	0.009975046601559434	1.957148844542967	5.427780796590612	3.0887736394217598	106715.6831164887
-4149.323150050487	0.03402981996731361	0.006397679417615252	3.0514793955990576	5.015811221695404	4.4986317256361055	166401.0072962465
-3785.6487198296604	0.03403389538016341	0.006472805915171588	3.5209809251975	3.771506215222098	0.6366408001629306	127439.41138227213
-4149.320720643049	0.05456466050856998	0.010261906322928099	1.902257011833604	8.427371825715891	9.496224065123572	103750.80503149568
-4149.322062987845	0.03961786895392834	0.007457862906870393	2.619172750579094	5.297541998790465	9.777779842416676	142860.65730687557
-4147.721185298401	0.04961402159700275	0.009337017193469231	2.0935667785802696	8.952622903955838	2.847514106848548	114060.5009465672
-4149.322673146251	0.028113470210449992	0.005291227668260031	3.6901257402715717	4.533214480179369	3.4410438177778824	201299.69342789974
-4149.3209247558825	0.021274118099936207	0.004000155024027651	4.8790731843568835	4.280550552316067	5.5378071518868275	266111.1687870893
-4149.324213645288	0.05671881237982076	0.010681391707249488	1.8295897583637732	9.476328360626674	9.880862055252518	99787.43019669823
-4149.320880782725	0.03296240181074269	0.006200905917917309	3.1491756581719867	8.87139005950448	5.099092141676732	171748.52132946192
-4149.321153586398	0.028419343078736267	0.005348146612420393	3.6513698094273295	6.255434565768176	4.947709397075601	199162.81844200275
-4149.322665798318	0.024043140498241865	0.004525099916608621	4.314770875345768	5.951443084442902	3.1515426739613166	235376.58050316773
-4149.323224498143	0.025273885534357124	0.004751872782254596	4.108642312018009	8.27058762305614	5.53787986697893	224048.11781196293
-4149.255448519443	0.025116292322412224	0.004722883217814529	4.132486273732355	8.828304079138883	1.9758401260881409	225389.09688088845
-4149.3206516451555	0.02819038944483297	0.005303275170076332	3.682020924116779	9.886898345974108	7.848604083837325	200814.56012615375
