# /home/maycon/.conda/envs/dadi-cli/bin/dadi-cli InferDM --fs All.cc_lo.folded.downproj.fs --model no_mig --cpus 16 --output-prefix All.cc_lo.folded.downproj.no_mig --lbounds 1e-3 1e-3 0 --ubounds 2 2 10 --global-optimization --optimizations 100
# Log(likelihood)	nu1	nu2	T	theta
-9104.970154604298	0.09592575012679759	0.09411249431999494	0.1745641133423885	13905.93714042772
-9104.970155370127	0.09592263598647334	0.09411011319772877	0.1745577817762757	13906.054995909211
-9104.970153447697	0.09592436001134279	0.09411156861446397	0.17456183732813146	13905.994948167792
-9104.970157679423	0.09592920500591637	0.09411575113589797	0.17457032155707214	13905.773453848555
-9104.970153975102	0.09592569211272822	0.09411311886167634	0.17456494778329223	13905.93504242424
-9104.970234889557	0.09594275691902361	0.0941304048751864	0.17459140728455452	13905.017622208548
-9104.970164184544	0.09592019091905879	0.09410711708775635	0.17455725228457786	13906.258349487844
-9104.970154470982	0.0959223664799795	0.09410956011852699	0.174558043583229	13906.089756866011
-9104.970154332923	0.09592192047786147	0.09410983130852392	0.17455791238283572	13906.101064677852
-9104.970165573257	0.09592638241532951	0.09411149380842215	0.17456030860359795	13905.871729397739
-9104.970154181457	0.09592301071757803	0.09411105314848182	0.1745605995167017	13906.055903044826
-9104.970153427186	0.09592419779583991	0.09411168692936575	0.17456184022959975	13905.99932044198
-9104.970153838058	0.09592367177909182	0.09411114923684566	0.1745608187558189	13906.024227460797
-9104.970154877452	0.09592119515970464	0.09410969127406635	0.17455728119649494	13906.1301937557
-9104.970184507227	0.09591797242067202	0.09410946370131217	0.17454928398496902	13906.158476846575
-9104.970154738785	0.09592560997844671	0.0941124074321143	0.1745644724896265	13905.952854089717
-9104.970161023306	0.09592970465634651	0.09411510940647537	0.17456919822496253	13905.74944304645
-9104.970161559035	0.09591760780809025	0.0941051331410402	0.17455020736727636	13906.325661447283
-9104.9701535576	0.09592434076412626	0.09411168832707767	0.17456232532287075	13906.000568343095
-9104.97015600462	0.09592792687973058	0.09411577000956188	0.17456895595424993	13905.81225514342
-9104.970154087761	0.09592431689639812	0.0941120126171329	0.17456260559974338	13905.996549274578
-9104.97015355879	0.095924579314593	0.0941129234043512	0.17456318116564737	13905.96545842619
-9104.970154830113	0.09592681920684369	0.09411422811366221	0.1745663026098669	13905.868713690457
-9104.970154021996	0.09592485320923819	0.09411205954193136	0.1745627897006339	13905.971915852746
-9104.970262863435	0.09591349356503348	0.09411147509868874	0.17454580140713188	13906.256805161744
-9104.97016915163	0.09591890064075537	0.09410820264933842	0.1745499558263074	13906.163257932014
-9104.970153511944	0.09592510529550619	0.09411272692754656	0.1745638646046183	13905.957385634678
-9104.970156497679	0.09592464059407665	0.09411055972063799	0.17456088262960034	13905.995901083334
-9104.970153750217	0.09592452159996945	0.09411188123798749	0.17456246584605847	13905.98815173056
-9104.970155378243	0.09592104858335002	0.09410911356835638	0.17455597725314556	13906.132850885282
-9104.970154194874	0.09592423865111513	0.09411111284376907	0.1745613361349466	13906.006368469652
-9104.97015358666	0.09592441298422072	0.09411155494192669	0.17456192311037136	13905.994238669711
-9104.97016780609	0.09592394249073664	0.09410741954184726	0.1745596069390337	13906.105084507422
-9104.970153630016	0.09592328996724071	0.09411039639181593	0.17456001220541295	13906.052358006804
-9104.970163129321	0.09592152775172823	0.09411283329345674	0.17456031015304235	13906.068936127698
-9104.970153581231	0.09592495684318687	0.0941125994627522	0.17456369064458274	13905.965623196207
-9104.970154300141	0.0959228046339763	0.09411013667897816	0.17455891215371241	13906.065354927008
-9104.97015438082	0.0959249372937814	0.09411214371533162	0.17456296109447608	13905.968128350472
-9104.970153077902	0.09592469045819925	0.0941120218059828	0.17456295944342862	13905.98398160497
-9104.970153949209	0.09592224800242287	0.09410935934753095	0.17455773099618857	13906.096410916589
-9104.970154730005	0.09592269689178543	0.09410968149818721	0.17455755066738593	13906.061346358985
-9105.025363200903	0.09625350650147413	0.09426590305633302	0.17521791165058137	13896.30928975933
-9104.970154020892	0.09592187561096507	0.09410934351373534	0.17455757506068661	13906.11252153634
-9104.970155719602	0.09592283819819597	0.09410967531443555	0.17455998089998184	13906.096233534883
-9104.970153736662	0.09592527996634201	0.09411302965929477	0.17456391083617714	13905.940269047003
-9104.97015385291	0.09592457512210803	0.09411197683490674	0.17456237181081682	13905.980964314302
-9104.970154973651	0.09592393993884808	0.09411005357031846	0.17456063827812587	13906.041723787785
-9104.97015372008	0.09592432083171894	0.09411202273182226	0.17456281234866544	13905.999588344439
-9104.970153794087	0.09592489769369285	0.09411204908464377	0.17456327721323436	13905.978406931801
-9104.970174834936	0.09593303078476349	0.09411951863463912	0.17458117226557457	13905.65533771562
-9104.970156123178	0.09592054546063683	0.09410764669596665	0.1745544719202794	13906.176976237542
-9104.970159398717	0.09591931407248977	0.09410637844772596	0.1745531065021547	13906.253149482145
-9104.970154091696	0.09592462976748467	0.09411219575416233	0.17456242562711263	13905.972457422062
-9104.97015461728	0.09592488014349541	0.09411128698683766	0.17456156502700937	13905.97341642129
-9104.970153854385	0.09592525599991854	0.09411372304632033	0.17456537834629177	13905.945220773083
-9104.970156372457	0.09592266432321916	0.09411081211082208	0.1745614428366159	13906.094793543403
-9104.970154082968	0.09592316701920205	0.09411078539015862	0.1745600701212016	13906.047404118832
-9104.970153569091	0.0959237942095506	0.09411155784731125	0.1745616278204694	13906.019485097282
-9104.970154206774	0.09592287564177361	0.09411042524519629	0.1745601658569868	13906.074454640862
-9104.97015945991	0.09592541893192666	0.09410997436504422	0.17456088066647713	13905.975669807049
-9104.970154157749	0.09592212047682416	0.09410920720727786	0.1745571584754016	13906.097554652926
-9104.970153676364	0.09592484565682068	0.09411259479983879	0.1745635497470747	13905.968815328557
-9104.970156492784	0.09592739371211867	0.0941139556616464	0.1745684936160937	13905.886422927737
-9104.97015763019	0.09591978021732991	0.09410698804443195	0.174553160536899	13906.21239154222
-9104.970157110012	0.09591999102643388	0.09410729528013509	0.17455336450397088	13906.196063900603
-9104.970155122657	0.09592391583503175	0.09411180948550595	0.1745630740530022	13906.030531989096
-9104.970157867483	0.09592312981129628	0.09411321610964175	0.1745626968645107	13906.019336762609
-9104.970154108656	0.09592603418084203	0.09411369702820815	0.17456587577995544	13905.916325883654
-9104.970274230456	0.09591737654194378	0.09411395659909531	0.17456808542928964	13906.371427531041
-9104.97015493743	0.09592637956789901	0.0941130170034338	0.17456476185933664	13905.901231646802
-9104.970154747296	0.0959232647517326	0.09410959708731763	0.1745585059407736	13906.052421798364
-9104.970153547863	0.09592350884265399	0.09411082490067746	0.17455959551491024	13906.021266238673
-9104.970304459624	0.09594661272685154	0.09412276358560565	0.1745905934747774	13905.049715280193
-9104.970153850303	0.09592582653781691	0.09411347263382538	0.1745651020043397	13905.920181470185
-9104.97015439859	0.09592397851890033	0.09411241524935916	0.17456321036798259	13906.011127201657
