# /home/maycon/.conda/envs/dadi-cli/bin/dadi-cli InferDM --fs All.cm_lo.folded.downproj.fs --model asym_mig --cpus 32 --output-prefix All.cm_lo.folded.downproj.asym_mig --lbounds 1e-3 1e-3 0 0 0 --ubounds 2 2 10 5 5 --global-optimization --optimizations 100
# Log(likelihood)	nu1	nu2	m12	m21	T	theta
-3769.2426507199148	0.04659496697182736	0.010016946077590337	2.6407878196168926	2.13030754890773	0.46422649219882584	91538.05008404878
-3769.0684498840783	0.03416612764833179	0.007433892743709161	3.6069151998026654	2.8513437536280333	0.413655887327714	124827.68173091665
-3769.47401207172	0.0594142825415543	0.012990448870065332	2.0757366290524772	1.6282628967091428	0.49576911383904826	71674.11745823704
-3769.135691449964	0.03352520959737197	0.007256950589302798	3.6666484811350557	2.9180049147888902	0.411556903908445	127622.2724944351
-3769.0728097827046	0.03670428269057372	0.007980816670080184	3.3565467944471923	2.6515958286469345	0.42866791390597697	116312.1669876206
-3769.080128620095	0.037686388281671895	0.008194217473783197	3.2674443136008047	2.581053155104945	0.43416358039797837	113300.95055159974
-3769.2371515581	0.054004894076661605	0.011781873409641756	2.2822537585215104	1.794327328268096	0.4894709189560084	78947.40373564622
-3769.0965666570414	0.030178825628999085	0.0065442183475783655	4.085447646948103	3.2512348441845385	0.38616569680587215	141143.31565459378
-3769.189370187205	0.05080939892883667	0.01100192876532256	2.422376210975055	1.9267604071641558	0.482063590276539	84105.23474778947
-3769.3639336965052	0.038443579687095386	0.008233412890961342	3.196992806503955	2.6061525355017863	0.43070854031132866	111093.00498116354
-3769.0827752351624	0.033725615085847704	0.007356209465451314	3.6604181438141556	2.888269311958215	0.4091832743237251	126165.30961939429
-3769.073925554897	0.027334777492510856	0.005951674695651849	4.513311559776015	3.5633958819636025	0.3679587290485639	155919.21217410837
-3769.104487231787	0.04514239494981725	0.009824751506895888	2.7290961668929175	2.1569728958758483	0.46464200170759123	94462.27274655373
-3769.1489736432277	0.04746020724667382	0.010380820404312313	2.599908955676748	2.046776344958712	0.4702978903514795	89615.11257562262
-3769.078158345761	0.024140477779360098	0.005264671543636683	5.102687669271407	4.022983424035583	0.3442475003321434	176683.7793232622
-3769.062180285635	0.03332603799623052	0.007250020421954315	3.698149379234628	2.929258680284607	0.40765530677808026	127864.00988439683
-3769.0712382853626	0.03365947995866879	0.007353476723836207	3.664899130426511	2.881404973730398	0.40982580268996077	126368.25075662856
-3769.127989278366	0.02143927879229593	0.004696385585915003	5.759443510571136	4.495699526704306	0.3201261450206567	198270.61308790706
-3769.1115012731298	0.029886852695566436	0.0065457503990904425	4.124130398050553	3.221839697033572	0.3886873782578164	142528.3894540979
-3769.1059620515557	0.045260918084745125	0.009834146185700067	2.721812298056073	2.156927353760852	0.46566784944007367	94361.31233228558
-3769.1698525788224	0.020656950866304067	0.004454512335291056	5.950122956991991	4.781794449572144	0.31133521259366576	206737.25230652932
-3769.0765202771117	0.04051425897701786	0.008808894696581814	3.043091374386524	2.408774153753602	0.44464291627136354	105156.55562127323
-3769.0672445383407	0.032961393453160015	0.007183862270049479	3.7420401067884415	2.9483701830622104	0.40643743704407503	129306.01942953866
-3769.08543511992	0.021100119009666525	0.004594438475049212	5.8441587249655855	4.606029486918353	0.3167981539613051	201959.62041423836
-3769.1125570056574	0.04672117235437661	0.01015270239616726	2.634463964049681	2.0871156794726553	0.4699495604761574	91286.93957166284
-3769.1141178800626	0.01988120778919519	0.004309739395550306	6.193947641118379	4.9385265805148535	0.3034589133101866	214085.28785711963
-3769.0671706198345	0.03203917195480205	0.006963889787445172	3.846394468173312	3.051858354077459	0.39908812617137307	132930.70703016166
-3769.0762591323855	0.039677977969689505	0.008650060207972567	3.1075646455266055	2.4520636348866147	0.44153964821612074	107342.49501965518
-3769.0733557801427	0.02270740456739434	0.004948967900257583	5.427663270611334	4.279516716822036	0.33104738119982424	187534.7341512838
-3769.3817172301324	0.02025475937358947	0.0044878275014898	6.097664134165348	4.669474134303193	0.3132154856722252	210229.1682284019
-3769.1005342847684	0.04285466731858874	0.00930704609254783	2.876335997555446	2.2723785738235707	0.45675721066349495	99629.62246036669
-3769.0819516387655	0.03761150878500252	0.008167492480242063	3.2759051290353494	2.6060579906839236	0.4298404492865901	113238.03433483133
-3769.063641969784	0.02848826882126703	0.006209931541018096	4.326897449577595	3.4128571824973513	0.3767697387002871	149542.70826340368
-3769.124314068832	0.020083677665782992	0.004342131990594136	6.131494814434569	4.902549821141934	0.30558389885508735	212332.53386677778
-3769.2387118866686	0.02331781040098652	0.005147038444878519	5.29833132939243	4.115492954447751	0.3384292631976336	182618.7083181652
-3769.425341041412	0.02290898272798671	0.005095537624739873	5.401969113019375	4.134789265056642	0.3353514313089365	185199.37639979497
-3769.090727679235	0.019702214949775435	0.004284399350801675	6.2531453995835475	4.958755907249311	0.3028750836101267	216223.2300194994
-3769.0660607924374	0.030631997767298635	0.00667093572436505	4.021251879674623	3.1796320576589885	0.3912909721707355	139078.61231237155
-3769.081270735171	0.02474653833452079	0.005375735712662655	4.975504117571113	3.9527997359144162	0.34736033884587075	172175.70487633822
-3769.0805742663833	0.023521638577052997	0.005108042199904514	5.235261247526876	4.155104855499876	0.33807185307870646	181428.31378566718
-3769.2790400602858	0.019180121431815418	0.004236636751298565	6.439692595768358	4.957932170053421	0.3012768615672477	221734.26450546243
-3769.0961037046245	0.044975436644431946	0.009821964908254491	2.741642996672025	2.1585055066814296	0.46293179492830494	94616.03514214489
-3769.100076264236	0.027222106609858795	0.00594982603492935	4.530707615059763	3.5652541423490547	0.3662018502634542	156015.03553921366
-3769.0871428743335	0.02010289225361575	0.004359538032063583	6.128849866567164	4.864557879999884	0.30658086655440214	211996.01155789066
-3769.0668452672794	0.03109247666159893	0.006761043916644767	3.9649113669660117	3.138451719934208	0.3941965512436895	137154.82586957637
-3769.0895144428277	0.019441659664160737	0.004231939999983921	6.339390149395261	5.0	0.30180602979746723	219535.4987024558
-3769.157643341338	0.04663079743481245	0.01008767880080446	2.6393659074731737	2.0970744277642046	0.47017276207981434	91622.5818044101
-3769.0894407018686	0.027946373446786937	0.006108192268637449	4.415915540010106	3.462168043308294	0.3733609257605321	152368.34895582605
-3769.1735027706413	0.031558069710385335	0.006802649352055423	3.900723479186053	3.139789544562152	0.3933859569123926	135014.65395495243
-3769.08683419345	0.020445955239938043	0.0044354301171487245	6.030279564161768	4.7853479368267635	0.30950519931282433	208395.97443215878
-3769.140123243271	0.019611383557261247	0.004245769029170837	6.268746203281575	5.0	0.30321668529359214	218061.17927192434
-3769.125137493976	0.03765096709542196	0.008146615764667964	3.2663470054621055	2.60095537739567	0.4339225268228684	113625.84304669163
-3769.1032793624236	0.03474708070360231	0.007589140393136348	3.5445816221418585	2.784713299639754	0.4200157287826797	122933.01244798167
-3769.0686257360226	0.03158899715565047	0.006853111354131534	3.8998296224677014	3.096868200222629	0.39638552185267906	134878.062643655
-3769.085986745814	0.02431927551629411	0.005289006536294302	5.061920002765502	4.000783306460064	0.3457965396293011	175516.86088942146
-3769.0807771266436	0.02102123980553434	0.004582109674435334	5.8676972659928435	4.623470391890996	0.3161487047450663	202766.15716220016
-3769.0862212591655	0.021281637687526972	0.004633308848050085	5.795600782103787	4.580251435234798	0.3178846036359288	200216.53698309427
-3769.316020992365	0.025486772163335114	0.0056121633353201925	4.8479085774879875	3.7291752823819424	0.3575181536556739	166924.5262441099
-3769.0644999663446	0.032061552327516125	0.006991033843933453	3.8441519961805666	3.0277500318383845	0.4006993557778813	132793.65988746905
-3769.077901305389	0.0323418268620807	0.007010925011762408	3.808105562416668	3.0269525907362884	0.4011684372463483	131778.15129597232
-3769.392192143388	0.020194603442872126	0.004319591772735832	6.076404239927789	4.953751846611756	0.3061560653037379	212063.90806783948
-3769.093968394134	0.031484697049284964	0.006887556858272357	3.9179932884097637	3.0715717188931433	0.3966987617822557	134994.13039989202
-3769.2642207794047	0.01990463724324655	0.00428796328177928	6.184298071921685	4.996634563994988	0.3015300558213138	213822.73674574896
-3769.106539332678	0.026872171545184526	0.005879271561745489	4.5956331623625895	3.5904781447971166	0.3659268118237108	158501.5855356037
-3769.085953617924	0.027946131746149096	0.006094656541464367	4.410636759352397	3.4895622941399127	0.3718007929814943	152299.75237101252
-3769.0783386362154	0.03523486887179863	0.0076412685174284374	3.495570602146608	2.778390221404188	0.4173986724979136	120831.41477399175
-3769.102068841077	0.04485457311404362	0.009788789895987962	2.7484909676185203	2.1608290680839417	0.464542937404693	95044.36634506717
-3769.078611800873	0.02441552205142476	0.0053101620053992256	5.044157537702816	3.9911763061640055	0.3462027294240208	174823.08657750316
-3769.0682924372336	0.02866536004520333	0.006233198929286273	4.302121055951777	3.4010721482789674	0.37683515795396844	148515.0349137315
-3769.1166951058276	0.019541580501550165	0.004283672734996148	6.313441836393829	4.931574192459459	0.30328490045847084	217927.88283346285
-3769.0614925670916	0.0327425606420455	0.007125854040422023	3.7647913182189945	2.9701610797504467	0.4049778103715445	130156.36204181086
-3769.0884291198417	0.019966261518546146	0.004347143087819417	6.173463383590029	4.876395666693004	0.3059205151209423	213391.38167100534
-3769.753191104731	0.020719781632677826	0.0046314968717466945	5.9781357905359425	4.502452579407492	0.31794498753558775	204749.78118382354
-3769.0830579489725	0.025472894932741682	0.005539383463426633	4.835915891857012	3.8337188575734165	0.3543004694119124	167566.540758748
-4014.78581571594	0.025437439022260297	0.006187871352870331	4.485662427172153	2.643805663114012	1.4922282996785439	203525.12361189153
