# /home/maycon/.conda/envs/dadi-cli/bin/dadi-cli InferDM --fs All.cc_cm.folded.downproj.fs --model sec_contact_sym_mig --cpus 32 --output-prefix All.cc_cm.folded.downproj.sec_contact_sym_mig --lbounds 1e-3 1e-3 0 0 0 --ubounds 2 2 5 10 10 --global-optimization --optimizations 100
# Log(likelihood)	nu1	nu2	m	T1	T2	theta
-7183.180144027172	0.016793899239023396	0.09705379657917514	1.0879457376006851	2.5833264395432316	2.1752162777950668	61336.38443097124
-7182.530867544832	0.014110899550319085	0.08110238825041102	1.272643431510346	4.778267412548621	2.587041030070383	75100.8767351073
-7189.837214782165	0.0197718917657326	0.1132575315137259	0.8995213782965168	3.085053378204816	6.165593194910886	54693.462782849034
-7189.655856344198	0.013784460370072726	0.07915599366927097	1.2916418164341317	2.7936760189014933	6.433210798084131	78436.92626747396
-7189.761090924764	0.01954083636352939	0.11289817513096247	0.9110140394664714	4.297068407336432	6.083068798573955	55183.869729538375
-7187.593232148882	0.01075842977330635	0.06134989757064575	1.670583048012884	3.925555383718797	2.5317193924484167	100719.43719085293
-7187.075269554232	0.013581622790441911	0.07863487008830845	1.3077769400832147	5.613855990354174	3.1333382500488782	78711.5839258206
-7189.582531905256	0.009852679107919548	0.056642786353378036	1.8089302951541837	3.161533741491459	2.8468406967888655	109645.49021600588
-7189.774616395422	0.012762675079460026	0.07308989616129649	1.398392005214141	3.7615190604653566	9.883727261815	84907.51246380966
-7189.965146823168	0.013806917559620158	0.07980367899254082	1.2825900774454368	4.592705692797031	7.7631934953809685	77901.31436060178
-7189.740044574043	0.013068950326090043	0.07476690758333654	1.3707717803696022	6.101143395510955	7.375753273539097	83109.87723316783
-7189.866272501473	0.015151085146754216	0.08734669465397513	1.1727075198872388	4.750145811551367	5.57530431374789	71175.96718789003
-7190.258120276283	0.012202191988632058	0.06972351777379561	1.4754562373847973	3.652756329307944	9.79758242046634	89280.90200227982
-7190.5219188484925	0.011343587495206893	0.06568716278118512	1.5539911083195532	2.939917263177114	9.90077942821205	94529.96157820316
-7189.892968392066	0.012188147928698021	0.07035347918923764	1.456760636585226	4.642210711235715	5.201468616568284	88409.96669037278
-7189.866228844764	0.01760935983555606	0.10150703280479188	1.0068827379485497	9.900263701328985	9.525821605421443	61180.837537160674
-7189.725713120233	0.010701309466949104	0.06172634759819996	1.6631662831256093	3.169515731380461	8.386661914753892	100846.82105084133
-7189.622642460944	0.00785035872951588	0.045104888205000575	2.269813173716538	4.305740399353058	9.913591927204362	137755.75002924306
-7181.746381253002	0.010227225888862957	0.05895507095327042	1.7660279523390345	4.261840607404232	1.9071747407348842	103483.76557022489
-7190.040412352019	0.01932779959322259	0.10989877047044411	0.9301261093925944	3.5347324794515966	9.888261746475807	56427.19936116629
-7189.725257093198	0.011349477197166738	0.06515126397894665	1.5757791146409874	3.1969165656301373	8.062308216918634	95495.86194369105
-7189.809039765528	0.014382391368413336	0.08208358953946368	1.2450251465886133	2.6934383115035527	8.509605496850112	75570.84304695175
-7190.251030696823	0.012155454966167729	0.06934787291259922	1.4653356433160831	8.23746756050284	9.451792952403105	89185.52879518576
-7189.746973507409	0.015644001324638265	0.0903084690407963	1.134523113111083	8.963830009987877	9.901092509914543	68865.1732520522
-7189.871830292414	0.013582646268006987	0.07840459442868528	1.3078067807017737	5.155652584141801	8.226689041881304	79352.51898478513
-7190.0107646420765	0.007423976312570045	0.04301952066000249	2.38925802347112	4.988141768779807	4.725838562612236	144862.34556580774
-7189.7765852110615	0.010462940277500542	0.059935897841192916	1.7033367069618826	5.513036796445865	9.896564215678675	103484.05125551368
-7190.6001914910075	0.014890357764139378	0.08681064355629126	1.1872168926500501	9.886797606511042	5.779250439170624	71929.05689046878
-7189.980166524769	0.01477026352813362	0.08452506328894131	1.2136595108367814	8.533629672832458	9.798364118646127	73553.06327460837
-7182.626908575061	0.0199202922203525	0.11428852096643081	0.9071614610916223	3.4439792109549243	3.284941593567491	53559.04387034069
-7189.993754151614	0.01152341516293123	0.06634491568274901	1.5406318603265245	6.319794734978887	6.549777653344318	93597.24150267377
-7189.976333633955	0.011529480686361995	0.06565105170567864	1.5528144547441005	5.491332131761909	8.958871118706728	94342.57152759309
-7189.644021366339	0.009077344793810883	0.05201928913829626	1.9670725735374495	5.6107122441002035	4.408541584098484	119378.15490406858
-7189.712171503305	0.007553866236456696	0.04341950799711212	2.3531315406016153	5.112608626731933	7.310905711388263	142960.44806372852
-7189.822698523751	0.007864298288698252	0.04526335655371063	2.2718729512552627	4.035988035061883	5.105881905652136	137610.64156284483
-7189.405954588278	0.018480360933159887	0.10626540195120049	0.9633521024227631	2.72287847358773	5.147449638431953	58440.6993825243
-7189.98408932079	0.009982866970391331	0.05758286181759195	1.7726897619195416	3.614920346764726	10.0	107787.37361452835
-7189.81972671013	0.012673838766991626	0.07323911193156118	1.4009153560448877	6.830958772673625	8.195009789295414	84986.46319651455
-7181.895316095773	0.01952603943589339	0.11280198837147017	0.9335209651726714	7.878147294755264	3.1298750899325958	53059.85336592341
-7189.938831606781	0.009302523681117301	0.05334404167674111	1.9130599205664647	6.496170543417921	7.416832428577142	116261.66382765661
-7189.603523187941	0.01417916914926402	0.08097458191069416	1.26239433355206	6.260427432423383	4.665120562805789	76596.86862654582
-7190.073464338632	0.011332941410415881	0.06552448900615278	1.5593651006194105	4.765625730374814	9.991849880675723	94795.74756603502
-7189.05651152281	0.00884543500937404	0.05065497320289359	2.0200309592087384	7.480844347408202	2.6786482929042865	122409.8598967297
-7189.818684213758	0.01643026450547146	0.09395321542506443	1.0892913651098985	4.92091953234519	9.903710472148788	66086.32406316488
-7189.7254035318265	0.013123168199476044	0.0751364303548148	1.3627743152084744	9.888406533537758	5.966636987783554	82668.63869069568
-7189.664051521595	0.016755843987719215	0.09674848236406718	1.0609192915521084	5.2485699455595665	5.614284751430821	64329.62796829649
-7189.831671423339	0.016252700172438534	0.09333920553892759	1.101341321864941	3.5031224829228242	6.424241917964358	66703.1955648012
-7183.340278749028	0.021033752164798997	0.1208080653680896	0.8600724839690759	5.97670671658059	3.8394218152119532	50842.89473855624
-7189.631109465928	0.013535812288827177	0.07764484906342799	1.3155121445619042	4.794482962239355	4.723135858180478	79902.99388431801
-7190.025249834881	0.014073980814635217	0.08011323044066174	1.27804542121396	3.0490718238294683	5.989721054008463	77480.78293852755
-7189.773424272088	0.008291377899681136	0.04787613459570856	2.1395662150066412	6.436814184199711	9.899476403611345	129888.79379497109
-7189.806801148568	0.011714463140465004	0.0672607334002043	1.5234298697466981	9.338825660004263	7.506535916251655	92412.29373882493
-7189.738013889849	0.013047447004992694	0.07496703466724718	1.3623083378942655	9.319468482961822	9.902233148061795	82778.29162062788
-7190.103006724902	0.008955569412428963	0.051985745261360766	1.9765236892394045	3.2237135805307258	6.282513520114023	119880.27489275647
-7189.721425454589	0.013043211150398883	0.07502433478531545	1.3637088679945537	7.331850086624556	7.560110891510236	82801.15861634095
-7189.658822951727	0.01175981237842089	0.06734317141341711	1.5198122342270302	6.728938236748634	9.910561013638576	92217.43076536013
-7189.75840074664	0.007859242677213772	0.04535858618372232	2.2643548944246183	6.323632250352023	8.311591336407487	137278.2426412387
-7190.118024250844	0.007023726126319755	0.04035089366112491	2.5229862879176843	3.8402476842931503	6.87578021889076	153539.30047003253
-7189.6595014750565	0.008060484191984758	0.04618022599105651	2.217431876911589	6.611839926668877	9.584336608019719	134520.1009918702
-7189.930725618042	0.005780551043872279	0.03339002679658891	3.0754351136844815	2.906067818534747	8.224478240560154	186485.34557314028
-7190.185263630778	0.012249432143078349	0.07056552066216104	1.4448730463583113	9.616316055553751	9.923417482570022	87891.84699639631
-7189.731597824522	0.013558416427036245	0.07768950614126251	1.3200504671055815	8.271225185136025	9.543663603022672	80023.70434977104
-7189.632685131448	0.009529500723607542	0.05472124754459018	1.8696856017734922	8.47853863789288	7.235218876659684	113501.49741831516
-7189.672291891665	0.012203714870920515	0.070444360652122	1.455334121578448	8.755581780193634	4.5319255540648795	88298.46687377708
-7185.517239677438	0.01009754036738328	0.05756775322783538	1.7885861760333812	9.766817459666916	2.4096392923134835	106953.00099578328
-7189.998980625485	0.01020385485584842	0.05888958841167945	1.7340645794229963	5.772863238168548	8.270103992416326	105424.15182364552
-7190.170304677751	0.006521514141135175	0.03741872473539067	2.7188976993850065	7.505130310135033	3.860764232233607	165491.71628313776
-7189.686763266023	0.009450080584774456	0.054457733324896805	1.8840890051788108	8.524113545249577	4.36068509820913	114260.90267745432
-7189.656717696568	0.013812877283514616	0.07950778639538242	1.2924044276112077	9.83815885062582	4.692350304928904	78283.50650894456
-7190.35914377373	0.007745593095249589	0.04475173537200253	2.277741992055054	7.852825979375475	4.70244482317485	138616.88206431258
-7189.925576729859	0.010328601019236217	0.05955460538725257	1.7144761535104478	9.791038207349281	5.70952952659173	104229.20547430399
-7189.773601154646	0.008951034804472064	0.05125622845856887	1.9981396927582273	9.27800809489735	9.908011565914201	121201.04117141511
-7189.766820724336	0.007977947175807968	0.045906441124652274	2.236325331945424	8.365359488908151	5.681927276697049	135563.96177743658
-7190.09666346341	0.01174660151387413	0.06729056226966885	1.5215240333403324	9.901628069952912	9.88576258198466	92309.81756127869
-7190.258505316857	0.006258602641542874	0.03633398556518985	2.818231772863757	7.33055223236763	9.579969658538866	171220.74045796794
