# /home/maycon/.conda/envs/dadi-cli/bin/dadi-cli InferDM --fs All.cc_lo.folded.downproj.fs --model sec_contact_sym_mig --cpus 32 --output-prefix All.cc_lo.folded.downproj.sec_contact_sym_mig --lbounds 1e-3 1e-3 0 0 0 --ubounds 2 2 5 10 10 --global-optimization --optimizations 100
# Log(likelihood)	nu1	nu2	m	T1	T2	theta
-5390.01277585531	0.6429242075429475	0.8013000580277814	0.06346650739064931	9.9	5.290283916285512	1860.6619155783503
-5389.817375384987	0.6421029188156225	0.7982322770767301	0.06369287690093554	9.9	5.283715514842057	1863.6889398547428
-5389.701391388889	0.6404708839934334	0.7922233060991063	0.06405606304126356	9.9	5.270950422146993	1869.1479839335393
-5389.817375384987	0.6421029188156225	0.7982322770767301	0.06369287690093554	9.9	5.283715514842057	1863.6889398547428
-5389.701391388889	0.6404708839934334	0.7922233060991063	0.06405606304126356	9.9	5.270950422146993	1869.1479839335393
-5390.0032395469125	0.6429147685046517	0.8012630811529113	0.06347257202997092	9.9	5.290204231781845	1860.7190023799772
-5311.055260027092	0.02567505119242815	0.03197696284400536	1.5263822938109999	5.033225314087912	3.6205146722382837	48515.87023130705
-5391.734209810617	0.6394732330851705	0.7926069412682323	0.0641940574891128	9.9	5.260866699087682	1870.3803612780846
-5389.701391388889	0.6404708839934334	0.7922233060991063	0.06405606304126356	9.9	5.270950422146993	1869.1479839335393
-5389.701391388889	0.6404708839934334	0.7922233060991063	0.06405606304126356	9.9	5.270950422146993	1869.1479839335393
-5389.988846413879	0.6429094856936445	0.8012320136548365	0.0634767048095026	9.9	5.290118019350237	1860.758844865272
-5390.020899824804	0.6429214148625579	0.8012902950441597	0.06346236833530812	9.9	5.290259530456363	1860.6410842060989
-5389.956927351354	0.642643114648575	0.800233033039181	0.06353120876762336	9.9	5.28806249353597	1861.6238021472245
-5429.612054696135	0.025624912291286002	0.03181670732563614	1.608719892566115	7.562343599895886	1.773570064231479	45821.08974460985
-5389.956927351354	0.642643114648575	0.800233033039181	0.06353120876762336	9.9	5.28806249353597	1861.6238021472245
-5389.956927351354	0.642643114648575	0.800233033039181	0.06353120876762336	9.9	5.28806249353597	1861.6238021472245
-5389.817375384987	0.6421029188156225	0.7982322770767301	0.06369287690093554	9.9	5.283715514842057	1863.6889398547428
-5390.020229496932	0.6429219806205093	0.8012962178515747	0.06346379811219954	9.9	5.290265325499686	1860.6475429365667
-5390.0032395469125	0.6429147685046517	0.8012630811529113	0.06347257202997092	9.9	5.290204231781845	1860.7190023799772
-5309.2781997179945	0.022313348910208208	0.027746830377752097	1.7572155269587542	6.979822153009892	4.1529687812170515	55881.229092191934
-5390.020899824804	0.6429214148625579	0.8012902950441597	0.06346236833530812	9.9	5.290259530456363	1860.6410842060989
-5390.021225557684	0.6429229998316176	0.8012969587612677	0.06346188408100675	9.9	5.290262589716404	1860.6345209816388
-5389.983754069868	0.642843032307809	0.8009841869221398	0.06349041250805068	9.9	5.289647905311155	1860.9754180181228
-5390.013185205967	0.6429239373262285	0.8012984225393598	0.06346578166315163	9.9	5.2902707419336865	1860.6579495466656
-5390.020899824804	0.6429214148625579	0.8012902950441597	0.06346236833530812	9.9	5.290259530456363	1860.6410842060989
