# /home/maycon/.conda/envs/dadi-cli/bin/dadi-cli InferDM --fs All.cc_cm.folded.downproj.fs --model asym_mig --cpus 32 --output-prefix All.cc_cm.folded.downproj.asym_mig --lbounds 1e-3 1e-3 0 0 0 --ubounds 2 2 10 5 5 --global-optimization --optimizations 100
# Log(likelihood)	nu1	nu2	m12	m21	T	theta
-5365.093232646597	0.016426993761607313	0.042928335713946775	0.3218217850193441	3.3026791319293975	0.6679383816383971	99745.79489529395
-5362.98299085906	0.024366245610737816	0.06389207447491818	0.2180701297551792	2.215356592686278	0.73188531157548	66975.23585201548
-5481.640240333249	0.013303983091041293	0.0341133499491264	0.3472390109306841	4.174345669675844	0.6172696087565732	126073.85196678367
-5367.921361281146	0.014043928949446283	0.036967007938274996	0.3760359414812243	3.82785730732266	0.6326651133482667	116369.0423990992
-5371.2366786723205	0.012913480176993368	0.03396549337851571	0.4071429112125952	4.169390950270813	0.6066842763247807	126709.21383779877
-5370.1317729962675	0.012930153319221833	0.03396555199622905	0.40679735475181006	4.1694105896290266	0.606759715552332	126685.04611872802
-5457.193749042057	0.013380729907987287	0.03411205617753068	0.35275781605543344	4.173497453420421	0.6167545304499357	125976.81901358422
-5815.521407755668	0.014060209709878304	0.03440221650403014	0.24539899282909833	4.1919199214850975	0.5681553914572609	119537.67967822724
-5371.2366786723205	0.012913480176993368	0.03396549337851571	0.4071429112125952	4.169390950270813	0.6066842763247807	126709.21383779877
-5363.785699191999	0.024420894531925967	0.06428107220603377	0.21737946291810142	2.2002914875033657	0.7431005847375974	66854.05000469176
-5594.477072531648	0.014490035231296276	0.03425558839636475	0.2810731090872219	4.18737296522376	0.5993612170015685	122124.5071043904
-5371.2366786723205	0.012913480176993368	0.03396549337851571	0.4071429112125952	4.169390950270813	0.6066842763247807	126709.21383779877
-5372.632747767978	0.012936452689772976	0.0339691537764745	0.4053662224573963	4.169531170658349	0.6070100584217714	126674.50232558085
-5540.382763973826	0.013085384269767204	0.03410008199113901	0.3369499815181256	4.174481007038596	0.6164876395203551	126213.37482080504
-5371.2366786723205	0.012913480176993368	0.03396549337851571	0.4071429112125952	4.169390950270813	0.6066842763247807	126709.21383779877
-5378.140041005963	0.01105205649364662	0.028476109533035063	0.47294232705799893	4.95	0.5313050904786817	147545.1422197685
-5815.521407755668	0.014060209709878304	0.03440221650403014	0.24539899282909833	4.1919199214850975	0.5681553914572609	119537.67967822724
-5370.1317729962675	0.012930153319221833	0.03396555199622905	0.40679735475181006	4.1694105896290266	0.606759715552332	126685.04611872802
-5483.601876184765	0.013541168980614715	0.0341589525134309	0.3380826710670728	4.176036307059916	0.6202169338270275	125809.71167046939
-5516.595250417297	0.01883740389872874	0.055694824794285815	0.25893238666728424	2.380455120178567	2.199726182952228	88944.96629717517
-5534.042026340439	0.011067515602283707	0.032797585589034305	0.43474573193168586	4.028134473501484	4.95	151380.30454209508
-5531.520219644184	0.016145720799106894	0.04770214784091797	0.2983192780194686	2.767999375005334	4.149204960773356	103993.78314416016
-5530.260629682201	0.011013433822623486	0.0326228647295756	0.4384629874218918	4.050663933950773	3.5670852290050794	152219.55320201445
-5527.900251232233	0.01065695489801148	0.03150563528731106	0.4538110846984186	4.192903388128132	4.95	157540.22247115837
-5519.435266999787	0.00923743776486191	0.027356185791950545	0.5287628777754816	4.824380636900308	1.94707524292271	181452.17906435786
