# /home/maycon/.conda/envs/dadi-cli/bin/dadi-cli InferDM --fs All.cc_cm.folded.downproj.fs --model no_mig --cpus 16 --output-prefix All.cc_cm.folded.downproj.no_mig --lbounds 1e-3 1e-3 0 --ubounds 2 2 10 --global-optimization --optimizations 100
# Log(likelihood)	nu1	nu2	T	theta
-14738.825621716634	0.04173392759830896	0.10997870265711826	0.12220300745260969	31020.1651474789
-14739.043405848564	0.04202865158290379	0.11082436885521313	0.1230662698844372	30961.70447851162
-14738.896277108815	0.04185446862453591	0.10998686198021572	0.12205434662225836	30995.50544022282
-14738.732456849591	0.04165221506441562	0.10952908240333377	0.12163089059210375	31035.11531559262
-14738.73513464241	0.04156245475787293	0.10922354958459193	0.12136867707700888	31057.371906321692
-14740.247603422666	0.04066002759932101	0.10670035985570701	0.11824673503482107	31200.980690197757
-14738.774795696949	0.04155168613733538	0.10908937396293696	0.12133737301375773	31068.914226513232
-14739.405943787602	0.04225959235321785	0.1111066936869096	0.12374304625526106	30949.854387466967
-14738.790071700005	0.04179206357038642	0.10991988645033736	0.1220409353469541	31008.316198250886
-14738.762142443127	0.04152122687972527	0.10937997071828844	0.12141553892648456	31051.18754731776
-14738.739886783433	0.04168565893917811	0.10953876754696971	0.1217284804475232	31036.241851607905
-14738.805305485557	0.04147027507243578	0.10887394084798763	0.1209338917183006	31073.099693372304
-14738.803552908214	0.04163697966679878	0.1093098336756562	0.1214228665205819	31043.80999627088
-14739.390046856191	0.04223882039847741	0.1113789920631259	0.12368802478630757	30924.883703201147
-14738.737638345701	0.04156318005134629	0.10929462834518329	0.1213723946309734	31051.07194542738
-14738.79424997462	0.04140666064632463	0.10880290273611261	0.12091332959638496	31086.114767919626
-14738.968077518572	0.04122684856691767	0.10828106633175398	0.12022432201314434	31112.26091906669
-14738.82180475646	0.041504622163068675	0.10896137534719488	0.12120383438772925	31077.958861231757
-14738.884015521604	0.04187310509547383	0.11037320392587546	0.12244447988028974	30982.714716835984
-14741.534998833757	0.04303618206256596	0.11348763404495318	0.12618873674344844	30793.704043539747
-14738.753719905118	0.041518427188224925	0.10925685909841876	0.12124062003568624	31051.71027599917
-14766.192136108659	0.037440471278295064	0.09741695028784901	0.10783477025873246	31794.63062960315
-14738.787745038526	0.04178515470070808	0.10992699037028451	0.12201850949184634	31007.12313972196
-14738.915908966885	0.04123932957607474	0.1085129144378821	0.12042573765368782	31102.324531972714
-14741.008158032178	0.04034322129211768	0.1062671738488565	0.11764657922457367	31241.782247795778
-14738.743811981512	0.041551532400597606	0.10921747986267782	0.12133881702228135	31057.394053827837
-14772.243591263936	0.03695809260081933	0.09838753893319659	0.10762741889693385	31743.903526751477
-14738.847188974634	0.041899542488853456	0.11025852246640877	0.12251992645171893	30994.436113343723
-14739.214223868727	0.04216411181409551	0.11061467255278802	0.12295677286782997	30957.29707955679
-14738.747848202742	0.041574831798208936	0.10943877496695444	0.12157282133676421	31049.14135342568
-14738.84276115344	0.04184780969906321	0.11025708116601045	0.1223708752560409	30991.659416040868
-14738.749883964407	0.04158606542708785	0.10946470759979571	0.12160256337521087	31047.278611604965
-14738.73980986528	0.04161446461519121	0.10956092105065646	0.12168642871674328	31040.33032303144
-14738.948311367758	0.04126072451368884	0.10829514224199727	0.1203231744132735	31113.086332963845
-14739.014254433958	0.041973277189157686	0.11000682461486602	0.12240087830895809	31000.701138199172
-14738.733054449573	0.04165114936832212	0.10946909983895997	0.12162727260664977	31040.446036051842
-14738.767978151724	0.04168526494598081	0.10970324427224519	0.1217290070141438	31021.46930087019
-14738.856616188406	0.04175304826026284	0.10951029015862132	0.12192577667581435	31042.874387085412
-14738.793820555267	0.04182459424234514	0.10993250815896236	0.12213360888211452	31008.96093255835
-14738.735823956637	0.041667385123368955	0.10957675469175429	0.12167507860672352	31031.709676017974
-14738.731540495648	0.041613820910474185	0.10944682696381103	0.12151894222211383	31040.256608038206
-14739.62405096365	0.042200252870396665	0.11164543205372342	0.12390635562631744	30919.100502862526
-14738.828138043888	0.04187009757535479	0.11000726549186138	0.1222683286856251	31005.03916093989
-14738.789817577053	0.0414096591254606	0.10885078110148268	0.12092140526953954	31081.89334682815
-14738.928479739534	0.041872257304729855	0.11005920083393525	0.1221077367676627	30990.15444684674
-14738.804022616114	0.04140196016656619	0.1088868407310362	0.12090301253077783	31078.399874953073
-14738.739170734887	0.041600582825136706	0.1093627634074065	0.12148216195929787	31047.19403146173
-14738.803509972193	0.04171071557243608	0.10954416015827435	0.1216355637702196	31026.880214393837
-14738.762344732124	0.041507920295841425	0.10924227093394094	0.12120878649208178	31052.322875749025
-14738.917094373393	0.04150307945149342	0.10882420258572639	0.1208650358652822	31069.23408679982
-14738.746195830057	0.041683740695897364	0.1095018374910877	0.12172311488296818	31039.481535394527
-14739.138481208112	0.04108238106564983	0.10792646697698939	0.11996705105301078	31146.308623284564
-14738.737904578304	0.04156404248564872	0.10933968549123527	0.12137396306820299	31046.977115088466
-14739.383703348682	0.04095447470325218	0.10776418042621766	0.11942910572840544	31142.539028760988
-14756.795769076933	0.03853162572655345	0.09990939366763615	0.11051759826900723	31594.87252125459
-14738.75021907447	0.04152093446712707	0.10930529411007378	0.12141330339828948	31057.853135153684
-14741.841094686166	0.04012754649017971	0.1054145524094964	0.11685708650371167	31296.82176860059
-14738.826079761318	0.04183267319632733	0.11021140863264715	0.12232460008516724	30994.737674783093
-14738.736927274726	0.041647869319251546	0.10945316395624255	0.12161719799881683	31041.661687932126
-14739.321043185182	0.040947158933893245	0.10772723174239718	0.11957177490987894	31156.074020352462
-14738.761288517435	0.04157180921933753	0.1092536455425423	0.12139987801653666	31055.465763896915
-14738.7560247062	0.04151558185076127	0.1093113252475458	0.12139696608936978	31056.93994875955
-14738.762122130545	0.04149939490520926	0.10919783649688168	0.1211834235025593	31055.809368719452
-14738.89997766666	0.04131028269498402	0.10845405251654275	0.12046809966713565	31101.63474250379
-14738.749821743979	0.04173049058316911	0.10967946829623042	0.12185984949877343	31026.239996009634
-14738.793857984036	0.04170422503621752	0.10960672354255602	0.12195023163744685	31041.655106702998
-14738.864704887208	0.041808696712572466	0.1101696867835071	0.12242416157180469	31007.56047690623
-14738.73152855666	0.041575850712427365	0.10934225892121774	0.1214076928161744	31047.410862526252
-14739.003681716174	0.04204968601971724	0.11072787702785822	0.12296024863770719	30961.278269342536
-14738.785623335	0.041748981595750405	0.10999172536477139	0.12207953146700413	31009.50069503484
-14738.874629072685	0.04136090125728475	0.10862601404915206	0.12078397440357869	31099.733142572102
-14738.985722676627	0.04139972169635138	0.10938752428508375	0.12122390034209969	31053.376798611407
-14738.737393597921	0.041627495002504206	0.10945115622904582	0.12155739496344369	31040.600133962478
-14739.426227258024	0.0422892731567833	0.1114952239370829	0.12382816113436473	30916.972877488068
-14738.74606240961	0.04149612782304874	0.1091127688687436	0.1211757458441468	31063.45140130708
