# /home/maycon/.conda/envs/dadi-cli/bin/dadi-cli InferDM --fs All.cc_ei.folded.downproj.fs --model no_mig --cpus 32 --output-prefix All.cc_ei.folded.downproj.no_mig --lbounds 1e-3 1e-3 0 --ubounds 2 2 10 --global-optimization --optimizations 100
# Log(likelihood)	nu1	nu2	T	theta
-27746.502441217253	0.05456956235439745	0.09274081741201097	0.12030453992844727	19233.207055634964
-27746.502441217253	0.05456956235439745	0.09274081741201097	0.12030453992844727	19233.207055634964
-27746.502441217253	0.05456956235439745	0.09274081741201097	0.12030453992844727	19233.207055634964
-27746.502441217253	0.05456956235439745	0.09274081741201097	0.12030453992844727	19233.207055634964
-27746.502441217253	0.05456956235439745	0.09274081741201097	0.12030453992844727	19233.207055634964
-27746.502441217253	0.05456956235439745	0.09274081741201097	0.12030453992844727	19233.207055634964
-27746.502441217253	0.05456956235439745	0.09274081741201097	0.12030453992844727	19233.207055634964
-27746.502441217253	0.05456956235439745	0.09274081741201097	0.12030453992844727	19233.207055634964
-27746.502441217253	0.05456956235439745	0.09274081741201097	0.12030453992844727	19233.207055634964
-27746.502441217253	0.05456956235439745	0.09274081741201097	0.12030453992844727	19233.207055634964
-27746.502441217253	0.05456956235439745	0.09274081741201097	0.12030453992844727	19233.207055634964
-27746.502441217253	0.05456956235439745	0.09274081741201097	0.12030453992844727	19233.207055634964
-27746.502441217253	0.05456956235439745	0.09274081741201097	0.12030453992844727	19233.207055634964
-27746.502441217253	0.05456956235439745	0.09274081741201097	0.12030453992844727	19233.207055634964
-27746.502441217253	0.05456956235439745	0.09274081741201097	0.12030453992844727	19233.207055634964
-27746.502441217253	0.05456956235439745	0.09274081741201097	0.12030453992844727	19233.207055634964
-27746.502441217253	0.05456956235439745	0.09274081741201097	0.12030453992844727	19233.207055634964
-27746.502441217253	0.05456956235439745	0.09274081741201097	0.12030453992844727	19233.207055634964
-27746.502441217253	0.05456956235439745	0.09274081741201097	0.12030453992844727	19233.207055634964
-27746.502441217253	0.05456956235439745	0.09274081741201097	0.12030453992844727	19233.207055634964
-27746.502441217253	0.05456956235439745	0.09274081741201097	0.12030453992844727	19233.207055634964
-27746.502441217253	0.05456956235439745	0.09274081741201097	0.12030453992844727	19233.207055634964
-27746.502441217253	0.05456956235439745	0.09274081741201097	0.12030453992844727	19233.207055634964
-27746.502441217253	0.05456956235439745	0.09274081741201097	0.12030453992844727	19233.207055634964
-27746.502441217253	0.05456956235439745	0.09274081741201097	0.12030453992844727	19233.207055634964
