# /home/maycon/.conda/envs/dadi-cli/bin/dadi-cli InferDM --fs All.cc_lo.folded.downproj.fs --model split_mig --cpus 16 --output-prefix All.cc_lo.folded.downproj.split_mig --lbounds 1e-3 1e-3 0 0 --ubounds 2 2 10 5 --global-optimization --optimizations 100
# Log(likelihood)	nu1	nu2	T	m	theta
-5228.745235834727	0.02717956160293739	0.028983749190900625	3.0987984893735367	1.6186950824929527	50278.981280190834
-5228.574143705698	0.028265430277595236	0.030098204189342788	4.065137124897733	1.5566679229871256	48370.075337874696
-5228.5857218496685	0.03722864991984897	0.039616208715907965	4.940693100793546	1.1817229994626588	36726.13221612326
-5228.57140313005	0.021213515545783088	0.022635692580710055	4.747756848520846	2.0721159314101856	64391.85160071322
-5228.570992753709	0.025271898100915527	0.026925102687426244	4.1020307933259925	1.7408797643290153	54091.72867648031
-5228.569456682855	0.030724958372646268	0.03270099191724847	5.243523975357249	1.4309200055075697	44483.94113065505
-5228.565253995677	0.017369433444398327	0.01848339418544794	5.021434269614651	2.535065149128796	78755.13972654034
-5228.789022818619	0.03386204729505087	0.03608146107307582	3.6222897436108683	1.2995357388393036	40365.87371167426
-5228.560178345233	0.033961131381802505	0.036187704745957144	8.51039083605693	1.2959397233406518	40258.92467242346
-5228.570004596069	0.02999895103557351	0.031953480704298244	7.127630443537345	1.4655674832553653	45554.11141005378
-5228.5623773512425	0.0167455475266216	0.017852643205045433	4.571133893313838	2.6274129134351902	81626.03146503406
-5228.561660242149	0.028603421765773747	0.030485209510955773	7.124772623725782	1.5383613700551297	47792.61380679419
-5228.566986895061	0.018569622831693472	0.019773045750258178	4.2467292366161	2.368682861546368	73614.37249729829
-5228.560256638132	0.02544242783401253	0.02709989578619376	6.269016144509739	1.730442635280558	53752.27712205775
-5229.502525477426	0.033529605963002605	0.03565113375337774	2.99004199382611	1.3142269683356917	40787.22274537984
-5228.8901356365595	0.026957791623167936	0.02876686474026109	2.8873977002457014	1.631378695861888	50669.59239514467
-5228.566806574703	0.023526840184277465	0.025029754206172077	6.352059551941594	1.8725207420412828	58161.40784076349
-5228.5604411060785	0.021492722149073322	0.0228700499174613	6.117088478247459	2.049189432677183	63654.54562481208
-5228.56139624166	0.02069552440377092	0.022046737183752114	4.696810444589855	2.1271737550834167	66076.73588172562
-5228.5729527836675	0.018682644613507493	0.01992453761911241	4.652051330287185	2.3536286665524586	73135.53191369024
-5228.595014688684	0.03621796901597877	0.03855738149962181	4.639525950949504	1.2154464916135639	37759.869286395966
-5228.558530127064	0.042732047864007056	0.04550516296062745	7.950558360736255	1.029924606688577	31999.082296987304
-5228.570754726769	0.029656644387216078	0.03153514638603002	5.121342812092706	1.4847926852689546	46132.791533893906
-5228.813364347918	0.023401486088129222	0.02498392456371169	2.6625303741912667	1.8809012016482178	58395.55478787321
-5228.669547907486	0.025398722825018975	0.027025472177164004	3.1160233281490197	1.7318957718239285	53825.36367456098
-5228.670009804657	0.01881324102486291	0.020006226513622515	2.3862727864764604	2.341498754668918	72729.94241081401
-5228.569839469265	0.025065899019455225	0.026695517131061282	4.383116673342096	1.7553536126622273	54543.040697672564
-5228.792368502712	0.025101734343668643	0.026686741661877157	2.8304772899916473	1.7540396494099932	54492.4185028516
-5228.568232786236	0.020547069544580417	0.021839370838321506	5.73386909443795	2.143397370195035	66596.45334610237
-5228.57861598708	0.019724080650089522	0.021002435177133797	3.0525753736099484	2.230048782545645	69305.070235935
-5228.562378603639	0.023115969876096945	0.024597234885818987	3.929716172320024	1.9045609265130303	59172.44012159972
-5228.572196461799	0.029531634832707248	0.031464541191701875	4.537838255904152	1.4901943736551575	46295.996535166734
-5228.559671456333	0.019851759846661075	0.021122771986334655	7.170378220028977	2.218215265151689	68911.01346477705
-5228.677415103742	0.038227624997705295	0.040666185077694296	4.326135203938135	1.1515387592897117	35777.474346478426
-5228.564836508988	0.018947463514444044	0.020178308118770368	5.0075159152830375	2.323434642308631	72177.25988234571
-5228.596877622634	0.023070993361355513	0.02458360344797374	3.246270210562218	1.906091717533227	59234.945982408055
-5230.311911598324	0.031180283150763183	0.03328050618023738	2.5943162035516907	1.4106482951871788	43756.197941081846
-5228.566790719503	0.030736839605074954	0.03269248995874246	6.589978413016167	1.4319216469341927	44497.93483048257
-5228.56036169653	0.015085575873370977	0.016071947203190887	6.365993985948244	2.91562856013134	90604.7309173968
-5228.5763816691115	0.014646679416426157	0.015562530336718169	8.46068358878857	3.0090395086426818	93466.75075849463
-5228.569740566121	0.041043420889094184	0.04372826601401543	9.159266416736877	1.0719649411052266	33307.05526381323
-5228.5777693471	0.014925267194221957	0.01591714823947258	6.339234434783677	2.948842327775849	91591.95600937195
-5228.5963544667875	0.02335219738972361	0.024937232609179325	3.5908230286859073	1.8845643334492326	58522.21089565883
-5229.144419593432	0.02397584997209454	0.02553807435882683	2.4396875299587375	1.837469874637777	57031.24529454019
-5228.567318646765	0.026562250299010357	0.028293147129698795	4.067850910194977	1.6563539258543827	51466.867916611074
-5228.713475997673	0.02921668658933712	0.03110217148943651	3.345430270517769	1.50700042879137	46808.91181968704
-5228.72541343977	0.025182726001724158	0.02681212849037422	2.946879137255314	1.7484020646491858	54305.322373152245
-5228.558608694756	0.0341582217249536	0.03635845268222012	6.771937974191779	1.2884396566820002	40034.38255550203
-5228.647775641114	0.030393128295923593	0.03235546211575474	3.709897996943356	1.4481124928770244	44990.563908242635
-5228.565348173763	0.024267960249330107	0.02584631712040391	6.249880096511664	1.813465383206602	56342.784848896044
-5228.678856733628	0.025118342948905924	0.026737182522618558	3.054684171211121	1.7525156488099836	54443.15562349551
-5228.572499249914	0.029137798935010305	0.030988334825755998	6.317554093666466	1.5107047528149729	46944.21321436242
-5228.566422566953	0.022989709751543484	0.0245183183006351	6.588392439587965	1.9124751510957838	59430.14995339338
-5228.5737860860645	0.02119305554475693	0.022559362390846827	6.627417688413258	2.078296824242602	64552.41069154306
-5228.7924425491265	0.03238660770815584	0.03451495407426739	3.491017057341767	1.358281330085793	42195.86610391386
-5228.694885106297	0.023494093507448584	0.02501608055324663	2.829253723325832	1.8731799144675672	58194.25487415895
-5228.791241393451	0.03899672837961335	0.04153182733909197	4.03818713891245	1.1284518955346512	35054.549462236566
-5228.67031298545	0.03267652789826131	0.03483900221076521	3.8255102405888257	1.3457498413364803	41814.4513450726
-5228.56052718697	0.03933067252838783	0.041857695636335644	6.85313907190052	1.119139768484294	34772.76492253772
-5228.575005851988	0.0357678241927226	0.03815260046020726	7.512105813648661	1.2283422685261518	38182.54595937219
-5228.566580970219	0.019367743890881275	0.020619213541265193	3.3814525711545977	2.272575604248584	70607.89598859087
-5228.561749349258	0.015216947434652035	0.016198379377380865	3.597348725960085	2.894480255151386	89903.11183265573
-5228.558919667536	0.02484910689048884	0.026464642375235468	6.983595967779223	1.770899756698974	55022.78122044634
-5228.689867122442	0.02709261644565174	0.028831812836799732	3.2065775683681936	1.6241171728918165	50465.86816771945
-5228.559649278913	0.015225475274741466	0.016214088594112896	2.791561835056455	2.8907682469909277	89811.18287597585
-5228.564240679254	0.04114449912859083	0.04379776128920628	6.100581707225457	1.0695589667608496	33234.26838424796
-5228.58235604728	0.026354232464756818	0.028015150623194426	4.47832241544478	1.6694484724261862	51893.34820830933
-5228.6941647516105	0.031648865013279626	0.03371286894804425	3.683297060417821	1.3883206537715707	43160.41586407314
-5228.56012205418	0.023987382656025465	0.025521505020200796	6.327105858896515	1.8344213376028107	57008.48527154676
-5228.5755606289895	0.026958929604995883	0.028713588234945242	8.562914776172335	1.6299004898375482	50676.19532508488
-5228.56052385174	0.016689472768135545	0.017763961514401422	8.45802529329739	2.637382286945344	81944.20891229973
-5228.5653430967595	0.02269062428238863	0.024180706364542844	5.794644874823873	1.9399771647716058	60260.146187371014
-5228.57221037947	0.023536739452556167	0.025101780621453528	8.854428807561534	1.8668724442922695	58029.79289557418
-5228.560229811363	0.022177258398275553	0.023612398499921996	5.711533391954879	1.985565567058178	61676.74224065863
-5228.559188384153	0.017916258071408207	0.01908489857285921	6.090454484456996	2.4552891799784233	76296.95897375116
