# /home/maycon/.conda/envs/dadi-cli/bin/dadi-cli InferDM --fs All.cc_lo.folded.downproj.fs --model no_mig --cpus 32 --output-prefix All.cc_lo.folded.downproj.no_mig --lbounds 1e-3 1e-3 0 --ubounds 2 2 10 --global-optimization --optimizations 100
# Log(likelihood)	nu1	nu2	T	theta
-9104.970153881726	0.09592351476967786	0.09411193001135976	0.17456167938781908	13906.02262706203
-9104.970154317336	0.095925345913516	0.09411363712659512	0.17456506681900208	13905.938112273818
-9104.970153512033	0.0959243850175557	0.09411183213017901	0.1745622254689615	13905.992250838226
-9104.97015478417	0.09592241727193684	0.09411062501510932	0.17455933292665274	13906.07654317876
-9104.970155502599	0.09592199577747669	0.09410919991523613	0.17455672215560333	13906.096430197416
-9104.970154682025	0.09592583214951855	0.09411353963075919	0.1745660910877762	13905.9347842173
-9104.97015348452	0.09592624196375073	0.09411362261077333	0.1745658753257677	13905.908402049557
-9104.970154563438	0.09592590138887971	0.09411306929976042	0.17456430961574992	13905.915360504121
-9104.970153240776	0.09592435377342207	0.09411176124210148	0.17456213535838488	13905.994428899454
-9104.970154836297	0.09592214092473285	0.09410952089982842	0.17455829294799838	13906.106325179533
-9104.970153172262	0.09592434576490305	0.09411234277980661	0.17456269367580968	13905.98647036689
-9104.970155240495	0.09592369046259347	0.0941119955631617	0.17456088965824715	13905.998445468083
-9104.970153394654	0.09592373875910218	0.0941112638656878	0.17456103962919825	13906.021188852987
-9104.970155293631	0.09592619241091063	0.0941142309656346	0.17456685599886188	13905.90889600739
-9104.97015436155	0.09592326375082266	0.09411015152024868	0.17455909373325743	13906.045460443147
-9104.970154058678	0.09592570272323171	0.09411342982328856	0.1745649949479267	13905.925747733392
-9104.97015740498	0.09592680203413244	0.09411553050356353	0.17456673315244492	13905.836805019022
-9104.970154609959	0.09592189652261209	0.09410891633707108	0.17455678922602888	13906.111191322774
-9104.97015445562	0.09592618554745788	0.09411397559266185	0.17456576414771632	13905.898394705191
-9104.970154623386	0.09592302386040898	0.09411068564372879	0.1745601990565664	13906.059720720605
-9104.97015883177	0.09592223294625979	0.09410756461933453	0.17455514956399715	13906.10822341682
-9104.970156259027	0.0959259645742435	0.09411499550351247	0.17456785463010588	13905.913635641225
-9104.970157201953	0.09592872453710104	0.09411597851903854	0.17457059199027244	13905.794682108599
-9104.97015349021	0.09592446906798749	0.09411191650914136	0.17456229440998827	13905.986703650931
-9104.970153767543	0.09592340750428105	0.09411068901987686	0.1745597692076401	13906.033408206265
-9104.970154225804	0.09592484731808822	0.09411177706656527	0.17456260551270705	13905.977750486132
-9104.970156957048	0.09592759691868885	0.09411633020888013	0.174569547822144	13905.82134123791
-9104.970174019983	0.09592625582607858	0.09411103492698751	0.17455837511213276	13905.858962950479
-9104.970154424105	0.09592552431695654	0.0941137735781202	0.17456559339615466	13905.934175887076
-9104.970154137141	0.09592605785158342	0.0941135360513572	0.1745656542446349	13905.916325507978
-9104.970153883807	0.0959244636827747	0.09411180796807796	0.17456274364941676	13905.998009416455
-9104.970159231068	0.095930115056605	0.09411735177453134	0.1745732282987101	13905.72923573359
-9104.970153998265	0.09592474541044554	0.0941120523897152	0.1745634003765305	13905.98789229752
-9104.970154190089	0.0959233848957198	0.09411152158953295	0.1745615982451941	13906.040201398751
-9104.97016154737	0.09592735754311595	0.09411692646802379	0.17457205100342796	13905.857609287947
-9104.970155102956	0.09592341255576309	0.0941099090699567	0.17456037136276964	13906.067507881355
-9104.970212724973	0.09592063127901602	0.0941072687700394	0.17456360032925541	13906.340787534435
-9104.970154853094	0.09592200652171004	0.09410966744487097	0.17455778768707989	13906.09974909046
-9104.970154126346	0.09592367152914881	0.09411177069528605	0.17456089167379488	13906.00634085008
-9104.97016897553	0.09591588215083831	0.09410541168154396	0.1745503151708688	13906.40369632966
-9104.97015306673	0.09592423154757605	0.09411125664236601	0.1745617978459915	13906.010195915647
-9104.970153586963	0.09592505232545179	0.09411230129521336	0.1745629241362394	13905.956989687025
-9104.970154106344	0.0959257485405625	0.0941132424371381	0.17456479882306508	13905.925913293555
-9104.97016488974	0.095925159439966	0.0941102601573818	0.1745647789187159	13906.046390733758
-9104.970153780321	0.09592524881486258	0.09411255019044779	0.17456399272844636	13905.957975581656
-9104.970159999253	0.09592900224823409	0.09411455944601377	0.1745701907691621	13905.81789055556
-9104.97015418117	0.09592615464149497	0.09411275330800156	0.17456467909998968	13905.918984496491
-9104.970153934353	0.09592298166117619	0.09411067783957297	0.17455999740220138	13906.058577435815
-9104.970154161949	0.09592399091114122	0.094112540259781	0.1745626441789881	13905.996963637004
-9104.970156321768	0.0959242154100297	0.094113193334651	0.17456481038715996	13906.002927599111
-9104.970156501111	0.09592284451269939	0.09410871290637787	0.17455869926166823	13906.103620738957
-9104.970153976301	0.09592381273200679	0.09411200546808308	0.17456144124984665	13906.00158609457
-9104.97015322903	0.09592432063187199	0.09411188374182267	0.1745624392311925	13905.99748424498
-9104.970153880757	0.09592498695995019	0.09411234911155734	0.1745632275221098	13905.963925808865
-9104.970162621468	0.09592970100093674	0.09411494397629068	0.17456849393783738	13905.742659627756
-9104.97015469038	0.0959237086572703	0.09411108190636563	0.17455967483203866	13906.004893469806
-9104.970166577115	0.09592235369935155	0.09411294399029022	0.17455829930042144	13905.990498983223
-9104.970174491498	0.09592061997043935	0.09411021434772956	0.17456231723386054	13906.228610693212
-9104.970154792656	0.09592275744362805	0.09411033385471591	0.17455828698165482	13906.050885426655
-9104.970153637872	0.09592411651186082	0.09411222900756631	0.1745620173731908	13905.989646501515
-9104.970166642865	0.09591848743738317	0.0941065458962596	0.17454853245575253	13906.210218320792
-9104.970155060724	0.09592534928347768	0.09411208236828356	0.1745644542884341	13905.975363690744
-9104.970154478968	0.09592397419350066	0.09411041623897205	0.17456090543922004	13906.033447139032
-9104.970154812068	0.09592691334576871	0.09411337610596289	0.17456533727255324	13905.873804360332
-9104.970153309256	0.09592370174726768	0.09411108319463632	0.17456108291448866	13906.029315916194
-9104.970155173787	0.09592352959008166	0.09411213119585156	0.17456250314027713	13906.029814316602
-9104.970155108114	0.09592644454306477	0.0941149484568887	0.17456721690358976	13905.880584455466
-9104.97015437324	0.09592523324571989	0.094113516481271	0.17456444877763883	13905.936781610517
-9104.970154456503	0.09592418222149979	0.09411247792824046	0.17456360329478046	13906.005917490851
-9104.97015384944	0.09592329973179597	0.09411058951636964	0.1745599419487231	13906.044728254812
-9104.970154981587	0.09592615614820682	0.09411448057132091	0.17456663384165763	13905.899179122114
-9104.970153485314	0.09592335494992904	0.09411087380605433	0.17456017747925176	13906.0372866807
-9104.970153237551	0.09592416999346944	0.0941119617384497	0.17456195998418803	13905.994272252134
-9104.970154163306	0.09592413806054712	0.09411140615645418	0.1745606888048374	13905.991181592322
-9104.970153485156	0.09592379102477235	0.09411135063064968	0.17456125648725437	13906.019667144521
