# /home/maycon/.conda/envs/dadi-cli/bin/dadi-cli InferDM --fs All.ei_cm.folded.downproj.fs --model sec_contact_sym_mig --cpus 32 --output-prefix All.ei_cm.folded.downproj.sec_contact_sym_mig --lbounds 1e-3 1e-3 0 0 0 --ubounds 2 2 5 10 10 --global-optimization --optimizations 100
# Log(likelihood)	nu1	nu2	m	T1	T2	theta
-8165.571146665724	0.0176982856167614	0.05264913552389091	1.9482712283685275	2.381616490929584	2.6373401837050934	118883.30243955621
-8168.356320531647	0.02906539275560682	0.08693118254476043	1.1805219260558306	3.144461328034503	7.508552209059626	72152.81265118174
-8165.163012963936	0.013413184056705918	0.03993623980205631	2.565870779551838	3.487637795842616	5.608010156723141	156821.5039689285
-8167.5563166465545	0.03368792867353475	0.10065252289166855	1.0195032052073205	9.772078759906906	8.052791933849926	62302.196095063286
-8164.28387794227	0.01572002997782407	0.04674122420671936	2.1910726316249756	2.8056453752934214	7.991574370396646	133922.0380908787
-8167.675485253812	0.01704550673671086	0.05093121998040061	2.0136949475297667	9.0249680885	4.741869950360864	123095.03278831534
-8168.172087146766	0.027787556362580863	0.08311576482043996	1.236571359575155	7.591908065869494	8.675186635830629	75519.20966508069
-8210.278361958715	0.02015356329382441	0.06041995635350307	1.7283372778846122	9.519567783687874	2.1858740657922304	101768.5512707884
-8167.325532269003	0.022091338277267024	0.06599942177716175	1.5565484288318314	4.185788386828953	5.840613608524147	95063.5742490125
-8165.482654201231	0.012744708129025941	0.03797516092594474	2.70341671711726	5.186472354075099	9.26668873962037	165087.1215397654
-8166.880841894886	0.011595059131386996	0.034613189709041245	2.964786847235138	4.1304556881001675	5.647593070455749	181147.20098502815
-8165.24659412363	0.011862580653621396	0.03533571367035227	2.9042263160437938	3.1376752092532003	5.18613729025443	177376.0801232007
-8166.764290848404	0.011041233877367218	0.0329565116548697	3.114968154882021	4.089231312950583	8.867182024846858	190282.53304049495
-8167.664598961271	0.011836911466296436	0.03536196274611748	2.898515319501656	3.2983559251515735	4.218970936206907	177235.5346583985
-8167.380250884419	0.012656662795282918	0.037791461874288945	2.7101525070232264	3.410495074109197	7.932952601196258	165768.01459801252
-8168.018954244253	0.009508802581507079	0.028435251132577867	3.613146549189737	5.193931497351847	4.611852017071093	220693.91593557593
-8166.794199922858	0.018986821672090756	0.056685195140634345	1.8131505249883064	7.199289789645425	4.2182023897097904	110691.10510931461
-8167.358575828095	0.01286747016289935	0.038412550573058576	2.664695405480661	4.2214773683339395	7.704743274247935	163034.46842821807
-8165.7781179413805	0.01864849359094476	0.05556875229296513	1.8435702403383991	7.963663753573941	5.252399044048652	112707.36378940032
-8167.90509606058	0.007721101593852652	0.02308961485126479	4.4559715827006805	4.244106668465627	4.398316497635667	271969.91101462534
-8166.280521328576	0.013579882537786563	0.040478040721907575	2.532170889230828	6.92748149726395	2.58317602862382	154731.29353352988
-8166.491002642625	0.009417492110735627	0.02809138252738401	3.6488301349338714	4.700650931197907	8.974313796621372	223050.1375678615
-8163.780591216483	0.01197836097001815	0.03558854986356047	2.876723025555009	8.62190123156594	7.476614994584868	175837.68345341212
-8168.756292365978	0.009567304550248764	0.028624265503303794	3.5820816913660476	8.709056043105004	5.634079283630672	219049.66792871754
-8166.001433233908	0.01215747699472373	0.036244564143163675	2.8309537602348955	9.21896873216124	2.7747876137333387	172935.20690809013
