# /home/maycon/.conda/envs/dadi-cli/bin/dadi-cli InferDM --fs All.cc_cm.folded.downproj.fs --model sec_contact_sym_mig --cpus 32 --output-prefix All.cc_cm.folded.downproj.sec_contact_sym_mig --lbounds 1e-3 1e-3 0 0 0 --ubounds 2 2 5 10 10 --global-optimization --optimizations 100
# Log(likelihood)	nu1	nu2	m	T1	T2	theta
-7287.691452353972	0.009435935485615287	0.06298610067826053	1.6610496927766205	4.933628132832867	4.5117508860120665	101329.11095956531
-7293.984278695748	0.008059186451607525	0.05412599966121974	1.9400329320506198	3.0638970953361393	5.34992627271115	118212.15469363751
-7294.994991079947	0.0095274954944028	0.06389234522646128	1.6350025838478475	2.970767693754189	2.9459920014563306	99716.42822242698
-7295.001322977457	0.008493107788062238	0.057031486834144635	1.837024730723977	3.013698520175629	2.708194530077691	111915.62359114569
-7294.883139130733	0.009166979058704734	0.06170936895420727	1.7069973449016513	4.255986817436267	2.4730058879387093	103266.64952685316
-7291.279245632577	0.010103222175248177	0.06769609143513855	1.5490790388436178	4.4373512963878925	3.113221177717496	94249.42942578791
-7287.62721452719	0.005535529216737728	0.036891868722610584	2.8264156991288	2.7247638514886368	9.618188711108552	172676.85080902622
-7289.076769586477	0.005173962129773387	0.03458270831070074	3.0271070579367816	3.2337661427036095	6.49674426600817	184637.14591561584
-7296.551899571628	0.008247422652520152	0.05553655365956141	1.8945076297750296	6.478606077396773	3.0366819526759063	115283.14423592041
-7289.948216113205	0.007181113149888529	0.0480129891441579	2.178497770374152	5.035633792525393	8.169242792400754	132935.30265832625
-7289.50938576393	0.009278320304356748	0.0620794323513757	1.6890882034487238	6.326432397730816	6.47264265115059	102953.72518090285
-7294.255750664272	0.00916588727756739	0.06145850397730875	1.7010742811324917	8.686516484209319	7.268706741875188	103855.60632644632
-7296.255984297253	0.004357007091404782	0.029332716736200526	3.586372480173733	3.870151340647208	5.565785397327127	218387.11914763862
-7297.313580092668	0.006239647121057879	0.041929999285749774	2.493631003412203	6.004521424341333	4.17021385867958	152267.57932027985
-7294.154714381696	0.005250684732384696	0.03531243995970966	2.983132461782754	4.94013481159933	8.091605523294218	181515.16366950664
-7293.3914124344565	0.007111464157997921	0.047705658988721256	2.197080514517325	6.490619805489273	6.273687281924793	133978.81707361256
-7287.597145554119	0.0051589789735165354	0.034452646651426506	3.0402389613859233	5.24676490915814	7.016755357292262	185372.08249336164
-7292.986855782578	0.006085654922313247	0.040845519983962526	2.5708831554534437	6.551052085077559	5.122692816057016	156639.7947421495
-7290.865685982758	0.008461825364360142	0.056592411673104207	1.8467125419647683	9.9	6.721102302921803	112737.42089718387
-7289.952131151959	0.007055264704896549	0.04719750143142104	2.219203380625718	9.9	8.796429406793374	135336.1903707458
-7290.356479270605	0.0055190615136754715	0.036913710474780995	2.8342499109446737	7.344887441343786	7.018244945065598	172935.34812009777
-7289.443394606787	0.0034998928327240023	0.023423880574947764	4.480295270337173	7.9021790214878855	6.145270420569241	272980.69627696305
-7288.617553196812	0.0037856733904614403	0.025323776171163603	4.144896528535385	8.146636022222907	4.902088082922765	252510.92370643796
-7296.3043282715225	0.0044778932273590024	0.030168020409651726	3.49382800623421	7.253370151221775	7.252436980637565	212567.19811062957
-7282.684373451144	0.003459945774271931	0.02297325581532498	4.537801438185363	9.89604647988996	8.176852352866652	277160.701415082
