# /home/maycon/.conda/envs/dadi-cli/bin/dadi-cli InferDM --fs All.cc_lo.folded.downproj.fs --model sec_contact_asym_mig --cpus 32 --output-prefix All.cc_lo.folded.downproj.sec_contact_asym_mig --lbounds 1e-3 1e-3 0 0 0 0 --ubounds 2 2 5 5 10 10 --global-optimization --optimizations 100
# Log(likelihood)	nu1	nu2	m12	m21	T1	T2	theta
-3130.6880172282067	0.6362235706454379	0.1860047676495724	0.020604475313673994	0.4195056245783078	6.318047424290017	1.1315380687575811	3143.5848339576933
-3130.6880172282067	0.6362235706454379	0.1860047676495724	0.020604475313673994	0.4195056245783078	6.318047424290017	1.1315380687575811	3143.5848339576933
-3033.6142675447254	0.6201951612142798	0.17500442454895848	0.023646733720282722	0.44385379588743856	6.348921836355988	1.0618149796035001	3181.010306940233
-3049.9862308447277	0.6371624136035046	0.18246448677582489	0.022544239475918174	0.4255436421541758	6.3232394856032395	1.114476675420249	3147.3357803447343
-3072.3436890429634	0.6363244982998668	0.20325544964299963	0.0236644559290949	0.3740918555432794	6.170647776890137	1.2132193709139212	3114.2716532046143
-3064.1998275678284	0.6402644634820931	0.20890491363736974	0.024059547619735555	0.36810033688211313	6.157907852443528	1.2428680567518975	3103.432995276352
-3055.7890356657817	0.630587436927298	0.2036090500136698	0.024426525309930613	0.3847096800219322	6.185856705373683	1.2057179877933255	3131.1421199989036
-3038.812174624682	0.6302056375457512	0.2078019881129401	0.025841948803601338	0.36709156844725066	6.107090265504678	1.2496689887575854	3132.3960911044815
-3130.6880172282067	0.6362235706454379	0.1860047676495724	0.020604475313673994	0.4195056245783078	6.318047424290017	1.1315380687575811	3143.5848339576933
-3151.144805739209	0.15636250217403858	0.021694379296886293	0.07804512599393969	3.9822570058003697	8.413791777799512	0.5158070537031049	11528.350722949257
-3159.072651923744	0.6900330236696228	0.22612104519941922	0.020592996318946673	0.3142881537931262	6.04863057631365	1.325449302105126	2978.384311647135
-3120.617975267331	0.11430187609410124	0.017254742617788508	0.1108951915615503	4.95	4.922126455845818	0.385704868337868	15790.29533682749
-3087.6562299874277	0.08841343802113485	0.018892916540351728	0.15466817452731674	4.351675836909328	2.6634057973937364	0.40568797606445284	20582.02272554867
-3273.0230228474097	0.8051368726556656	0.2834868596030794	0.01630423476797758	0.2553287479396669	6.3190668351092505	1.4545582300363256	2661.021141354911
-3371.1685626156714	0.7032841912372478	0.3539239401346945	0.022511624028859145	0.2001810671785033	6.213593183358133	1.4000861660039206	2648.061677929425
-3148.323551103977	0.6031967496068784	0.22242654802214812	0.025824967630730365	0.3356926570491246	6.003155626718301	1.218578187912483	3118.9700379787623
-3088.1775415137054	0.6049478021642711	0.22442762516639234	0.028197461597548417	0.33760539357840663	5.999552116904825	1.2203605400196613	3117.0211740038885
-3534.4142798646058	0.6813947607799187	0.3878761084321885	0.022138401056230127	0.18387501279527804	6.213321344095264	1.3108956575843336	2620.476456858794
-3534.4142798646058	0.6813947607799187	0.3878761084321885	0.022138401056230127	0.18387501279527804	6.213321344095264	1.3108956575843336	2620.476456858794
-3671.9930105596322	0.024951882473759783	0.012850959877250169	0.5050868629891118	4.95	3.7986844327644866	9.607385918118865	80759.9986445301
-3653.123183195712	0.026137003402411978	0.013583564946710596	0.49496754298768747	4.711627233187179	7.602634922537904	3.4267103938204873	76958.65545145994
-3291.4455648741996	0.7672257730035865	0.3329604726696937	0.01883736985764744	0.22814931934211943	6.322959703208547	1.4337314576700702	2615.690880967603
-3084.6170295000966	0.06592822897278719	0.016132047111535278	0.2258870629537296	4.95	6.1866005139844304	0.5658643555816011	26975.262146838788
-3335.73498522941	0.7280907309411112	0.3492541085403506	0.02089478242974937	0.21135318601522782	6.275255505199886	1.3985841989663932	2627.2782947727687
-3340.3851818554635	0.0307346665663559	0.014617576702069557	0.572085057731014	4.596386243501576	2.1275204930711626	0.7184834582733876	57508.49689517485
