# /home/maycon/.conda/envs/dadi-cli/bin/dadi-cli InferDM --fs All.cc_cm.folded.downproj.fs --model sec_contact_sym_mig --cpus 16 --output-prefix All.cc_cm.folded.downproj.sec_contact_sym_mig --lbounds 1e-3 1e-3 0 0 0 --ubounds 2 2 5 10 10 --global-optimization --optimizations 100
# Log(likelihood)	nu1	nu2	m	T1	T2	theta
-7293.272747498218	0.005727931208394409	0.03840599593483039	2.7265975335678494	1.675856893604145	3.5255960914657387	166334.33184007017
-7296.338866933754	0.013034558916298336	0.08756525207701334	1.1952062556850314	3.3209002602335764	8.765761260053237	72946.44900273149
-7291.972246884027	0.009767858808085603	0.06543849163680739	1.6004147209351338	4.748976992411902	4.351632968852381	97614.50950134247
-7292.429557653586	0.005495842563838223	0.036863758524675924	2.8472058497070125	2.965254188704839	5.12070393225326	173505.38968625866
-7292.164028600367	0.008787414879095188	0.05894021911905465	1.7815795216304289	4.9531853115583475	6.265404658754298	108543.02903686251
-7292.12087801904	0.004712158703212865	0.03156082634344503	3.3154791293276906	2.9114302069604707	3.647649994580323	202310.21861033232
-7292.399322105408	0.007217978156434324	0.048398304416918204	2.166125584438027	0.9799206965818141	1.9674286919531607	131753.00147203152
-7290.57543054713	0.00661639672608963	0.04426525909846769	2.3640882993182184	5.244713861560785	3.0060497023580637	144226.658733064
-7294.903555948951	0.007536327974355085	0.05067217068286571	2.0744412977534843	3.5122171102715787	6.356088018796659	126351.8961317308
-7295.532274949646	0.0071183325339894184	0.047855577137559904	2.1935147678353943	4.600986202140676	6.233989384370772	133691.9174106632
-7291.104025194751	0.006256121883579279	0.04188226280660208	2.5003825026213833	3.535667983114292	5.183982429725617	152508.20902591103
-7292.741504040052	0.006311962223967676	0.04225565950969212	2.4714606000840007	5.773739791465473	2.5777375802209312	150906.30845809064
-7292.383607816398	0.00703370253527596	0.047103367516361114	2.220014973147992	4.226681676957889	5.209872632825255	135506.5356954035
-7298.7191118464025	0.007260410971331587	0.04888242036145144	2.1433806530348383	3.0396926124562405	7.76147639778864	130774.52552910792
-7281.954777757215	0.010613294329035591	0.07046682491897009	1.4810739770015662	5.6314258874282235	6.758729734788469	90411.33493820869
-7380.885715676482	0.005883427697509211	0.03924520323246842	2.9193372249892535	4.189572265872354	0.8817702059275363	142836.1553297976
-7296.9672238105795	0.007773710828668508	0.052200414074992194	2.001052193558847	6.13478348049462	3.5626716307654505	122231.49112212162
-7290.805741836861	0.005869135711249104	0.03924832295323889	2.662613767954871	6.311929168625221	2.29892506955313	162474.1899127936
-7287.515324283116	0.009792222118098643	0.06537462888589585	1.601343916164168	9.396206929866763	5.664423276664311	97661.14396225379
-7297.8155721381945	0.007550854094415949	0.05064690038126727	2.0557220100157125	4.513879576403287	4.064879443746459	125761.23371027848
-7299.194506089793	0.006586745611394468	0.04430348312683542	2.35799503003525	7.644073573583334	4.963858403740231	144058.53247654764
-7289.443422883174	0.003594981353755418	0.02404927157577916	4.35885293257842	3.7848126293615927	3.2526431994009046	265714.78400598554
-7293.4776362442835	0.0038872705272226765	0.026119348435423708	4.029027997133787	5.512278466210359	6.990562070750731	245253.04094161035
-7292.926759164244	0.008142554136261918	0.054649922536787285	1.9215315564437168	9.9	6.975833547756641	117074.255776441
-7292.395173938531	0.003193612878189673	0.021384635345340734	4.888688586109955	6.114767584211917	8.0047565023302	298433.01773786615
