# /home/maycon/.conda/envs/dadi-cli/bin/dadi-cli InferDM --fs All.cc_ei.folded.downproj.fs --model split_mig --cpus 32 --output-prefix All.cc_ei.folded.downproj.split_mig --lbounds 1e-3 1e-3 0 0 --ubounds 2 2 10 5 --global-optimization --optimizations 100
# Log(likelihood)	nu1	nu2	T	m	theta
-8266.436337443814	0.043749797612014675	0.10113269653793314	2.240376455547013	0.7829601387951269	28186.946526046595
-8240.296238341112	0.024352032424398342	0.056686423094903675	1.3981139290844606	1.4153306231986869	49736.75771992311
-8292.139002516873	0.026792138072429982	0.062347155960778625	2.911895376938338	1.2646470966980685	46163.62705796655
-8295.383831330048	0.021860207043005387	0.050796329931173306	3.643762290250927	1.5494714159097311	56665.947662635466
-8298.166917497005	0.02764947112614947	0.06438178222321667	5.543186491200414	1.2229205440234274	44734.25330898834
-8295.841359399481	0.013738003718629694	0.03197076362062044	3.048091399035204	2.463580438268556	90090.03629501081
-8293.855009888975	0.01962869415920508	0.04571271084567484	3.1535685803175446	1.7246990082302185	63038.59453342486
-8298.484838028548	0.0299817996258823	0.06975017258973391	6.434478120551798	1.1281315718161669	41273.756640009036
-8294.494292682972	0.019978592028601427	0.04647189329160968	4.823883141554383	1.6950641432135265	61976.717099223344
-8297.647083217682	0.015126917796020808	0.035212979338960816	3.2657939290026685	2.2359180018179234	81785.60535331028
-8297.026462310097	0.013232477331161965	0.030817152256808464	3.4041425190185537	2.555964503388383	93477.9508468093
-8297.182352306249	0.009991078201925272	0.023263313018023552	2.97754668236536	3.3853534456077576	123817.3025667563
-8295.128801571578	0.014640551989682213	0.034067702890135894	4.57272348340401	2.3122905349431826	84549.20765327844
-8293.077438456987	0.008213871219510083	0.01911594521014116	3.046893965460377	4.123698989100067	150730.49411538435
-8294.71879814558	0.008603058180381602	0.020017459656472343	3.2072251321580225	3.935604471919646	143897.6203781019
-8292.137094948761	0.00836334329102291	0.019462534567640622	3.1167251038691135	4.0512401595503365	148060.4641500638
-8299.196288398856	0.007883441735258076	0.018380923883033688	4.867875487614979	4.285344463563724	156757.52279736393
-8298.873407721683	0.011362598225992643	0.02643263831867954	6.566274287092994	2.9764733837274404	108904.83000555472
-8294.490961806316	0.013547277518008117	0.03151858351899516	8.461805215008523	2.499546775361445	91388.62359614437
-8298.64583028938	0.013636350708360508	0.03166880510484221	9.495652845153545	2.482187595288135	90835.2625606581
-8295.407191039812	0.007821788270948348	0.018226024167023742	8.359621348524373	4.325076566323238	158126.3101355575
-8298.585848357574	0.00764605644339821	0.017828148986203673	8.607843605823488	4.419088693933081	161633.24456127608
-8295.260865432012	0.008709195580566903	0.02029554820265504	8.792323105028704	3.884400601410478	142010.14566593824
-8296.844547941833	0.009406952633295072	0.021899108050570062	9.491094919771262	3.5962291859573936	131525.83049234864
-8297.002684180758	0.006886437342180267	0.0160057666264421	9.9	4.915730401725763	179825.27757690178
