# /home/maycon/.conda/envs/dadi-cli/bin/dadi-cli InferDM --fs All.ei_lo.folded.downproj.fs --model sec_contact_asym_mig --cpus 32 --output-prefix All.ei_lo.folded.downproj.sec_contact_asym_mig --lbounds 1e-3 1e-3 0 0 0 0 --ubounds 2 2 5 5 10 10 --global-optimization --optimizations 100
# Log(likelihood)	nu1	nu2	m12	m21	T1	T2	theta
-4001.9419590288007	0.0953422094992506	0.025051238686685507	0.5558238555826117	2.2245085393393267	5.069449178038776	1.3828333691014527	32904.270085912234
-4099.131479179623	0.05330814877418449	0.01808495110779221	0.9945709851978828	2.6770072704445305	0.0020127309913222625	3.8021041468263927	61765.95968231199
-3806.79804014901	1.3505594565370604	0.10829693605547146	0.11075384652137352	0.7517230693083683	6.263559419547269	0.1575378225545286	3111.8924156998087
-4002.088711964838	0.06839579950201825	0.018151114485423454	0.7763559954045378	3.0605437264445876	3.9210363521410065	1.0463077765896671	45829.29607844713
-4226.498915897083	1.3698815895634167	0.13621597058497026	0.1392529496033953	0.731909595006172	6.1326359003924065	0.1186939131270859	3103.7068749707023
-3825.9151119797652	1.3514037618232722	0.10913592097625523	0.11273669890518781	0.7502417642365781	6.263643711727453	0.15511955046056833	3109.7228819493894
-4002.056002704442	0.06276785945277065	0.016575346512235817	0.8453461484556049	3.3585403059786105	6.322881822858768	1.0901324192440207	49936.88603250221
-4098.672237211596	0.04153658109345774	0.014116343314827041	1.2782954639188147	3.4269383205770976	5.283156366174906	2.873183036713496	79187.71739665036
-4090.842414038374	1.3654357410199278	0.1325294002862846	0.1312785916243354	0.739363251369322	6.160808461926823	0.13411124574970484	3102.3850942571353
-4226.498915897083	1.3698815895634167	0.13621597058497026	0.1392529496033953	0.731909595006172	6.1326359003924065	0.1186939131270859	3103.7068749707023
-4097.866628150082	0.029708056610098628	0.010114214564187277	1.7911600815651572	4.7783651235250035	3.5933685692190354	3.8756875288730295	110620.02052102287
-4099.535510825937	0.04025672990388742	0.01364512116756013	1.3157824043705466	3.5484031325712078	4.379012302532273	8.615849492932835	81821.06911295842
-4515.927838252662	0.015483373535083172	0.008103138334309574	4.6801063465671175	4.95	4.162231273337053	1.161666287693347	174132.81953383074
-3825.9151119797652	1.3514037618232722	0.10913592097625523	0.11273669890518781	0.7502417642365781	6.263643711727453	0.15511955046056833	3109.7228819493894
-3794.7629499581426	1.3521434127756384	0.10958736385180085	0.11062945928329215	0.7521066209273302	6.26529265135909	0.16171355791889702	3109.833680608317
-4098.894740332587	0.04156819534475311	0.014131154072794479	1.2771957791138713	3.4226245071901817	4.727601067158438	9.852524804352843	79117.16186790614
-4099.155327191567	0.04124188019151206	0.014015803981117923	1.2866374573771664	3.4508618729448837	5.230416826090306	4.891740527248838	79751.58713338354
-4102.678181481604	0.03227016805473834	0.010861545197277866	1.6291639276247887	4.470837390034194	5.503676907417839	8.95517093967178	102443.47914281725
-4003.0393220189367	0.04951111008031258	0.01314569448316545	1.0713332694396531	4.223893706723123	7.983358009066472	0.9657898706242982	63282.54046804536
-4099.11689704424	0.038096912170764406	0.012944950536304666	1.3926717450584083	3.738366220997889	6.384139647964807	6.69740717222469	86357.13345293466
-4099.11908335704	0.03413928874671118	0.01156986779052667	1.5525057289074413	4.183811296520566	9.53162732378854	4.380769736129554	96485.98153321762
-4100.705593288578	0.02852252367124315	0.009692513592196323	1.8602589162632215	4.95	6.600236546366994	9.443882717554857	114992.17228079367
-4098.246726650008	0.03014791326721208	0.010259256978177814	1.763387377509475	4.714394231612856	9.587359163263379	6.748663282407584	109049.31957810768
-4008.271540430908	0.04081033532109167	0.011048053317767446	1.3090265821046125	4.95	7.948780917128219	0.8516228935613582	75924.246037983
-4163.393791421284	0.022092042241781216	0.009053611553654438	2.8132330827288423	4.95	9.84539255907557	4.089433171535365	135772.33348299284
