# /home/maycon/.conda/envs/dadi-cli/bin/dadi-cli InferDM --fs All.cc_ei.folded.downproj.fs --model split_mig --cpus 16 --output-prefix All.cc_ei.folded.downproj.split_mig --lbounds 1e-3 1e-3 0 0 --ubounds 2 2 10 5 --global-optimization --optimizations 100
# Log(likelihood)	nu1	nu2	T	m	theta
-8297.105411267898	0.030623948204775847	0.07128082307237217	3.8637816624324093	1.1046705509456722	40390.632369040286
-8295.716804531174	0.023343144312826577	0.05431523921383152	3.2202516291612757	1.4500314256346536	53012.04459906363
-8295.259858973748	0.014532524937495397	0.03381603700958496	3.848287801282254	2.3294043009864573	85176.80001393991
-8296.72588945727	0.02597976222155224	0.06041240798585409	5.276613386137432	1.3028444700103616	47654.837561180364
-8275.736838776367	0.007156012200064491	0.01663248501839059	0.7483516044649677	4.761321386655717	172027.54088366913
-8295.530375087525	0.01745744715640281	0.040611694101163	4.493418588400325	1.9391822328855768	70913.43037676667
-8294.443729104856	0.01633033314002779	0.03797589709606397	3.60653563769742	2.074022991403415	75834.21056316221
-8295.956960515416	0.02483948008603159	0.05785564107327159	9.397995370529523	1.3619720578520575	49801.27891134242
-8296.595583173128	0.017834844900879256	0.04148047991670856	8.75578215291711	1.8977456754508766	69412.02153376756
-8292.579893919377	0.018153395678176656	0.04229403145651571	9.9	1.8652201222594182	68163.08406768057
-8297.493991380607	0.02269647212352069	0.052795559574524815	7.365112291274881	1.4907535132444372	54532.77431387518
-8295.923902003362	0.0072782484165605805	0.016942515714427432	4.40107467226716	4.649415248086128	170020.22742521143
-8297.656266343542	0.022322177644584565	0.051967177713394715	6.336925226297603	1.5151309430876807	55420.30026413385
-8291.750420106608	0.01403290232736617	0.03261220939546291	2.4431370641382	2.416178777308314	88308.06335425317
-8295.64281634853	0.019188098636654383	0.04464217639037779	8.429344587552535	1.7641443147408806	64512.90375132874
-8299.842448463114	0.008186671613236964	0.019071641038862937	3.0819276970255554	4.127385971570677	151011.64040075213
-8297.280523459725	0.01236871701398876	0.028756247406622755	4.533735611695363	2.7363326674601107	100100.16056682808
-8295.425645692925	0.018202463832268256	0.04240085548767986	9.213668387755963	1.8587879048921965	67960.9572007661
-8295.294311310583	0.007655145130889077	0.017785765119301633	5.162818806887124	4.4250860742373055	161839.20567284437
-8299.288708086578	0.008525096618977351	0.019826262965489852	8.210292391256976	3.9671847188381077	145168.22132609386
-8296.064729899743	0.011197050265341376	0.026061667641584955	9.739201913415743	3.0222243581486654	110521.18809542237
-8299.780006954152	0.0068563826140435056	0.015939285954644843	5.496413083783378	4.932867358615092	180527.62498002948
-8295.216630219147	0.011249459886637161	0.026212566007225963	8.525839386803806	3.0074309913165966	109949.6076383734
-8296.856146981858	0.007291948978828649	0.016963337008899255	8.750899582233433	4.640763338998955	169743.31154638255
-8293.461600045935	0.007792605953016056	0.018125314243370532	8.67442278918506	4.34721136537004	158921.71175535276
