# /home/maycon/.conda/envs/dadi-cli/bin/dadi-cli InferDM --fs All.cc_lo.folded.downproj.fs --model split_mig --cpus 32 --output-prefix All.cc_lo.folded.downproj.split_mig --lbounds 1e-3 1e-3 0 0 --ubounds 2 2 10 5 --global-optimization --optimizations 100
# Log(likelihood)	nu1	nu2	T	m	theta
-5228.590543571799	0.011356283611751979	0.012083916430292758	1.7338778263856953	3.873976791724477	120398.31225782045
-5228.71190514209	0.008905683607917013	0.00947179213015516	1.1977447391301206	4.94871244621716	153671.0697762962
-5228.617796564257	0.011981482071124223	0.012764595760056797	1.720682434033274	3.671433285070713	114081.01563048315
-5228.5643119479055	0.009030530723943851	0.009612570347540973	1.8990498649805017	4.87716048655915	151489.58601944303
-5228.668479195723	0.01390876318779739	0.01480402904490071	1.8350119187378733	3.1622227897793156	98277.87120962764
-5228.567211529392	0.008937702910951771	0.00953024185437609	1.665666812111871	4.923860345795795	152947.53540993936
-5228.833234225264	0.010761310657434157	0.011468087639911856	1.3511045757300726	4.080639302409425	126870.80964201537
-5228.558815594602	0.008903804079609232	0.00947686203078952	2.1570722340521686	4.943188915600381	153592.25161215014
-5228.566011260797	0.015961135468967335	0.016964940409197868	4.83897018390082	2.759092289885181	85728.55239130808
-5228.571487097699	0.008896820873639586	0.009471920994833346	2.6453831700803545	4.951559758606061	153779.42820266026
-5228.561031745361	0.00996708959511922	0.010621262386197823	3.0061949381906836	4.412783940729872	137125.56388139678
-5228.570799395896	0.008894320142123754	0.009462884107129565	2.813453599716345	4.94515442582806	153713.24872151008
-5228.5628727810445	0.013976300803832789	0.014875127641451586	4.4281415714544	3.14763069455763	97824.24901205435
-5228.571147892331	0.008843884420151115	0.009404385044056923	3.543954374266955	4.978488073654942	154689.6856637041
-5228.569585303396	0.013604116243104973	0.0144668563056927	4.701314795727505	3.237025007196158	100570.66392908778
-5228.569275179162	0.013240866699315037	0.01412417067044208	4.719046799094092	3.32043691435684	103180.51979994877
-5228.561351747838	0.00955791105183992	0.01017830459506974	3.3288306006106763	4.602075368119997	143020.51727161132
-5228.566906754886	0.01179437509195126	0.012573494155803609	4.239465959163243	3.7269295865467744	115836.0201290891
-5228.57487048115	0.016990661263241	0.018100049418371462	2.724624011012091	2.5924693063280406	80508.4251460597
-5228.561867663433	0.009467381091303538	0.010072220958001865	1.8127772055229325	4.651839451392557	144509.19695789297
-5228.5679158971025	0.008828531447324843	0.009407079622073775	3.807252897049014	4.987572006306927	154906.73951673534
-5228.565115749091	0.00888363967696808	0.00945583728184655	4.564238509434741	4.9524972600894	153907.95732696087
-5228.573908208521	0.010535426544146737	0.01120838491008278	4.443458261001768	4.1765608524083335	129798.78858887561
-5228.564891002026	0.013453024529899021	0.01431934051399873	6.231659685957467	3.2710474989989904	101644.0463929352
-5228.574975031298	0.008910912505236113	0.009497668501358938	5.790704349692376	4.943427607190703	153498.5323695833
-5228.580817717836	0.015937993592662694	0.016984134436085985	2.3956089490283863	2.7606240446697585	85768.96208441835
-5228.563123736903	0.008863553607206838	0.00943671632821299	3.3841067287273807	4.964942846230161	154270.00077840182
-5228.6032959457025	0.014659654353590375	0.015607302718596928	2.111284951555757	3.005443539931121	93330.73765246967
-5228.567870840693	0.009556466164463692	0.010188819671356316	4.0884867640876585	4.606581585453157	143073.24820184664
-5228.560105551665	0.016234149079748555	0.017287820972790264	7.366279706158927	2.7098253128723777	84209.46576772783
-5228.5730850629125	0.00946315559013725	0.010076329718506166	2.6246661008252548	4.654963075497285	144567.98670029067
-5228.768992195514	0.012726767562296813	0.01354080978395876	1.5983346399969187	3.4566656442501453	107417.26736007708
-5228.573158203104	0.009051901955987972	0.009624076632308472	2.8492837394218204	4.8673269420620775	151192.9446422376
-5228.567094613421	0.017911308190286083	0.019075063028002482	6.028227264378451	2.456096818675707	76323.62807172367
-5228.573258368194	0.01384283969813926	0.014743101021902466	2.306055412615902	3.1790997660665177	98772.77283211947
-5228.594383760048	0.013871484397882071	0.014771677160474873	2.07745130291837	3.16923631743764	98515.0561271961
-5228.572036241268	0.015434252446027353	0.016444582147985613	4.043705128062433	2.8509785964473235	88576.84708893062
-5228.644758923491	0.009156621101793674	0.009737162861949856	1.3041981833539447	4.805447038346859	149346.52879765283
-5228.566525849693	0.008807198294925734	0.009367888355536595	6.4462350326707645	4.99726250934316	155293.73174526988
-5228.558293243201	0.010495403708676307	0.011172414072186141	5.779273853869679	4.194577569033456	130313.76951498601
-5228.56985752342	0.00882720462306294	0.009389971872092473	4.656173559356659	4.991009263933146	155023.1110906095
-5228.562241980879	0.014373302266058065	0.015291591874958653	3.847505403195216	3.0621334635272213	95153.21995147759
-5228.5680500098315	0.016199451104750757	0.01724377337212146	3.2064515889665883	2.7160310672764085	84402.9892898297
-5228.565675907677	0.008855157798255844	0.009426826890493713	5.685222842326593	4.969661114008495	154419.38668916197
-5229.533392490162	0.00888294407448828	0.009448015895302097	0.9822056037570247	4.960736498965815	153942.52532483608
-5228.559148734948	0.008882349397873749	0.00945691251179507	3.344347713192983	4.956204360741186	153972.18491355056
-5228.575696428297	0.00899325572038345	0.00955402375585466	5.640246080855647	4.899213488092532	152204.3340272134
-5229.086855543577	0.014434359045879528	0.015396945748132154	1.6141041495400918	3.0457569306909056	94605.96012525524
-5228.565117749137	0.017374221116746188	0.018486735553854782	4.709734971268691	2.5348159883454824	78742.26508028133
-5228.568745639355	0.012234029041977278	0.01303663934305635	3.5970968888809276	3.5947132117493754	111710.60423583908
-5228.567008807321	0.010190321790206559	0.010857533675791326	3.812528058932861	4.315851947532161	134121.04855919708
-5228.568284518954	0.008939055649186761	0.009500943319181537	3.582060001405505	4.92705345466873	153082.7306535501
-5228.563545475034	0.01364764968516889	0.0145402450946345	4.8457372159974605	3.224555305961825	100179.26926144875
-5228.576392462526	0.008968425033211425	0.00956147853327547	3.5003385511323155	4.90090184463005	152327.80529033858
-5228.566632269138	0.008866281662895947	0.009440868796976979	4.30727776686577	4.965277876417349	154249.49451509843
-5228.56921672796	0.009013055381360376	0.009592350163404163	7.184591894093316	4.882787102553865	151724.9102872153
-5228.566560068562	0.01033758772310557	0.01101825539816753	2.1429011482659104	4.253610169450008	132189.18534996477
-5228.564686299572	0.009226023341007597	0.009822158300109496	7.1192427619556655	4.772351654418628	148251.23056156383
-5228.565849666296	0.009030225166546212	0.009611651922763483	9.130423602849376	4.87516356027358	151460.81070186186
-5228.567824992521	0.008854559142748826	0.00942057635134703	3.4335838178156584	4.971625870950573	154474.05144933055
-5228.564223718991	0.011844029896875762	0.012596288457434863	5.526805480163918	3.7167602899085637	115492.47235802766
-5228.56917063356	0.008808298656061283	0.009374151040536223	3.9396378095028624	5.0	155314.04234472112
-5228.5651288171	0.008865126542095486	0.00943712980420817	2.4328741310749638	4.9631026731231	154230.65069132287
-5228.55828350205	0.012319547515104095	0.013118135900641006	6.511571816643737	3.5713560969689757	110976.83030432866
-5228.569991657601	0.010001024637635969	0.010660878833117648	4.578307674183094	4.399577902416722	136681.18112658386
-5228.563805576659	0.00983594801830756	0.010462404027774187	5.527646143859414	4.472664996405747	139018.81791461093
-5228.564757802638	0.008841327626915321	0.009412365210815607	4.6691427736953806	4.9790457576520515	154686.75014064187
-5228.56026729643	0.00889880768664708	0.00947740236697212	5.731331205489057	4.942370694304183	153601.21122849575
-5228.56497608058	0.009192513976992271	0.009790541478746272	4.8319901416851305	4.789500488729523	148775.95098671474
-5228.5655936581425	0.009102445609224128	0.009700449251508165	5.51269653464856	4.829276396283199	150105.16507376108
-5228.562079668225	0.008815369106341338	0.009385720045222546	4.247209961866042	4.994622263643013	155154.27762873392
-5228.581066948823	0.009389008536134079	0.010006712287173355	8.038153898808785	4.691713631340932	145683.90460373944
-5228.56340779202	0.00938739569848956	0.01000241465983282	5.283002670089939	4.685572768239388	145601.2105417111
-5228.562347361943	0.014745704283410446	0.015706291335819255	9.984201040718036	2.9850123886936406	92733.09352466115
-5228.5583140610415	0.008801930404876264	0.009369991550574965	8.560582414029943	4.999868354270306	155356.2570182765
