# /home/maycon/.conda/envs/dadi-cli/bin/dadi-cli InferDM --fs All.ei_lo.folded.downproj.fs --model asym_mig --cpus 32 --output-prefix All.ei_lo.folded.downproj.asym_mig --lbounds 1e-3 1e-3 0 0 0 --ubounds 2 2 10 5 5 --global-optimization --optimizations 100
# Log(likelihood)	nu1	nu2	m12	m21	T	theta
-4097.811093889309	0.04506082165939112	0.015264936764889594	1.1764086469250716	3.175897142479201	1.827826331378687	73035.49273309667
-4096.492162272475	0.08104128417237756	0.02746857542513236	0.6549104484118553	1.763738168811109	2.576114642937031	40536.57332509314
-4001.5832263071134	0.03926443635904515	0.010943087562267527	1.3713955563425355	4.95	0.48786432965515436	79761.46054113816
-4099.751583208582	0.06491619317666258	0.022027486633169984	0.8159624975201956	2.197196390767927	3.1794485451027423	50695.670652397304
-4098.11406093316	0.08645024255139674	0.029244397060685677	0.612748278665083	1.6569331311332307	3.058618869174794	38092.48068586296
-4099.1663709019895	0.03202898721389566	0.010876514384969966	1.6557936142256187	4.451957997103375	2.392485878607482	102763.61811146101
-4098.747419072965	0.0545029749440297	0.018488427509197283	0.9729737871341972	2.6198299174358772	2.686579416993186	60409.75768334744
-4124.441598882481	0.027836345319547217	0.010142689108091237	1.8952221345184666	4.95	1.1430489741530596	115453.86131523643
-4098.197919863442	0.04944056282073593	0.016774676503749076	1.0731131332215476	2.8901629079629503	2.281357278665555	66595.45900664928
-4096.184400788968	0.062118923938036315	0.020954446215010015	0.8525763447803525	2.3168343676994163	2.080863055474268	53008.566280917665
-4099.493700826582	0.03152942434167537	0.010685754237005516	1.6799655290217708	4.531806471222792	2.660066617595184	104479.94854966328
-4100.098105046946	0.052510376924148956	0.017826874720872618	1.008567510011331	2.7153533649073007	4.314248809804311	62674.779107923234
-4099.023302545407	0.03267913403796572	0.011062913287552822	1.620629292192846	4.377681802301078	1.6212936029943397	100807.845882124
-4099.134617110662	0.035800777301753454	0.012145934263702078	1.4812230593913498	3.9826108756772567	3.9388782043723625	91943.92109932097
-4098.607191072551	0.046979684729790444	0.015963639573963188	1.130141908066065	3.031692720834387	2.7636912067681774	70030.12430870996
-4120.847435240236	0.023717765593268866	0.009140474932216694	2.5492780300896825	4.95	1.3270745879223058	129781.28972301276
-4099.06101095864	0.03625673331290192	0.0122810201797363	1.4616285612909659	3.942187874952991	4.95	90877.35895536773
-4099.51890556249	0.04267793066603346	0.014494866480079083	1.242032840559581	3.341272247250092	3.8990634233298844	77119.50608577763
-4098.791427445624	0.02863859046524842	0.009717431342400626	1.8552375373015484	4.95	1.766552259736367	114714.305722779
-4098.926935886815	0.03514201527726807	0.01199333861566943	1.5128777625009298	4.034265398993965	4.845981243502505	93439.46122335107
-4101.033570831004	0.028523230725662044	0.009682423831121738	1.8591403811824838	4.95	3.48811303114806	114997.77999744492
-4098.116456244126	0.029356359259284256	0.010017881184870606	1.8137266540386887	4.823507078318347	2.466083049735095	111823.18801050972
-4895.780819406822	0.013561305773314297	0.008478261145626982	4.344839316508194	4.95	2.5519721215653917	178638.5748071835
-4098.952639419099	0.02924548855891284	0.009929061134170173	1.8140261602602594	4.8741643681014075	3.7607294503352957	112539.14888929337
-4096.678478000663	0.02867245019965353	0.009716071060928543	1.858084117009078	4.95	4.868296327780711	114679.89204045956
