# /home/maycon/.conda/envs/dadi-cli/bin/dadi-cli InferDM --fs All.ei_lo.folded.downproj.fs --model split_mig --cpus 32 --output-prefix All.ei_lo.folded.downproj.split_mig --lbounds 1e-3 1e-3 0 0 --ubounds 2 2 10 5 --global-optimization --optimizations 100
# Log(likelihood)	nu1	nu2	T	m	theta
-4514.354493706712	0.2336412217395421	0.12612367859290313	2.9298904271381074	0.3012096869384576	12010.787162394881
-4515.331453881174	0.24482797778270915	0.13253466456604093	2.91220215728898	0.28292558641862986	11527.14352915328
-4515.04181981556	0.23334103145770585	0.12603891905582087	2.930182969047653	0.30140704840742977	12019.713944660523
-4514.778543131803	0.23350460670083878	0.1261139648866429	2.930834518244576	0.3012707662641651	12013.732385634154
-4514.354493706712	0.2336412217395421	0.12612367859290313	2.9298904271381074	0.3012096869384576	12010.787162394881
-4567.006373860499	0.0443424420863576	0.02395660337870924	2.9394768202339328	1.6593566891784066	60197.52241829624
-4514.354493706712	0.2336412217395421	0.12612367859290313	2.9298904271381074	0.3012096869384576	12010.787162394881
-4514.354493706712	0.2336412217395421	0.12612367859290313	2.9298904271381074	0.3012096869384576	12010.787162394881
-4514.778543131803	0.23350460670083878	0.1261139648866429	2.930834518244576	0.3012707662641651	12013.732385634154
-4514.354493706712	0.2336412217395421	0.12612367859290313	2.9298904271381074	0.3012096869384576	12010.787162394881
-4515.359125728054	0.2321473489133616	0.12520854711052065	2.931535983336084	0.3031587056557531	12073.270323552146
-4514.778543131803	0.23350460670083878	0.1261139648866429	2.930834518244576	0.3012707662641651	12013.732385634154
-4514.354493706712	0.2336412217395421	0.12612367859290313	2.9298904271381074	0.3012096869384576	12010.787162394881
-4514.025674805214	0.23508449061785464	0.12700319753747796	2.931697340739832	0.29906411045870374	11946.305258694318
-4514.025674805214	0.23508449061785464	0.12700319753747796	2.931697340739832	0.29906411045870374	11946.305258694318
-4514.778543131803	0.23350460670083878	0.1261139648866429	2.930834518244576	0.3012707662641651	12013.732385634154
-4510.698725495332	0.24318167522083667	0.1311811168017178	2.912276267941704	0.2873609839199049	11622.571082292821
-4514.354493706712	0.2336412217395421	0.12612367859290313	2.9298904271381074	0.3012096869384576	12010.787162394881
-4513.952364610514	0.23530093283921974	0.1271523305884354	2.9327295145123267	0.29879014403625015	11936.672499875669
-4513.593263647738	0.23687660386422005	0.12796539060284434	2.922372845763215	0.29614842271395303	11871.329295857486
-4510.366695587105	0.24256522717378898	0.13067769911642374	2.912732094108671	0.28838079959982604	11650.877292778716
-4511.010786185557	0.23772066815620868	0.12761688546577196	2.916256741415041	0.2955218245644763	11856.090795368356
-4510.537728480722	0.24051376016424242	0.12938756497879478	2.9147190495148676	0.2914217609319274	11736.878721200024
-4514.354493706712	0.2336412217395421	0.12612367859290313	2.9298904271381074	0.3012096869384576	12010.787162394881
-4514.354493706712	0.2336412217395421	0.12612367859290313	2.9298904271381074	0.3012096869384576	12010.787162394881
