# /home/maycon/.conda/envs/dadi-cli/bin/dadi-cli InferDM --fs All.ei_cm.folded.downproj.fs --model sec_contact_sym_mig --cpus 16 --output-prefix All.ei_cm.folded.downproj.sec_contact_sym_mig --lbounds 1e-3 1e-3 0 0 0 --ubounds 2 2 5 10 10 --global-optimization --optimizations 100
# Log(likelihood)	nu1	nu2	m	T1	T2	theta
-8146.039169996911	0.01448803948180443	0.040797111816182584	2.464490494490501	2.4106361089682307	5.546727926936557	150609.15591915333
-8146.007268481261	0.012127461634082105	0.034140716956739356	2.9422937002609757	1.8873680278600113	9.965674414097437	179886.79026460796
-8145.970660181482	0.00978378884280749	0.027567552485676064	3.65334277307681	2.259925998844667	8.204844424278045	223087.00300068228
-8146.062620046904	0.011286439173526258	0.031671284140858756	3.169844862166871	2.2669930417862503	5.878075301978764	193743.78932945777
-8146.001408639196	0.011276353368499463	0.031762685356159094	3.166665361421125	4.50076980035228	9.47218799010928	193492.06222000348
-8145.963805315616	0.009312065750220746	0.02622152845035958	3.8326939012493018	2.1159129453899315	8.128616453655106	234276.65195087862
-8146.017114043964	0.00856886692310336	0.024167178252392823	4.169832770161496	4.366099633403035	7.012385245901463	254591.0402884095
-8146.081931600158	0.013596169784432635	0.03835115758737864	2.618564534023104	4.333823521253108	9.636262361569123	160176.20036130885
-8145.979362600165	0.01177571876126432	0.033144643032284225	3.0347771557414327	3.15589587364204	9.853169741527354	185402.87745649216
-8145.977159373407	0.007630721391450592	0.021505854921541338	4.683834979649594	2.845315191125258	7.034092685889607	286000.6141428684
-8145.94724729796	0.00845911183944485	0.023811305893147384	4.223391731823635	3.8384930025635153	9.812673329327014	258052.11370989465
-8146.053429012182	0.007420968760247899	0.020889573589592484	4.805371400871673	3.8966061164347883	4.005100622401888	293896.72009748383
-8145.971261316835	0.011967508236379036	0.03363649511974054	2.9914973826958384	4.77886062855436	7.816844827033402	182674.40339785191
-8145.953284650271	0.0071537737078678065	0.020135917795365717	4.991909159883349	1.6406425381154706	8.60175683894749	305083.30803985073
-8145.971707417165	0.012052508634461398	0.03398245925857377	2.962268678411724	2.794843249317782	9.913481015360196	180956.0098298976
-8146.013219491333	0.00716139049448556	0.02021796821555089	4.980735632216057	2.8380182765520474	7.274542279720505	304274.7911976289
-8146.038908365864	0.010527729183594892	0.029583560441464457	3.39515282317243	2.1922305540189893	9.902136789194525	207516.54855341883
-8145.946998597635	0.007704720535639378	0.021677648607595804	4.637917925996188	2.4954538461491267	9.91258710582136	283393.2286678412
-8145.960784512975	0.007293737333433189	0.020531688813163893	4.89444236175284	1.7696213985495444	6.459423431309616	299171.863973878
-8146.074652797741	0.007579134544239516	0.02135633359092544	4.724249678453232	3.368863010481451	6.884705956749601	288210.05518854957
-8145.995438783959	0.015799021184320573	0.04449003673391974	2.2648595924661485	2.0560432478519415	9.669257538682517	138249.0977301331
-8145.994570568935	0.007542230127547267	0.021224240184210468	4.739738799485848	1.5806195224383004	9.908500359326489	289535.74207751494
-8145.973095851628	0.010559640627520218	0.029709906035394962	3.3863427752359887	5.942586135163101	9.993730219589606	206842.169897387
-8146.082552141985	0.012417000966820196	0.03502087425251105	2.869686205405237	2.705075463330264	8.395638420601125	175464.98167383476
-8145.957212953648	0.007306694877903907	0.020539366727006417	4.896448445109448	1.4773056879030726	9.353273197191736	299091.6795315066
-8146.027065653334	0.0076827834520626385	0.021645420321132015	4.657246142071181	4.420927499234339	9.903418038948882	284242.240335965
-8146.109985094571	0.007127746825477885	0.02013486662109039	4.999610616398378	1.1212542793068547	4.179715184979337	305516.7304884573
-8145.991269068033	0.007260109787390814	0.020448798247078837	4.912309765745613	3.0204386185254446	9.920564532936679	300360.29206934106
-8146.003764806349	0.01078269406579499	0.030251753000715243	3.318147257243491	3.6103353762186563	9.898774311529031	202814.5256195154
-8145.946674648291	0.00730163858986897	0.020544417053272375	4.893334249930678	2.352475822638475	9.903535698850176	299015.77145829605
-8145.960951702717	0.00988214422021481	0.027807714909082595	3.6163805576967816	5.387135882140703	7.184004496831047	220951.15997441547
-8145.990378108867	0.007222894027899865	0.02031287370399411	4.943880131433506	3.55665875216801	8.88182242214262	302247.08060850936
-8145.973419879432	0.00721568237788807	0.020330766742019293	4.952661178295513	2.5383909834417677	5.26848970997132	302462.1820171097
-8145.950368057918	0.01574627381109082	0.04427443822083974	2.2714646648506616	2.693389464789095	9.820199719306094	138756.81752259313
-8145.9924682074425	0.009221570385169492	0.025957417796759585	3.877749277983818	3.3837921108373616	3.682620158805839	236818.1106575794
-8146.029835320887	0.007214528111681343	0.020357824065616304	4.952929522868654	4.114443101895248	9.895737136488265	302339.5151313325
-8145.967450050563	0.007196340947149971	0.02024783145336012	4.961523544891993	2.737660282325181	9.860169669425025	303295.1185228005
-8146.027011959837	0.007285395751639264	0.020476320483622315	4.90500725860333	5.936476036850094	9.912805445624402	299818.22118030157
-8145.999490563349	0.011591878949201643	0.032619862246330386	3.081041118468857	1.941214526408674	4.157456775154547	188304.62825613352
-8145.964955053862	0.007165291447761252	0.020176758743237877	4.983864976367823	4.701288208237741	9.883146504375924	304548.49434636295
-8145.96959705617	0.0075369544935889425	0.02119822853184182	4.746711174748287	3.294230440750312	9.914625307894129	289895.25482408394
-8145.994712762726	0.008577644968136355	0.024156229473441013	4.1634023512518485	1.6716657625279148	6.386507138896459	254398.93404806632
-8146.06400484577	0.012495742129614802	0.03508257906077122	2.8686926226095117	5.550543468985953	6.5688682019043565	175123.3700969257
-8145.977319873735	0.015589141000329695	0.04378589324321104	2.2947659672789644	2.207054583134003	7.698048448025169	140218.79628974438
-8145.969752072827	0.007221151866291305	0.020296060341821062	4.947383199189893	2.7199892433640596	4.9026153502345045	302447.2212226612
-8146.014585797147	0.009967442945271257	0.028096521896009686	3.5757331347265313	4.1544671115792955	9.208684037421303	218651.1561164812
-8145.966138122062	0.01133401922752088	0.03187084157618513	3.1519116843894435	1.8210932740140497	9.851486544412143	192659.4809723772
-8145.982737164432	0.0072089910311582605	0.0202648576574781	4.9653339567867825	1.9441114548502558	9.961328957753052	303216.79870116233
-8145.948778638444	0.009184714767040891	0.02583171092177512	3.891439331090305	2.548703516439069	8.769825612030344	237784.54707043892
-8145.955022302527	0.0074332390144182725	0.020896735434678453	4.80933701509584	2.0034366335215217	9.999225262840868	293884.60401734075
-8145.988890439566	0.011066798589022167	0.031166193091496264	3.2250473395460646	1.8204827457138086	6.237385304938549	197124.1973320078
-8146.011478360005	0.011043719265367844	0.030988120806306974	3.244929594766825	3.0658161557729287	6.997392373317851	198160.83018945673
-8146.003681177334	0.0082879082034164	0.023361815692051938	4.304062180492598	5.330468909989989	9.9447972563643	263068.5075457617
-8146.09745031304	0.013738968333156168	0.03881499141046893	2.5975015882462973	1.894215288366018	9.892009171721035	158601.25463923058
-8146.035596038783	0.007140276205066247	0.020070325933788973	4.9981123601559	3.196438581716321	9.895968578479613	305712.8043721117
-8146.037005252309	0.011825998984097703	0.03329399439462676	3.0251373424702384	1.939240862671401	5.286228751503619	184692.96816170344
-8145.968868018517	0.007185778997833183	0.02023776059631193	4.966717063909441	4.324808393822315	9.902867310098017	303578.8811333985
-8146.086756069771	0.01363546258775772	0.038495395457865775	2.620519904482031	3.072172345582407	9.88926148288407	159938.39910517
-8145.94872204294	0.007209439870526576	0.020279559982239403	4.956081520611797	2.631561218428639	9.899860657086121	302872.67101804225
-8146.083840410137	0.007125475043457259	0.0201086880835558	4.998304612008425	4.594910370578518	6.73725183290821	305634.70674719935
-8146.03972106883	0.007409249583796402	0.020880690577450952	4.815785754726791	1.4860447437492146	9.827481436172048	294324.87046426325
-8145.956557212961	0.010875560956497821	0.030560741737165557	3.2879603983805716	2.6849760046755606	9.944311597157192	200919.47067287157
-8145.947628198394	0.007229922390235634	0.020344931788290988	4.941562283731512	4.018320310983467	9.888337695887918	301961.13388113974
-8146.021838551378	0.007425730998843033	0.020920468146367794	4.813617899676969	2.1261126197315128	8.60651558021043	293947.39037033694
-8146.004310335392	0.008491785346710657	0.023849050675608555	4.207121400747391	3.1523798533864484	9.887972635679956	257260.5454827454
-8145.9641943304	0.013471919610422857	0.03792786703200387	2.654678332967451	3.621777403026992	4.99199681794207	162103.08798332472
-8145.977661345342	0.007269106985260495	0.020450584017590753	4.915259233346971	1.673647440525645	9.884186058376066	300366.69904184015
-8145.96871522965	0.0072317025434135125	0.02031894012610795	4.94996985570245	4.104807545963994	9.73448134291341	302321.1530521998
-8146.034947262359	0.010082333673552862	0.02835650575442932	3.549494759478613	1.6620540485937125	8.471339387361692	216743.4387368266
-8145.9503323317995	0.00909357812605587	0.02558757029750596	3.9315019174528594	3.8660737600328385	9.89341575117486	240158.4829410468
-8146.012384949526	0.01212349297561262	0.03411894719069483	2.9536374305853035	3.770828955868535	6.049092840569385	180261.45640981625
-8146.025122911226	0.007829682404558341	0.022028955818201953	4.557550725066703	3.9011849843570103	5.551185992046593	278690.26401137246
-8146.077242086508	0.012670527910644864	0.0357510879372961	2.809824159448453	4.582686825753293	9.994921593057093	171858.5495819108
-8146.041743579307	0.007230811290984184	0.02035286552589004	4.9444037207067355	3.494292590248285	9.952436586843275	301995.67717862385
-8146.061691815555	0.007294116727422552	0.02044259263385255	4.913989364490212	5.064405978265903	7.689052372132578	300178.52164814534
