# /home/maycon/.conda/envs/dadi-cli/bin/dadi-cli InferDM --fs All.cm_lo.folded.downproj.fs --model sec_contact_sym_mig --cpus 32 --output-prefix All.cm_lo.folded.downproj.sec_contact_sym_mig --lbounds 1e-3 1e-3 0 0 0 --ubounds 2 2 5 10 10 --global-optimization --optimizations 100
# Log(likelihood)	nu1	nu2	m	T1	T2	theta
-4149.317258643181	0.07196664597764228	0.01353805998585302	1.4420344973140806	7.984877810514573	6.370176618359245	78654.44049285904
-3785.64264380552	0.07123017313217704	0.013568209115523828	1.6808305955673013	3.9997240558197227	1.0797649262913502	60822.186758092634
-4149.320201919448	0.04895402941439762	0.009208001903407677	2.1206555964949034	7.558043358414514	4.708480271681351	115651.32876326826
-3785.6346532759485	0.1366697062818218	0.025963331848318633	0.8780946137041562	8.45806453149383	2.053392537395707	31672.371282220196
-4149.263831043266	0.05579384310554671	0.010486512882266838	1.8602648202777605	2.6901368175544635	3.8551557643120313	101465.17791965962
-3785.6192640484674	0.06559768503501805	0.012493723205107542	1.8275638773462617	2.655443435424252	0.9121972580368946	66018.3589346663
-4149.322576782696	0.024410216789624573	0.004590203673956799	4.253818263614417	2.5314000274467445	2.627956039311921	231966.75511594402
-4149.321668278233	0.03141498347830599	0.005910879101013148	3.302778619208899	2.8187260790551276	5.031705847052774	180161.94749812622
-4149.3207737031	0.04538070925793549	0.008536218882491703	2.2867438160887783	3.6730828991334867	9.387058245750278	124731.68010820831
-4149.312860316894	0.03471178080106883	0.0065321639843697	2.9899017436623443	4.653230747127379	2.952764318942082	163071.61879323507
-4149.3139432406315	0.04562478113406006	0.008583707485295387	2.274960029106111	8.93988692467647	4.0093656621742815	124075.18994773798
-4149.320742202787	0.05822338236844978	0.01094975782175015	1.7826359988293043	7.464115229729073	8.365292063395566	97228.90111592824
-4149.225894443038	0.04005070901715394	0.0075330109731499215	2.5921293328657704	9.443628639455309	2.9777554008380624	141356.87259768986
-4149.320585555639	0.023955186205084505	0.0045056819104382665	4.332595669623883	4.030483196740429	9.896723235426073	236310.1421787122
-4149.320568723924	0.021996657028664397	0.0041376452749253174	4.718750197243735	4.536916382576114	5.164833451706143	257360.20989261486
-4149.2513298898975	0.03897008698534384	0.007331228774915367	2.6632369823214277	8.819362676366994	2.9580177752569528	145253.66392341306
-4149.334031589223	0.027425024876318524	0.005154170872189617	3.7888621655143107	5.9228569605019645	9.01675840352935	206553.21231534393
-4149.325028094703	0.021495359907027608	0.00404608171888935	4.8251509531722006	4.191974430279422	6.4000689790528025	263242.52652093564
-4149.323634063738	0.025758312253794265	0.004842001466795242	4.031350820751365	6.783085984716454	6.93662128326922	219837.36989104527
-4149.321459136998	0.026526715471697635	0.004989141289933737	3.9116061604254444	6.285788161518332	3.63581731179568	213374.34066850838
-4149.320541787046	0.034503418857044416	0.006489544673155588	3.008032715057155	9.31013936152398	9.574791902936385	164066.12083817803
-4149.320529369367	0.02218040231018745	0.004172773003771585	4.679111313247831	7.66496532489177	5.180323562567761	255209.5957545251
-4149.320935346352	0.026529328715736256	0.004988417794697155	3.91218784159161	7.031879049721916	4.549687366409734	213385.43262238018
-4149.32166045446	0.022610462368950375	0.004251764254725999	4.589552176787039	7.583819960879005	2.8159550280213685	250348.2847179101
-3785.6933553571544	0.025302655188150346	0.004814736890347597	4.739329152991598	9.9	0.6138217479163955	171491.54321867652
