# /home/maycon/.conda/envs/dadi-cli/bin/dadi-cli InferDM --fs All.ei_lo.folded.downproj.fs --model asym_mig --cpus 32 --output-prefix All.ei_lo.folded.downproj.asym_mig --lbounds 1e-3 1e-3 0 0 0 --ubounds 2 2 10 5 5 --global-optimization --optimizations 100
# Log(likelihood)	nu1	nu2	m12	m21	T	theta
-3965.2767540223003	0.059237142435430656	0.015496448641824282	0.9894663840476398	3.522215545765186	0.5598568555537695	54133.93808355741
-3965.29124909924	0.05822652010830593	0.01530195565876484	1.0067144832709425	3.564782293228493	0.5606030370039542	55088.50464338452
-3967.105615694874	0.07665177678548007	0.02027241871930035	0.7653692521598118	2.681767615596076	0.6192741925631317	41844.470968323665
-3964.9919295545737	0.05352792192644739	0.013890839168332253	1.0929931416049021	3.934935690730639	0.5299624764846992	59924.14778302175
-3965.330219120019	0.0606223936276161	0.015786079733746693	0.9653026118902719	3.4642610453371585	0.5589317538986515	52861.40119652663
-3965.098617607663	0.056373848422184195	0.01464420520246304	1.0373625077805215	3.737744014113386	0.5406016545486311	56845.689516428516
-3968.0682729196415	0.08161435894764384	0.021701347350790254	0.7177273724099194	2.4947064356134083	0.6384552201739578	39367.628498960876
-3965.8274759182473	0.06650057176825351	0.017470719385128623	0.8809402280635085	3.1169160741111495	0.5902224142560261	48257.67034632626
-3965.038513835683	0.054785514637409376	0.01427353470266249	1.0689963039060215	3.828908974543032	0.5372531644585928	58496.13696332816
-3965.943660980112	0.06811483019451017	0.01786515107471037	0.8598839933540773	3.0538516208212676	0.5906942147180745	47082.98955694313
-3965.0194998957586	0.054445052562862715	0.014145700260998893	1.0757350124254628	3.8709799800531304	0.5310808496737989	58799.305143107755
-3967.557463990758	0.07910225955601116	0.0210166769661968	0.7417003859065162	2.5817113813247983	0.6304818637686245	40577.25792358353
-3966.080943334208	0.06903969129801467	0.018183115892155127	0.8486881292217525	2.992421416311899	0.5983693629261061	46441.45745841425
-3964.733926667438	0.04355348053777722	0.011241780365086954	1.34287018182075	4.882998111437711	0.47197159418530765	73539.22140855572
-3964.8108287389823	0.047991753975291394	0.012433099575974101	1.218696583736466	4.409746047657434	0.49911278799683134	66748.58090706887
-3965.000238618484	0.05405855740952636	0.01405905283558559	1.0833561764064903	3.891948324341736	0.5316533632334092	59265.81609926312
-3964.7923813783814	0.047216018952741794	0.012233590093411368	1.2396245431728052	4.478620362542352	0.4955449770783471	67845.30897970508
-3965.9615502094493	0.06822975477606899	0.01788472048744618	0.8577346166077784	3.0499300444697712	0.590545448353542	46999.93663616147
-3964.8343097301695	0.04906637384223634	0.01272654761292292	1.1918408459004428	4.303146707295048	0.5066699688090809	65323.574183345045
-3964.715832562673	0.043062892909115635	0.01115152849387788	1.3587983343211008	4.916989666160206	0.4713949511688914	74343.83358601487
-3965.318875540599	0.06034611128146324	0.015761240176148324	0.9703019131256336	3.468241085719164	0.5609719817532386	53114.867764846946
-3964.7095874117012	0.04294313805355026	0.011131074345308353	1.3630711286554384	4.922818326033088	0.4720028566843066	74577.81872276282
-3964.976101792941	0.053557299181227376	0.013929664622745731	1.0927675538532255	3.9278067260655085	0.529495121037298	59813.94654382437
-3964.7383434891944	0.04378873799937282	0.011383542622733962	1.3374329507379235	4.808962839911182	0.47959531570273145	73159.63344666416
-3965.5716973797835	0.06404971906911278	0.016726945157254855	0.9135743804909722	3.26730222565902	0.573467627760191	50047.42256046655
-3964.8234930670087	0.04838170196506743	0.012569072547170601	1.2089560226500633	4.358204946779417	0.5034060940423184	66202.45708010078
-3964.7191496992896	0.04317504731699527	0.011171665589842275	1.3545784173281346	4.901862828959626	0.4727773651831014	74189.10084495695
-3965.8962149264316	0.06726048687892232	0.017604985095515793	0.8685713651066349	3.0926116523306226	0.5894129047234381	47712.10497123408
-3965.886619186516	0.06707946045743834	0.017656529678554748	0.8737305779217948	3.0820774469401258	0.5926946001348774	47803.67076365226
-3966.560818283131	0.07321717477367985	0.019250762375300916	0.7997527593201745	2.828185156976731	0.6067079327780412	43811.92597723096
-3966.632667312988	0.07313737279607199	0.019349626548586737	0.8020063555515926	2.802560107969517	0.6159469659655209	43874.20572357275
-3964.821001702712	0.048315324143487555	0.012500055157434485	1.2096542011204028	4.380670551114627	0.5014029435868563	66349.07284228368
-3964.703778104189	0.042517706117007545	0.011039704111665816	1.3765184696786839	4.9634084666064915	0.4704241940929477	75307.04928914513
-3964.7479650773907	0.04321617709823275	0.011121671426463831	1.351669917586727	4.937283062529957	0.4681334577796379	74117.14713106562
-3966.2432760699226	0.0705856341627547	0.018595842818557168	0.8310184498036999	2.927685975595564	0.6023546620593968	45436.83704104129
-3965.25338777602	0.05928798513012875	0.015450072345681395	0.9883085617043283	3.5380353777441065	0.5542841049895292	54025.718302862035
-3965.8116769289936	0.06670488760187915	0.017479681800467706	0.8782739315425342	3.1197180409713443	0.5859802669245636	48065.848245176945
-3965.5567064941365	0.06362945371037013	0.01666869000568577	0.9205824557873272	3.273307563695687	0.5759331210736547	50380.35131197177
-3965.8517655228975	0.0672424649529488	0.017599645918341095	0.8707668004675354	3.100523350196061	0.5867022978472509	47702.33390596159
-3969.542732456423	0.0871585971231876	0.023518933345274308	0.6735570309479	2.293766333159718	0.6653982897343994	36924.76162127789
-3965.7368809609056	0.06570251416461328	0.01723190138428519	0.8913238428949742	3.162209859206922	0.5851864131664138	48820.72152896772
-3966.8235248339884	0.0743545667923078	0.019729472724179693	0.7891400754088096	2.748007260467742	0.6223417141810997	43177.058805882894
-3964.7463547012903	0.0428540229585944	0.011038181364046606	1.361545404244126	4.975308562379069	0.4672616770907169	74790.90492421779
-3965.657928654372	0.06483689849865161	0.01700758115267402	0.9036944344502431	3.2067444277847796	0.579890579510037	49405.402807275124
-3964.772233249718	0.04440529179496594	0.011443798354146955	1.315628223964147	4.804141788349165	0.47500814970370864	72130.56636368472
-3964.811448233459	0.04301389170311832	0.011035411688774026	1.354508687455468	4.982772711211462	0.4647197052976538	74484.13749018419
-3964.9218409703712	0.05189796986976853	0.013487442478837944	1.127728748237849	4.057895770360853	0.5213694333357677	61731.361826099026
-3967.8924278580876	0.08069570890515539	0.021486164064680947	0.7272664351353991	2.520191355040303	0.6394297442730369	39834.1766777966
-3966.6545578486193	0.07375577903872597	0.019473601613909767	0.7953614611582086	2.795269359438742	0.6111595314620395	43479.42630424711
-3966.1489439110233	0.06985674116043832	0.0183736457102526	0.8386319125067895	2.964828107703555	0.598159613438975	45894.20126411193
-3965.47763231471	0.06273631157096045	0.016390450236109484	0.934633601166407	3.3305971478342866	0.569404959118901	51067.230922786024
-3967.4116006539375	0.07834083768258057	0.020794207901539425	0.7483394781527712	2.6133136554908134	0.627044322755984	40966.409892640724
-3964.7256576302	0.042635405055983504	0.010992652385310931	1.3710289085075285	4.997426201667822	0.46520943476843896	75088.98496178434
-3964.9333044417212	0.052045478138301585	0.013550052735868796	1.1253070696792522	4.0383531168466975	0.5234042257964879	61554.60721198824
-3965.0683487297742	0.055161606645374874	0.014404826750972148	1.062089118422774	3.7926050109587144	0.5406929899000765	58090.500447773404
-3964.7356818287576	0.04387530593810437	0.01133393720642727	1.3328587819915514	4.842423078172094	0.4742560876440674	72988.62602316697
-3966.1672269524156	0.07008343133898184	0.018409117056738335	0.836220096759255	2.959405897657723	0.5980604688071404	45763.30246675698
-3964.7176511884545	0.042887775159289	0.011071062812866194	1.3620831463006822	4.954954436221736	0.46870465750417545	74682.4176533879
-3964.729785057324	0.04271545158515448	0.011112642462289879	1.371068888727796	4.922077492099726	0.4740152907387102	74977.30969174903
-3965.0012182014875	0.05386171779517877	0.014040856163610272	1.0871915775323968	3.8977373579139996	0.5323628953008418	59476.774722320595
-3966.1764950314114	0.07017626240040141	0.018429513524957905	0.8351459662674721	2.9575844232996933	0.5971881887157022	45688.951843816045
-3966.0114258066305	0.0684795341369	0.017869311715796827	0.8524451675853827	3.0534281969415753	0.5893301179447941	46887.982792317656
-3964.7041992432064	0.04234765158298063	0.01096412439566578	1.3813458944380144	5.0	0.4672042020598535	75596.85160969911
-3964.9063511113095	0.05100592962644941	0.01328604037012675	1.1483782744172244	4.116720729017597	0.5192060736662824	62809.40913795811
-3965.067362041138	0.05566948372517933	0.014452785688671147	1.0507443269168506	3.789343122831665	0.5365301793517987	57547.58603721589
-3965.3330067244333	0.06026523876888257	0.015776236941279578	0.972379292563571	3.4596040543433118	0.5630847768654967	53169.32880368093
-3964.7454505908495	0.043194664053806155	0.011215466188201269	1.353348274393549	4.876949349897514	0.477465357155342	74273.18863753228
-3964.711326784232	0.04272279555136365	0.011096558644925559	1.3701858012303225	4.932557924627384	0.4729799824370715	74987.09405006396
-3970.973272336795	0.0679643359839182	0.019014680678767975	0.8734280538007358	2.785552866093574	0.6793147154433854	47195.796157401004
-3964.7698421458304	0.04608639499109634	0.0119428090849248	1.2696530661643912	4.584435470257003	0.4898457057876819	69491.00893194026
-3964.7827468275827	0.04649882322354681	0.012016732645151261	1.25709685898741	4.562187547109538	0.4898967137248326	68898.47884717838
-3964.727889785072	0.04379843675492108	0.0113176355017273	1.3343814443773658	4.8478342122685705	0.474209415647019	73113.934273289
-3964.913963238438	0.05164433914351949	0.013422082838159724	1.1330717628337568	4.081806178566847	0.5193791632692466	62022.02760528396
-3964.711069725826	0.04316020519547007	0.011167470257982499	1.3549673113152785	4.909402035369574	0.47166964331002637	74186.74234025461
-3972.6898620825064	0.09625495497481137	0.026375733055315945	0.6111845197336035	2.037325529516388	0.6879636177309046	33456.91451727379
