# /home/maycon/.conda/envs/dadi-cli/bin/dadi-cli InferDM --fs All.ei_cm.folded.downproj.fs --model split_mig --cpus 16 --output-prefix All.ei_cm.folded.downproj.split_mig --lbounds 1e-3 1e-3 0 0 --ubounds 2 2 10 5 --global-optimization --optimizations 100
# Log(likelihood)	nu1	nu2	T	m	theta
-8165.034359345434	0.016482209192125556	0.04905212227736251	2.829416521042783	2.0877361286787006	127621.60274715153
-8165.885142523017	0.007532120366137374	0.022462169634608852	1.9363337495772381	4.58768215840369	279634.069560106
-8165.864118089444	0.020690494889304707	0.06167193988221798	8.299302690455132	1.6624222211555908	101596.25126265975
-8169.079666709396	0.01363753451779476	0.040822892570603155	4.757874065746226	2.51268602734463	153636.26405886345
-8165.439055418781	0.021483855668247807	0.06391990850462549	2.8334824234572387	1.601889127969395	97882.4616602137
-8168.92192373224	0.009824177437197476	0.029406222466064502	3.8974164827561313	3.490419753969001	213345.14038025416
-8165.250251216166	0.008780568147664	0.026149123550779113	3.9119284142176785	3.9216037993504327	239598.07420600398
-8164.199778786604	0.010259679087235655	0.03051247417904931	2.605555902730502	3.362313642096694	205327.4388217815
-8167.227396047722	0.01939605056780511	0.05789517879714165	9.031205829326893	1.7683150763213136	108178.07233796813
-8166.186428755378	0.017829475836417506	0.05317614160110176	8.541409093392492	1.930610247317295	117915.04804535279
-8167.146394530756	0.008177019243828819	0.02441780909066709	4.536162941225022	4.203146688592966	256811.40966799893
-8164.401865405987	0.009946640059202918	0.02958204182011495	4.300180146844203	3.4632390156176087	211648.37601411616
-8164.47626960677	0.02554201482315819	0.07593002253509315	3.584799751902191	1.348658339658196	82414.67865011182
-8166.257897602657	0.01375135882183382	0.04102594015312338	8.32662342637829	2.5051306846106747	152923.67621099658
-8166.990917527037	0.00771708126921184	0.02304558702123407	3.798725675130981	4.459903979912718	272290.9020313915
-8166.142590000965	0.011808798499210802	0.03520614954160186	7.968350980405327	2.910532419153878	177931.4953613122
-8164.426949990329	0.02034077124842098	0.06047370148115058	5.81877944171762	1.691286619024147	103444.68186993818
-8164.888433748479	0.01081246913453584	0.032174063317161196	8.273536663965418	3.1817337030426547	194544.22423598112
-8168.31486285963	0.02020116838518528	0.06042261245374507	8.509727064963773	1.6995077377494454	103839.40860553175
-8170.144992959792	0.009676046747095993	0.029024802921603803	3.1164333006484246	3.551055649821555	216654.30868229066
-8166.575203481351	0.014132815197649752	0.04218152301607291	9.031782008503056	2.4353014957587384	148710.918001927
-8167.8949124950095	0.0072397435983434354	0.02164547604807661	5.532038550522689	4.745936479219794	289894.3273416293
-8166.318988586871	0.01132990536250327	0.03379386314437439	8.927747125051651	3.034964855374189	185462.7619834359
-8168.687768040188	0.006936498177562691	0.020761631622957206	5.007990675682606	4.95	302352.9358916894
-8164.8608564956885	0.008855733577753967	0.026359701212038563	3.608434516161619	3.88974320849778	237646.89965212127
