# /home/maycon/.conda/envs/dadi-cli/bin/dadi-cli InferDM --fs All.ei_lo.folded.downproj.fs --model sec_contact_asym_mig --cpus 32 --output-prefix All.ei_lo.folded.downproj.sec_contact_asym_mig --lbounds 1e-3 1e-3 0 0 0 0 --ubounds 2 2 5 5 10 10 --global-optimization --optimizations 100
# Log(likelihood)	nu1	nu2	m12	m21	T1	T2	theta
-3113.290006516522	0.7242065992991714	0.11181550264746898	0.13073458433546664	0.5911507374497682	3.7748372870897886	0.24689277700589363	5017.4230397309475
-3114.397981076117	0.6410929515452399	0.09773611695097757	0.14773745877340197	0.6764926626198381	3.2394669720640437	0.21815039576609802	5662.408109054357
-3111.9138779019686	0.975205458852268	0.1507526111101614	0.0970057398153181	0.4382412086119527	5.421103703783967	0.33346986825285213	3729.603082994783
-3112.806973790135	0.7816048315557188	0.12090541640999102	0.12114111829957287	0.5466116282575145	4.148529983550446	0.26647854806635063	4651.156344379105
-3112.421744391008	0.8451574545122977	0.1299860160554911	0.11196792516300917	0.5081936712524099	4.571950248531786	0.2885735822506615	4301.468481056006
-3112.3375922533546	0.8614682801106772	0.13295793166787817	0.10987317625297587	0.4968388155692667	4.673864730681786	0.294107786428275	4221.405441669395
-3114.3318131634355	0.6436323757036646	0.0987852518564519	0.14709557976838744	0.6688735048854889	3.251572897029417	0.21930644638114008	5640.878375803624
-3113.8632002621034	0.6745025473312579	0.1035937354276259	0.1402456274518549	0.6378087507865886	3.45513529666825	0.23039586530671327	5383.304792792309
-3137.454262204945	1.8292882549234273	0.3135639681395956	0.05301350943263337	0.2136714456666657	10.0	0.5657985247277382	2080.9917073936836
-3164.2463607136547	1.894379338714064	0.32812716530235353	0.05021439596741386	0.20206402645010435	10.0	0.5891154272845919	2049.0388728444805
-3112.2101452291454	0.8896845279235385	0.13751464597216675	0.10636776873415046	0.48029929366676544	4.863637184519684	0.30418681991041796	4085.578300158685
-3112.3487453165617	0.8613986165961124	0.1327135919500498	0.1097710936539599	0.49758621428031413	4.682765974336183	0.29545084971193764	4218.51528930743
-3113.9552086357185	0.6696567462489994	0.10210696330139088	0.14127109339860772	0.6461487239393264	3.4279539768988645	0.2289763923193688	5421.725199886626
-3111.1490062885932	1.6731425007821412	0.2603104855163731	0.05656936887450901	0.25366473160965847	9.999362508838491	0.5716161872888942	2174.956671241578
-3145.1190598244557	1.8309463335562774	0.3443816099745885	0.05498290576509187	0.20438793236925856	10.0	0.5303276722486369	2069.0043963628063
-3112.238620496069	0.8872125676932382	0.13723383293636776	0.10658375560829784	0.48159029149139937	4.84746085857785	0.30452972426282165	4097.041991554858
-3112.0890341313516	0.9208206038416094	0.1422026674231113	0.10276651611465698	0.4644319615656136	5.065680695073354	0.3145566935290346	3948.939739086237
-3111.1907575257396	1.6410891223445956	0.25753732928353135	0.05768197374867917	0.25654327764440277	9.76495980827503	0.5604092910846206	2218.867085567723
-3112.142099666646	0.9130060597232121	0.14082339348615092	0.10331898814019654	0.46874395564078725	5.020344991147617	0.3138797539565791	3981.140402432922
-3112.3175401052013	0.8658365538915812	0.13355009745187493	0.10933082066512478	0.49459123795702575	4.704022603067449	0.29541707602668893	4199.65318428263
-3112.624380756348	0.8102145128007885	0.12556179330063205	0.11696995474422268	0.5264804682789662	4.335582594021612	0.2757378620740269	4486.972015717295
-3112.644822351123	0.8056277058055077	0.12439020042335097	0.1175163032872572	0.5311451589886405	4.308612907071412	0.2746574053683215	4512.2612986328195
-3116.1612102687814	1.4381200109384968	0.2219620850971846	0.06381753142892563	0.2925078579148813	8.623680047936693	0.5460272273079904	2509.86434957046
-3111.9925879042894	0.9526970299662803	0.14634529015125186	0.09938153001596342	0.45137534183434347	5.277879841467462	0.3248911688050656	3817.557981069073
-3115.8766499231538	0.5961018205958146	0.08972340232886387	0.16015396542563617	0.7442119971184792	2.9754933012575218	0.20122842418335585	6064.66767303557
-3111.158881496778	1.6580005687569424	0.2563648149581442	0.057117353550654594	0.25761717769430004	9.888794837529831	0.5650366448413273	2197.12621557289
-3111.559500325894	1.1557684439924827	0.178948099293913	0.08178940754565546	0.3684732254520377	6.60450555164041	0.39727023762716857	3148.2463045657582
-3111.687957550125	1.084122218101546	0.16587396938462304	0.087300404991556	0.39774085193367636	6.1463640765398635	0.37064204849086424	3355.36615377248
-3123.2903071430733	1.779585898953533	0.30024189287950026	0.05365458202662832	0.22060337358367235	10.0	0.5816964955463234	2107.393801303631
-3111.1805114795598	1.643287458203945	0.25263603121347894	0.05766931714600391	0.26163659947322826	9.830345062458573	0.5598496671160261	2213.125230501778
-3208.3425926342247	1.9703597095013339	0.34270667867121446	0.04791626626891386	0.19461304080621936	10.0	0.6127026423645672	2014.4269703038758
-3192.0535464523027	1.9485880310781625	0.3634982299897316	0.04999930657778916	0.18642551678064798	10.0	0.5709095202847889	2015.6873041899307
-3113.433406897983	0.7105539136934182	0.10943272584098511	0.1332921880984523	0.6039000859552065	3.6876824651242597	0.24206853142518714	5112.770241138584
-3111.150159478516	1.6714407404787668	0.25762214494318314	0.05664926422249807	0.25640650542180243	9.993883977232445	0.5698690261069931	2178.030722238345
-3111.1618923301007	1.6331731633963	0.2526927683051273	0.057925339710250406	0.26124805782287847	9.742650839699161	0.5586563976349367	2228.437069181782
-3113.6075646682602	0.6953425686904918	0.10662976559184024	0.13610559112156506	0.6197792978458916	3.591121294791974	0.23714802045924388	5223.8016133847905
-3111.1775778657425	1.6196082523070925	0.24976817943460525	0.05847903685115991	0.2640435751349403	9.66277247963345	0.5540393319966413	2246.446635635869
-3114.886507668877	0.6147723909295083	0.0944602922268041	0.15418359299342577	0.7005204882442108	3.060398681117616	0.20857118231696292	5904.868690522204
-3204.6959602222855	1.9696438479132405	0.3545641216181642	0.04907803694610442	0.19026725782831747	10.0	0.5808333800503697	2010.7086740577772
-3111.442615912798	1.479619258768108	0.22206760892315036	0.06401629281559643	0.2969414329131894	8.779458235310884	0.503318958343277	2458.203682100823
-3114.6391068080557	0.6314613107295041	0.09503719620236956	0.14987783292876602	0.6951353246802304	3.1838481565747347	0.2151677248176698	5747.961009727874
-3117.79032555043	0.5225421090631053	0.08087354083855858	0.1819539730939186	0.81985475314913	2.4566254938132808	0.17566023978702625	6932.921059727642
-3114.81952662439	0.6175528999782597	0.09485453318265497	0.15344802059763618	0.6976058088972064	3.0815958440434	0.20982147142159532	5876.218321451164
-3113.893503008084	0.6793758596563979	0.10652556749686926	0.13970690954953974	0.6217431335377572	3.471553601566987	0.23009874488234622	5346.747194937086
-3111.183386626258	1.6423585040820319	0.25750455159604674	0.057657337402072524	0.2567021065216144	9.782001042797866	0.5603396803947654	2216.2202654118723
-3113.004905734442	0.7565875954549441	0.1163930210127751	0.12507125676453698	0.5671835197491218	3.985907931189935	0.2579303100869583	4805.528463704233
-3111.2574358738666	1.4481056096886529	0.2237349374512892	0.06531971454899307	0.29501493014788843	8.52942079413498	0.49546716682951153	2512.83546691234
-3112.70328389134	0.8021064707455753	0.12229357360579611	0.11803520308552409	0.5396981312680617	4.294957995624207	0.2737354298818289	4531.6726389923915
-3113.049862936304	0.7518082610272779	0.1151049068178706	0.1259267061950612	0.5737712938385553	3.962824215246767	0.25645748703174753	4833.06748699717
-3112.0101047044836	0.9451632897701165	0.1468036384972301	0.10017807617439738	0.4500667404086745	5.219430573739169	0.3223850823697902	3847.9133824515834
-3113.9492635219694	0.6723331804739894	0.10221503774395795	0.14090114309843277	0.6461607184878152	3.440090529594807	0.22922003563193305	5405.2919934076945
-3141.2506991846294	1.8411079165799404	0.322940143594749	0.052038014657376695	0.20656730153610045	10.0	0.5826065554457701	2072.249618834053
-3149.907259263819	1.8557348112301109	0.33344092516385215	0.05295053700168527	0.20534262770426093	10.0	0.5375828823072266	2062.7496615425807
-3113.079943464769	0.7511335956263235	0.115677744621508	0.1261760027349569	0.5721723222570205	3.946613727627968	0.2547469670147851	4841.755443650487
-3114.6385736243333	0.6264906981591509	0.09678173761914201	0.15050962764606318	0.6824391168169482	3.1459763271400227	0.21527005360805276	5786.536662419296
-3159.346521921123	1.8342418090163346	0.3215245631779654	0.05549908595929988	0.21207428358225971	10.0	0.48424481730938207	2076.037036593808
-3167.2964428154346	1.9013705538929326	0.36103285973584315	0.05072362465299902	0.1873404075220465	10.0	0.5814999938547244	2034.1939833346892
-3112.165939194279	1.222382171792143	0.178191947956962	0.077308249879884	0.3702874225496485	7.115770780736128	0.41568015406473446	2974.4385613261215
-3113.4505416098145	0.7092455612480408	0.10888851600574967	0.13340998682973423	0.6069212173172304	3.6806589945932466	0.2417362570942621	5122.4671758225495
-3112.303205076249	0.8688430899222639	0.13392431542994684	0.10890003979844046	0.49308458867696336	4.724087979553302	0.2967803690586964	4185.306479180732
-3227.168126203055	1.965267485522353	0.3490055732145058	0.05271012674637901	0.20558148643327756	10.0	0.47135376775352156	2017.2215330792665
-3111.80591383703	1.0154513940145586	0.15713505533221625	0.09319984590799922	0.42034322124912454	5.685561651295717	0.3469594226399979	3581.649349850272
-3116.6191085202404	0.5497568483599502	0.08329756594230087	0.17226290278227963	0.7936465890771233	2.648595943740693	0.18692244859721985	6589.9252510759225
-3112.578319143319	0.823089014717179	0.12824096042209943	0.11534603824662848	0.5160672416993697	4.414318520519516	0.2797439863264495	4417.944043767263
-3118.0449948116675	1.6290350814112915	0.20806675603370353	0.057433806954408834	0.314278253453257	10.0	0.562889809482961	2235.6470621068765
-3173.7753192618993	1.9152057167794814	0.3451618814677989	0.0504100593876727	0.19632636719975158	10.0	0.5726819057779062	2034.847759039441
-3202.455383451082	1.9660618570836592	0.3635925142788	0.04913684868616946	0.18381885897660558	9.99819111318302	0.5930940123035947	2008.695677365708
-3217.3296054243324	1.9551363909983999	0.3469326337624004	0.052558125791543606	0.20404899426817205	9.931409403014243	0.4936136096488607	2028.2348651602674
-3204.344370951746	1.9654290373970587	0.33627884495180316	0.04914317015434557	0.20092318331960315	10.0	0.5827143523822167	2019.0879631250477
-3111.542877034994	1.423503231559391	0.213743902257101	0.0663116956407084	0.3079968330143701	8.375245082343802	0.48975812756016013	2560.9839594731857
-3116.127053785662	1.557097978415446	0.22114676883548368	0.059217058275702006	0.29630521393404485	9.651279705012405	0.5687271493339675	2302.789472117184
-3113.0448476729707	0.7521457153488612	0.11538543770045996	0.12570371244085554	0.5723051730804686	3.9658881619421105	0.256620411314177	4829.668538077186
-3117.127091375369	0.5398493223522329	0.08123394342507792	0.17360042126752168	0.8117993248484369	2.59455515457754	0.18775742473307516	6704.235971685087
-3190.8967315002196	1.2072468108816943	0.09599903413178865	0.08339600606553257	0.7027354394832123	8.180302444893362	0.3534949657190417	2926.2489147683673
-3197.5403501233855	1.2113607900133831	0.09783022308385358	0.07560404548169342	0.6926655902011141	8.927232205275505	0.4631625898173044	2856.7169822037854
