# /home/maycon/.conda/envs/dadi-cli/bin/dadi-cli InferDM --fs All.ei_lo.folded.downproj.fs --model no_mig --cpus 16 --output-prefix All.ei_lo.folded.downproj.no_mig --lbounds 1e-3 1e-3 0 --ubounds 2 2 10 --global-optimization --optimizations 100
# Log(likelihood)	nu1	nu2	T	theta
-10674.037204409355	0.1359964931185053	0.08132865258896683	0.17029733668082228	16787.938490959114
-10674.03728742585	0.13597901461233536	0.08132193953753727	0.1702738792489161	16788.482820884412
-10674.037209397353	0.1360047909478793	0.08133501051178929	0.17030915232589847	16787.592936048637
-10674.183611489274	0.1349540067281306	0.08053316111300167	0.16879902669281932	16831.019913529253
-10674.072093449851	0.1353206661907921	0.08096235906719773	0.16937495598773347	16812.06891343763
-10674.037204082035	0.13599709858251366	0.08133029198015934	0.1703006650662697	16787.927983599548
-10674.037208242737	0.13600117393093564	0.08133038979401422	0.17030404667874963	16787.80374538796
-10674.037208000007	0.1359930100271024	0.08132845732159909	0.17029533511328815	16788.06711883551
-10674.037208018695	0.13599223434664143	0.0813261675640918	0.17029280534662994	16788.123469789793
-10674.037204062726	0.13599964481696616	0.08133194990161868	0.17030395222745337	16787.824144935876
-10674.037203129306	0.13599906691808245	0.08133108676036846	0.1703025223178317	16787.848790262906
-10674.037203151898	0.13599717103463646	0.08132934563856563	0.1702989289288705	16787.918009042176
-10674.0372112246	0.13599007347840744	0.08132502537893958	0.17028952336300987	16788.192659401328
-10674.037203099366	0.13599823368826133	0.08133023578168833	0.17030082076044878	16787.87936249149
-10674.037202742582	0.13599951195098908	0.08133112744780863	0.17030249287994612	16787.825797998346
-10674.037320023639	0.13602754901600617	0.08135218895569134	0.17034506909466748	16786.728044356154
-10674.03722224416	0.13601154854200273	0.08133674757758191	0.17031759640238953	16787.396713748818
-10674.036755000026	0.13570916717745807	0.08122320647580246	0.16992057504349928	16796.89177400858
-10674.037202746098	0.13599824929009144	0.08133040755615067	0.17030121954123514	16787.881587742493
-10674.037204786553	0.1360001551632561	0.08133231715706447	0.17030414927288026	16787.792409811154
-10674.03720523181	0.1359952537492482	0.08132940027050728	0.17029754492999025	16787.977626806052
-10674.037203433296	0.1360005030979897	0.08133183591241618	0.17030419507566227	16787.792328369494
-10674.03720725703	0.13599258379746743	0.0813274654499773	0.1702938593947017	16788.08773389125
-10674.03720301435	0.13600029469719438	0.08133140637639882	0.17030318165821923	16787.794437852972
-10674.037203607504	0.13599814595273255	0.08133066391193801	0.17030064250697527	16787.866016689502
-10674.037202801479	0.13599960585656387	0.08133119362921425	0.17030286996473568	16787.827238480197
-10674.037204500848	0.1360011233781911	0.08133258007350275	0.17030594220317777	16787.776222725115
-10674.037206344732	0.13600392453747454	0.08133283372470915	0.1703076137030667	16787.67099973767
-10674.037203837339	0.13600209950394943	0.08133273109416422	0.17030612304761622	16787.729025783945
-10674.037202998641	0.13599931029493426	0.08133074006976161	0.17030239127490793	16787.845592546768
-10674.037203154834	0.1359990103101905	0.08133057434385926	0.17030167225455392	16787.84983553735
-10674.03721848943	0.13600923635697826	0.0813361110060895	0.1703163571402155	16787.50022756436
-10674.037207733665	0.13600499364257837	0.08133484052419937	0.17031040521680402	16787.615382184813
-10674.037206801126	0.13600177355872825	0.08133312493935473	0.17030781480267673	16787.76774993629
-10674.037204285189	0.13599867591088927	0.08133094016336988	0.17030300653310124	16787.882270351496
-10674.037203513748	0.13599858909606846	0.08133003768958645	0.17030131028462162	16787.879277467273
-10674.037217716941	0.13599633724834023	0.08132687965538088	0.1702984940431645	16788.027228756164
-10674.037218394122	0.13600665655225522	0.08133779754851257	0.1703144972054628	16787.528830165797
-10674.056383592751	0.13644432666732872	0.08158406544242998	0.1708417735325116	16770.138447544676
-10674.037206241532	0.13599442645555532	0.08132819868972416	0.17029517034755393	16788.004859583307
-10674.037221816514	0.135995375974341	0.08132651322574404	0.17029118302051963	16787.9292467921
-10674.032466404342	0.13599120904480588	0.08137551192129	0.1702393048142529	16785.42950313209
-10674.220370767356	0.13473890203698474	0.08049268507983717	0.1686810359965202	16840.090337975333
-10674.037209867973	0.1359912218473198	0.08132684194192766	0.17029400112949536	16788.175184249092
-10674.037212723306	0.1359948502006627	0.0813281662098644	0.17029358661759403	16787.952218615537
-10674.072162339504	0.1365336844274286	0.0817685574082379	0.17106133408282218	16764.645051182535
-10674.03721289565	0.13599819658032	0.081328060057236	0.17029613892854245	16787.85141256253
-10674.03721994644	0.13601147025573124	0.08133721330520033	0.1703156840771301	16787.344912883455
-10674.037204148524	0.13599621569817855	0.08132934015063743	0.17029950597781796	16787.97565375986
-10674.037341387326	0.13603530418049123	0.08135365275333785	0.17035145759120576	16786.449763054614
-10674.037205173494	0.13599635427270212	0.08132834118722984	0.1702983736150655	16787.977052561873
-10674.044321742225	0.13631611762846632	0.08144441283819712	0.17070899535017836	16777.82257026029
-10674.037203542794	0.13599866622763152	0.08133106064386715	0.1703025521807054	16787.869224703518
-10674.037207895228	0.13600120296742052	0.08133033898050182	0.17030151901971669	16787.75034063001
-10674.037205108913	0.13599478569275855	0.08132780667193495	0.17029567444600374	16788.01111586164
-10674.037207768106	0.13600469550538707	0.08133463649414599	0.17030911752876307	16787.608693592298
-10674.037203868445	0.13600151661978455	0.0813318807557863	0.17030498455781343	16787.75968075101
-10674.037208645841	0.13599192621815237	0.08132743622421726	0.17029337498005986	16788.109511688595
-10674.037209347765	0.13600412045445517	0.0813352880352393	0.17031070914544197	16787.64882833106
-10674.0372040658	0.13599652462525705	0.08133000501638063	0.170300035797294	16787.950982858925
-10674.037203059102	0.13599925046154734	0.08133094729084415	0.17030213767729255	16787.836403789173
-10674.037207115392	0.13600109187392084	0.08133287012282167	0.17030708213523849	16787.792622147623
-10674.037242073904	0.13597874867163298	0.08131977648605526	0.1702768001045678	16788.626730805747
-10674.037204812126	0.13599900488195824	0.0813311660061378	0.1703039185970251	16787.878829832596
-10674.037203332146	0.136001164953213	0.08133212063692953	0.1703050930957367	16787.770945423206
-10674.037209094153	0.13599092518102368	0.08132587240249711	0.1702918533126692	16788.17468161054
-10674.03720848103	0.13599128903617633	0.08132577356158378	0.170291957397424	16788.162836168078
-10674.037203512184	0.1359966016095649	0.08132893953786224	0.17029803635346016	16787.939020169943
-10674.037203299138	0.13599864664686265	0.08133075766433753	0.17030229861461985	16787.87447422513
-10674.037209529211	0.1360065095416483	0.08133556872763427	0.1703120739044616	16787.55573621585
-10674.037203884953	0.1360000947860289	0.08133124511302002	0.17030375686067384	16787.821273873014
-10674.037274492195	0.13599647156579614	0.0813358002675287	0.17030231659731243	16787.816292782434
-10674.037212755142	0.13598958894262164	0.08132417404490197	0.1702888201211335	16788.227935050585
-10674.03720614183	0.13599623231163288	0.08132775616828326	0.1702965675262595	16787.963219471792
-10674.037204818398	0.13600290800781242	0.0813327148255561	0.17030663916428065	16787.70223454853
