# /home/maycon/.conda/envs/dadi-cli/bin/dadi-cli InferDM --fs All.ei_lo.folded.downproj.fs --model split_mig --cpus 32 --output-prefix All.ei_lo.folded.downproj.split_mig --lbounds 1e-3 1e-3 0 0 --ubounds 2 2 10 5 --global-optimization --optimizations 100
# Log(likelihood)	nu1	nu2	T	m	theta
-4482.818599018395	0.2095769462753095	0.1060431540157622	1.618646064100565	0.34588325191715386	14201.54872614079
-4482.524167473528	0.21595380455419894	0.10926401039610234	1.7193797296100608	0.3352279788090341	13803.122782106186
-4481.991338831882	0.25087666812848397	0.12687039698264974	2.3399982434344713	0.28839660829426483	11897.722733287288
-4482.069312868436	0.2384858439792913	0.12069787432629996	2.1194565833066354	0.30331726714091234	12514.15063315527
-4483.546628898141	0.20058396481852095	0.10149564766014675	1.487523025162915	0.36232969944264765	14788.098614615612
-4481.967145494478	0.2582285668621749	0.13060023218639283	2.4662544304367238	0.2800979958840128	11559.24362400471
-4481.901033295409	0.3419630989159267	0.1731023002361719	3.8075625679475937	0.21115583125864484	8739.028576018649
-4481.906292967715	0.29380294754675146	0.14869551196068323	3.072647999544308	0.24623803067226666	10155.89019707237
-4481.904491079877	0.3445297113538679	0.1744548870469518	3.844292815225677	0.20959204964071682	8675.173126385378
-4481.895327569223	0.31155750103369795	0.15751620240196965	3.3487978600786157	0.23212247071009096	9584.55281753757
-4481.8873034951785	0.34650462379642877	0.17529535085269998	3.904179821999916	0.20868489835317114	8618.892438560866
-4481.958009786919	0.26335500523910316	0.13325000194692962	2.564245939123096	0.27491365039403814	11330.01034194137
-4483.181917864117	0.2045728410553449	0.10341758757339528	1.5624378241978158	0.3551040574417831	14510.225820207816
-4481.884285293338	0.3665523159487122	0.1853675704456364	4.220453455271941	0.19726607821617245	8147.969449705446
-4481.88774334804	0.350350449449702	0.1772551588684739	3.961304876631721	0.20634353853419002	8525.074136826295
-4481.885162428481	0.3661912051859298	0.18517441584507532	4.210129783640888	0.19747334757784377	8157.771494221625
-4481.915146809593	0.32442792554208244	0.1642197935965434	3.5175926879667667	0.22261829053586701	9216.750805909764
-4481.925078009143	0.27396100354708525	0.13856259750239933	2.726361387446067	0.2639551448656511	10899.999163787319
-4481.910273133216	0.340755694531527	0.17249783310454234	3.7783975816539663	0.211896280856287	8773.846522200705
-4481.89020152812	0.44014499416780095	0.22267691719793553	5.35312119401876	0.16421749286822665	6787.202971379648
-4482.102442090703	0.23561908750832042	0.11925139814173019	2.063528511393571	0.30702484214431913	12669.760838173168
-4481.978785565408	0.25414288135371305	0.12864139688136136	2.397368201033247	0.28455553835332137	11741.915510794324
-4481.93359314008	0.2693161927777862	0.13631034077068882	2.6580531698309375	0.26857975215221475	11081.324472066868
-4540.307066280238	0.1463159098599486	0.07383360560404488	3.5431062944608493	0.5291921477961973	18910.381352576496
-4481.888275805413	0.334374114636436	0.169216965955836	3.7133010664884205	0.21628161699038173	8930.543555687478
-4481.883505808257	0.37295202649664017	0.18869072377508997	4.333852866471052	0.19390991268261565	8003.794958319542
-4482.423864648051	0.21873435595646468	0.11071066116410316	1.7735853373415054	0.3310537949688556	13627.611329423624
-4481.995502510526	0.2516655590534571	0.1273895632619757	2.3429572377997734	0.287158186002671	11863.459609682075
-4482.323524027651	0.22201323166774312	0.11236434600889714	1.8360365496814095	0.32597397187425003	13425.132776405773
-4482.106875971593	0.23536568341924288	0.11906482571063047	2.067413871170338	0.30736320171774106	12677.425208166575
-4482.675809962157	0.21217828987364093	0.10739899090238693	1.670269476910742	0.3415633596908529	14026.767122846057
-4482.134855485198	0.2325305475936767	0.11763416276143819	2.0209602097068387	0.31122278544958276	12828.542403507381
-4481.896623233925	0.3355741726441669	0.16977866939054156	3.745979634267673	0.2155588806637029	8894.061002038388
-4482.014494171653	0.24587113106881134	0.12442622916020288	2.2561009098687914	0.2942545529738475	12135.44365794993
-4481.897195158956	0.3287706618491254	0.16636872870256583	3.623510650659811	0.21985428797445167	9081.709381478142
-4481.9237384628605	0.29393243175059663	0.14879389718272187	3.0883458520996396	0.24626081790441015	10145.491962923252
-4481.893723335874	0.34761760516272544	0.1758776440188978	3.92625940796164	0.20807735932124086	8590.171936271636
-4481.899749863685	0.3170723342948833	0.1604778714854626	3.4297427253245525	0.22796678122428482	9419.06333057626
-4481.896107312459	0.34237544497764183	0.17324431886281072	3.8307719649468015	0.21111125780447507	8724.67108287246
-4482.174683972404	0.2294622473074184	0.11607928295405158	1.9701001556883284	0.3153906308897357	12995.2825909485
-4482.067128755072	0.23881065046651756	0.12074764823830868	2.136754122794463	0.3030825347482125	12491.392470732852
-4482.354367049496	0.2212825446887266	0.11197273157752229	1.8112749001654989	0.3269926677671142	13479.07289985883
-4481.883150514328	0.3698284193746736	0.18706784005665483	4.277871075486269	0.1955460248990693	8073.875797583482
-4482.035242955003	0.24359141585564617	0.12339670797682491	2.223116389574096	0.29713754345083176	12242.950686801565
-4482.110473794268	0.23488618276389736	0.11882394282262201	2.058037492984467	0.3079482107548164	12703.395803890053
-4540.173756227619	0.1987352693733912	0.10026462792325234	7.013687974742403	0.39004238047414463	13931.752282006388
-4482.320358053892	0.22275821174772853	0.11278987982364694	1.8691464273331757	0.3253276441558674	13366.84401630199
-4482.60897034008	0.21357258482462374	0.1080461750570576	1.7049703954056752	0.33941701168037003	13930.360972759567
-4482.319606644721	0.22230425007832028	0.11241101709245711	1.8385971495825442	0.32572585250354597	13413.396247677032
-4481.883322008256	0.41305335447197494	0.2090008081692236	4.936602987474258	0.17504396934553487	7232.480421377714
-4482.069090086578	0.23855707705656629	0.12065009216721853	2.1219953353323118	0.30328961080405337	12511.151515509078
-4482.474437311935	0.21732890703424926	0.10999042865938574	1.7479637505559453	0.3330120309404398	13712.781907839362
-4481.882961970463	0.47613691604232533	0.2406907705628575	5.934476702402708	0.15190813361017294	6270.014127162181
-4481.921319742814	0.28781257626010004	0.14559337229438474	2.944449034829766	0.25110955175503274	10381.092919628498
-4482.002048922684	0.24929108033254072	0.12615033624934488	2.312075271529333	0.2901289511839342	11971.445799134703
-4481.885932412271	0.35197639462281827	0.1780686480485021	3.987317827704592	0.20539914547913188	8485.73447040847
-4482.054752829708	0.24197737938006753	0.12242510028452538	2.167909058352855	0.2986124598832005	12341.97992987857
-4481.91204731695	0.2848503887631556	0.1441414362824115	2.909352326038582	0.2538718071272798	10482.325705152936
-4541.677859132868	0.18688164871763085	0.09429819263390171	8.741821209253079	0.41530582960327705	14802.687879039637
-4482.224845831393	0.2265901767966003	0.11466786123541396	1.9149559443166533	0.319462420509359	13161.413863789441
-4481.96032057885	0.26033347156263387	0.13170636810603306	2.503473701431935	0.27785692501425585	11464.96732855243
-4482.206067779803	0.22807528144533218	0.11532661459096843	1.9351857151622462	0.31724689306982373	13082.284091311305
-4481.884443534589	0.38057284294674215	0.1925219535646745	4.451114663989886	0.19006222905826825	7844.776855122608
-4481.954560013437	0.2603222019411454	0.13168203211321672	2.493534292004781	0.27778249325076254	11471.284656359157
-4481.905969285702	0.2947207182850071	0.14909060657493287	3.0879667302272455	0.24546987435120446	10124.788492696163
-4481.89540137677	0.34775710201463256	0.17588691101473578	3.94056497570968	0.2079883929721136	8582.554837237998
-4481.880883434692	0.42507769528511485	0.21507964226499982	5.14470923331618	0.1701516991996171	7022.96597842287
-4481.910591047102	0.3024923115778263	0.1529181232732731	3.2155725095892156	0.23921171645800124	9866.205291204382
-4482.748522998353	0.21086010375017294	0.10666120697368937	1.6472629083546904	0.34367832560950057	14112.173122084723
-4481.887088779837	0.3504416670736492	0.1773743137175047	3.9788664379857863	0.20636367830292937	8517.246411082959
-4481.883160367774	0.4345409260162486	0.2198848478429494	5.301869400547397	0.16645964003507932	6867.527173981773
-4539.995071390039	0.23396018069565755	0.11806423852407066	8.602636822616558	0.3312511289820617	11834.549793558333
-4542.429958919228	0.13588384688296948	0.06875856238179182	2.861713137374748	0.5701076123954917	20318.63531864221
-4481.988585159761	0.2508343341169127	0.1268678989948617	2.3369081815706747	0.2883966479449996	11900.695751031737
-4541.252678831016	0.15646799014550578	0.07897548766530181	5.480270422348599	0.495882503617656	17683.863112453302
