# /home/maycon/.conda/envs/dadi-cli/bin/dadi-cli InferDM --fs All.cm_lo.folded.downproj.fs --model sec_contact_sym_mig --cpus 16 --output-prefix All.cm_lo.folded.downproj.sec_contact_sym_mig --lbounds 1e-3 1e-3 0 0 0 --ubounds 2 2 5 10 10 --global-optimization --optimizations 100
# Log(likelihood)	nu1	nu2	m	T1	T2	theta
-3785.6442047492887	0.07899533020160408	0.015074514589558535	1.517159978883766	2.9985332660242285	1.0553416701160632	54703.65842338487
-4149.321204969143	0.06440793206974178	0.012120904636819679	1.6111755299352668	4.657784332796005	7.341945830254871	87879.77868214263
-4149.320598785853	0.06326520247791188	0.011898546583087024	1.6404982113902542	2.0008847402151937	7.787197713827365	89477.91699796561
-4149.319549261754	0.05182281483619675	0.009748880668281933	2.0022034263897948	5.306692317567308	4.754197649493708	109217.43570248348
-4149.320765402344	0.04599994259119125	0.008651567859772792	2.2559098327082543	7.530887175392041	4.6523444723575205	123052.38852278382
-4149.320443481672	0.040627425790986035	0.007640219941439574	2.55469357526771	3.2289965095848547	4.13337527079427	139339.44728841327
-4149.321392053513	0.044357765105367826	0.008342983185017671	2.3404921611465848	2.90619132059092	8.143170619942426	127638.40402913126
-4148.758256239482	0.04191300086521979	0.007887683784505372	2.476223233299944	5.877585306893507	2.5997673521332443	135021.26221750266
-4149.321037562744	0.05340057125918006	0.010047864098022725	1.9436744293149284	9.327501773531155	9.294855915246735	106006.8776083366
-3785.5973032765814	0.07394511153875287	0.01405981550356368	1.6224177243836109	1.409635845271086	0.807714634523904	58598.87617388666
-4149.320719023639	0.04799961527968188	0.009026411354205092	2.162335165087245	7.4683523693997085	7.553356364188937	117939.10319239435
-4149.322525013156	0.04720912006489138	0.008887851394186613	2.197817063796184	5.690328592017182	8.12294615753452	119882.00723431897
-4149.317615155118	0.04189599062768679	0.007883479674211437	2.476746548463681	5.727873381956466	3.763684311973931	135096.57604847586
-4149.320563609498	0.026129661829540102	0.004915220297857465	3.9719119858325227	3.5854935806952146	9.049323724361875	216639.015168329
-4149.320718749734	0.04676649821519409	0.008796027928491906	2.219627772089366	9.38146714161693	6.09644076498841	121055.19566954394
-4149.321099718575	0.03289466847337501	0.006189079005554025	3.154561096907708	4.400186791683543	6.846222241639919	172068.3814444715
-4149.3176329548405	0.02743969361478577	0.0051622708116050445	3.782496148251729	7.468302902911065	2.5888287830640078	206300.03991285025
-3785.667561548902	0.04956734875888468	0.009428778614263162	2.4163040986601265	9.743654738896492	1.035243773794067	87451.94716799981
-4149.3216867683095	0.03134542695386791	0.005892651717448586	3.311657739828158	6.829015926893339	8.904094983196526	180619.17814958087
-4149.32067607418	0.03155451933011901	0.005936290552406958	3.2891030672787913	9.462637310070923	6.926312685172195	179394.15159024208
-4149.320685614143	0.021956572349534638	0.0041312973987876105	4.726602100851926	8.379408236831432	4.007400857443987	257802.03384775296
-4149.3210606130915	0.029627620936240696	0.005571140126485864	3.5028213333599942	8.50664192110451	3.892255983237221	191063.12169002582
-4149.326931584233	0.04730378576296379	0.00890164764406535	2.1923270927307796	9.306300461877155	5.344175345213729	119614.92627885834
-4149.321267116862	0.036070657658325296	0.006781784129332456	2.8779218832056896	9.353530886950187	8.723151492795886	156959.21985838856
-4149.321811219412	0.02416757586278953	0.004545709907616476	4.293241444148451	4.652120639118045	3.5913013918342713	234196.153363332
