# /home/maycon/.conda/envs/dadi-cli/bin/dadi-cli InferDM --fs All.cm_lo.folded.downproj.fs --model sec_contact_asym_mig --cpus 32 --output-prefix All.cm_lo.folded.downproj.sec_contact_asym_mig --lbounds 1e-3 1e-3 0 0 0 0 --ubounds 2 2 5 5 10 10 --global-optimization --optimizations 100
# Log(likelihood)	nu1	nu2	m12	m21	T1	T2	theta
-2247.7541457030056	0.9411155799552678	0.13241897197655098	0.3233789364093395	0.19234082567201993	4.96411602708605	0.24156574297251496	6384.956602150337
-2247.729315463501	0.9513866308457491	0.13382189113262408	0.3198447927953139	0.19035130186583896	5.02576276778563	0.24412643684178711	6318.753724971209
-2247.319333350453	1.2400992537935323	0.17400445110482074	0.24511780741894307	0.14642843308045975	6.853843438136055	0.31882485046768066	4848.846361464379
-2247.8180985373288	0.9183922707418478	0.12867096000734074	0.33075433810640187	0.19796529053635767	4.820128455922897	0.23626996802862935	6543.847339743304
-2247.8334336689495	0.9121611055344621	0.12829356558862115	0.3341347893695252	0.1987713534901978	4.778055303800313	0.23353003618382343	6589.964505653041
-2247.759210359067	0.9401341421757938	0.1323530374164562	0.32389459970008083	0.19263872017247793	4.955364604453984	0.24091264807329468	6393.561538976056
-2247.582647990107	1.025439008291988	0.14442460672393978	0.29696737545811425	0.1764866672679203	5.496409114487699	0.2628925075881458	5861.393943322394
-2247.6985017997135	0.9656801048064989	0.13534678676053194	0.31493784613138615	0.1882979699973272	5.117854840984828	0.2479879692962483	6225.083619733876
-2248.2378142409552	0.8007962283927657	0.11246610997062778	0.3797597871548016	0.22645915005320566	4.076316185230281	0.20561348398731882	7501.811422039974
-2247.351221680593	1.202326103514171	0.16893795003450268	0.2529827252729499	0.1507644077679391	6.613342968374357	0.3088580350403353	5001.477082596236
-2248.5028052119837	0.7521301716671777	0.10595942151674798	0.4046696307011985	0.2404225292036624	3.7701522369871308	0.1928713292387284	7982.892522323419
-2247.9901918128153	0.8702358634310896	0.12327337895318569	0.350174306663118	0.20649720156011486	4.509875580958429	0.22290882985842037	6907.252046147189
-2248.861919169875	0.7030857087506148	0.09875348563481995	0.4317138761394826	0.2578396960104594	3.463747724404537	0.18094062892562804	8533.277717253375
-2247.2597577945053	1.4069747883195742	0.19584800227070293	0.21532633510625687	0.12990931579344914	7.912436506037385	0.36353258672955646	4274.483346619033
-2247.6957222329747	0.9659082406060511	0.13558918840287848	0.3150469441144067	0.187923250991791	5.118860873659736	0.24789060743824098	6223.556682720857
-2247.6406704724136	0.9941223210700499	0.13925838465763976	0.3060783935213802	0.1830823851601182	5.297634091782471	0.2551572878102481	6047.563573916283
-2247.590296676379	1.0214359334627168	0.14397663026755758	0.29799892769593755	0.17688876917731514	5.468729024029517	0.26207435657238654	5885.566479451106
-2248.795565025911	0.7117294269184687	0.09970954914534261	0.42780257645564734	0.25598043755800903	3.515179715960569	0.1822992097890246	8435.982938071462
-2247.2855792894834	1.2826494398330606	0.17980623312260485	0.23713225850420597	0.14166282475819747	7.119943975113039	0.32944938360913595	4689.680168078776
-2247.3768221194714	1.2208429999653783	0.17283789685414883	0.2500702337679783	0.14751011399219005	6.723894901504202	0.31184997532450887	4927.4512349104625
-2247.9863329505374	0.8623517354495883	0.12098797318429076	0.35288828327608984	0.2106972085347296	4.464297006097368	0.22119658830465436	6969.266926070956
-2249.5226777974276	0.6385374508171393	0.08971869975011902	0.4766389676892587	0.2844859014358556	3.057961686214755	0.16366860787975623	9388.022173809402
-2248.5589176918675	0.7439993854833477	0.10429458052954202	0.4084715387494355	0.24443322336521203	3.720009849489956	0.19109270948024296	8069.893015658627
-2247.2175655965	1.3916028174315203	0.1955842803464737	0.21886223895298065	0.1302634380487561	7.809450929207822	0.3567971681610822	4322.290157406902
-2248.832429329341	0.7067270978481064	0.09906055395191878	0.4308633802546228	0.2573886260863726	3.4851357723565566	0.18110231691656448	8493.046861476842
-2250.2892654619327	0.5917876857290895	0.08249255863123305	0.5133088872365589	0.3095618509174762	2.767111570559275	0.15213535234704764	10118.94131763769
-2248.2986313695756	0.7943649044826299	0.11243357960084048	0.384335427073587	0.22679685874632138	4.033973975596194	0.2028642337532968	7562.174963296573
-2249.403073426014	0.6498161571205826	0.09196018477909616	0.46951625222589505	0.2774216494673679	3.1246192624853344	0.16592837357602272	9230.937134189197
-2247.233848943482	1.4382573453760308	0.2000017002842876	0.2113797885675532	0.1274137422793309	8.11228406327383	0.3696655794156222	4181.490168518691
-2247.5629011103383	1.0367857058526673	0.1459837619132694	0.2937794551646705	0.17454731960201442	5.566064976008978	0.2657276339928392	5798.765565755649
-2247.8902107683316	0.8911608928469709	0.12531649401868242	0.341514539178904	0.20331551179344232	4.646696963306713	0.2286077303005839	6743.5647123339595
-2247.939928525739	0.8846268002861459	0.12386291138746966	0.34248963987765646	0.20522880882933645	4.607789588736083	0.2284289188368364	6791.796397196176
-2247.9815604933146	0.8647886622355239	0.12158754973314521	0.35250424258813196	0.2098278229745668	4.4798812657265366	0.22132272026663696	6949.107486514931
-2247.5095208176385	1.0713051284503918	0.1507814387819756	0.2843961056028388	0.16903411583655809	5.783034455685974	0.2744601610377378	5613.116135105282
-2247.373285490832	1.181604934840396	0.16632219697539483	0.2575012743093159	0.15309418360299004	6.482084054590299	0.30341758764819676	5088.801322769961
-2247.797441301441	0.9710714852635542	0.13435352497629016	0.31299549198595683	0.19027535777936772	5.157126628026067	0.2493931024719295	6190.488983402922
-2248.814524846568	0.7087187166624813	0.09946580134051965	0.4296723746663931	0.25643760695504697	3.496025452970623	0.18144789603182093	8471.184234291237
-2247.285023440505	1.2849675210816902	0.1802518808848344	0.23695310796478034	0.14145400971052285	7.135586379198338	0.32954655577800135	4680.803611397553
-2247.89006895276	0.8914936765602621	0.12533428761098908	0.341392098092757	0.2032098954666341	4.648083983693651	0.22864391429603323	6741.738323112189
-2247.498970466393	1.0758918390212677	0.15105385837180393	0.28283159104052397	0.16873569883178424	5.81419490663893	0.27616121417465944	5588.421740735961
-2247.6258896500135	1.001020849227612	0.14044257537049412	0.30358430123178026	0.18148353034663267	5.3414804959269	0.2573320820536298	6005.2528722363295
-2248.4505773611395	0.7608035586328222	0.10678554597974488	0.3997467303634743	0.23873133632940655	3.8253294930046864	0.19523000400928409	7893.035518272447
-2247.5608430268985	1.0361171129084563	0.14541842389632617	0.2937414605821344	0.17523491555899687	5.562055761815645	0.2658608403884146	5803.106155563259
-2247.6314855868845	1.0056913768257751	0.14057895860786537	0.3019609445752614	0.18124675904680773	5.366411002271135	0.2586961005708185	5981.411580459649
-2247.5700425234704	1.031357006553944	0.14491488945408051	0.29529964544681087	0.17588160677673015	5.53229948843884	0.2643551363866517	5829.424880595014
-2247.502108169976	1.0749099352491187	0.15100732711038073	0.28333912321755483	0.1687720620935449	5.806060635398796	0.2754843489217175	5594.611608222071
-2248.031752151467	0.8496503271524187	0.11937106869562296	0.3584036414129843	0.21363406950517286	4.384859961402486	0.21776128491086022	7072.042143865033
-2247.3206503194374	1.250050993699052	0.1747081962566991	0.24310824258102104	0.145815763749747	6.914155541457541	0.32149780840258163	4812.254342690234
-2248.2914087750596	0.7932589833629353	0.11155733168558837	0.3848800673866084	0.22904480224244692	4.029713661357454	0.2026199898491243	7571.962356886537
-2248.1728781190222	0.8160159536957121	0.11468442603542825	0.3735598518841539	0.22239631865111678	4.171632639384407	0.2087536360241939	7363.397643065567
-2247.4067348508634	1.1523130258468346	0.16233720114119007	0.2642582824600837	0.1569115753590323	6.295122188299998	0.29549846098595167	5218.778193019678
-2248.539567906848	0.7471121842841586	0.10489978131397167	0.40775542574170526	0.24336480470599428	3.7411620502083247	0.19135212157185155	8034.42420132584
-2249.4208779449773	0.6468411472727277	0.09104436368022834	0.4704424056879473	0.2800728346428564	3.106257155323297	0.16572189724762884	9274.227383573281
-2247.229601485221	1.5579845211390981	0.2164470506919259	0.19414797011066337	0.11753810378283358	8.872890309264601	0.40350517468839814	3859.364927813592
-2247.4853043351177	1.0924869742803047	0.15397366622582534	0.2790576532573172	0.16558281088836127	5.916852655624122	0.27965914349087995	5504.235787560762
-2248.4673681243503	0.7605018949717366	0.1075821139653221	0.40018446715114153	0.23665776706341426	3.8213387536921153	0.19498582248948237	7895.901233448356
-2247.1899951298174	1.4437546954997085	0.20287288738761255	0.21065899437055718	0.12550548037135165	8.13675359658887	0.37090231990454486	4167.024792689245
-2247.117885748351	1.6568434509969412	0.23346411675726214	0.1837504002635719	0.10910165103948774	9.481075284560617	0.42497150903879854	3631.8535003489555
-2248.203241411674	0.8095316496196303	0.11406257071824115	0.3765988455065998	0.22336424686741083	4.131092427676116	0.20717157653425902	7420.851231068061
-2247.6382175062768	0.9934990403389415	0.13963237358920583	0.3060376194303217	0.18247361481239813	5.294293613175106	0.25528592053297955	6049.937141633209
-2247.860616961051	0.9190109843705214	0.12779043957721883	0.33104036494619665	0.19980416665197767	4.822454168979987	0.2356714670407858	6543.252089889651
-2248.5925711545956	0.7384134675951862	0.10388246438261992	0.41252018727418643	0.24547882213006103	3.6828294264150543	0.1890890319280821	8132.07924816609
-2247.261399651653	1.3201771023027944	0.18539922107505624	0.2301259897542513	0.13724458555364058	7.357584599342773	0.3396958995586399	4555.880319105473
-2247.4032073027647	1.1640931877618064	0.1643453686548764	0.261629310145305	0.1548379008268253	6.369013918579555	0.2984902705633627	5165.828731865431
-2248.49556233606	0.7551238861553081	0.10623560830581792	0.4040308776581909	0.2404255040844126	3.7893375604093578	0.19295262498402935	7952.009265547488
-2247.561296420589	1.0362397659824893	0.14579473678157814	0.2936017686586323	0.1747022089842835	5.562157873165385	0.2659706517367864	5802.170590345737
-2249.369920407966	0.6575142752153634	0.09136874363136323	0.4620214184792092	0.27956918059514246	3.1772512195360036	0.16886976220874375	9123.910074344838
-2247.332050138216	1.2251187557911947	0.1718525173872571	0.24820318931126562	0.14823087751873848	6.758346302893183	0.31489308093100177	4908.482096004899
-2247.522597793082	1.061543991654608	0.14873714476050864	0.2865936181590905	0.17135128571262073	5.723741174566817	0.27252438913564214	5664.163548892981
-2247.1678339990594	1.5107281880782653	0.21151806892346814	0.2015324558672896	0.1206124532552382	8.566305480255995	0.3875550980160422	3981.378154691783
-2248.140517394342	0.8794777760411215	0.12120614576741326	0.34633016149567925	0.2114122801725413	4.584835882995001	0.2254830475418347	6828.797068402941
-2247.3586444147095	1.1955696940894034	0.16798099372107841	0.2544530972221386	0.15152842211134648	6.5719440689284845	0.3071021855832416	5029.080283842884
-2249.01264126398	0.6869359195992897	0.09641926593901476	0.44372115392107014	0.264622938668562	3.357015280575528	0.17549986121373606	8740.733525300977
-2249.0088117120513	0.6859368794827073	0.09667687656875117	0.44421704276113805	0.2636698253482477	3.3531265037300813	0.17558798519861155	8748.109179596724
-2247.6681420477285	0.9795361683280208	0.13761713897433614	0.3104519545068853	0.18512268655045558	5.202238291013972	0.2515941400644427	6138.799925623452
