# /home/maycon/.conda/envs/dadi-cli/bin/dadi-cli InferDM --fs All.cc_cm.folded.downproj.fs --model split_mig --cpus 32 --output-prefix All.cc_cm.folded.downproj.split_mig --lbounds 1e-3 1e-3 0 0 --ubounds 2 2 10 5 --global-optimization --optimizations 100
# Log(likelihood)	nu1	nu2	T	m	theta
-7189.769861677397	0.0072231533189821995	0.041652443572586066	4.580319727409307	2.4641821013877325	149427.90224182178
-7189.817776888434	0.004946068842502595	0.028262018006309845	4.81262533550938	3.6267448710010615	219848.6248360599
-7189.945477427498	0.007507827618904187	0.043217070996091664	4.56857616663803	2.3802149067666596	144152.42326525066
-7189.86894053426	0.004919312500977601	0.028140892686090515	4.220064210389807	3.6318449969373483	220496.41787801008
-7190.083865807683	0.0036209622170092276	0.02066990162408929	3.821449098111261	4.964925683869262	300755.03227678745
-7189.686404329117	0.003619713934780633	0.02077591081532244	3.485467309403616	4.925099736590292	298952.04296819924
-7189.851582745676	0.003642890605594124	0.020982839721937888	3.7057541371063296	4.879315644178951	296206.76075855066
-7189.874107795998	0.005535442608166413	0.03195975105663574	3.570362739712776	3.2039647845657706	194538.00780387784
-7189.931272117587	0.003963994968234393	0.022760215972711537	4.4262449369933154	4.483573826317657	272521.4343662186
-7189.660502222214	0.007904996903701592	0.04530472739605449	8.730407383595265	2.2610710498408415	137149.31009132974
-7189.866249247523	0.004049801937709042	0.023240112750601803	6.0139257741887775	4.401845299847262	267216.27798872354
-7189.853068166413	0.004681647961724226	0.02690919999751203	4.726912721812569	3.80834735872286	231030.59050675874
-7189.6988847250595	0.003608103488464719	0.020639580009707045	5.1392393551227284	4.958608853549264	300844.19708288985
-7189.977262247745	0.003948999519811466	0.0228659850366892	1.2406827234511084	4.481301729678432	272010.7319975156
-7190.400659744875	0.0038113109653496935	0.02162819202066601	7.500418062893289	4.716630519876884	286360.62795236666
-7189.648191347037	0.0035971805138020584	0.020673812975992873	7.71569427109803	4.949301827723801	300468.42178907886
-7190.1959724112185	0.0035945240380722324	0.020638071458057208	3.99228121631528	4.932994241039961	300179.9389607051
-7189.684389428789	0.004211112736341822	0.024224671913983926	7.60309764469232	4.221327878084977	256374.01278036993
-7189.888887820546	0.003623408527645427	0.02075700839027191	4.7986979495471385	4.912237763263223	298619.6814430706
-7189.899381584631	0.003942963233170431	0.02252405471123221	9.90311558990861	4.527407194340636	275123.3101488354
-7189.791082347753	0.0035705739986329602	0.020445265993413377	9.421960559506863	4.9923291612059675	303319.8797481229
-7189.758540034181	0.003661451950147255	0.02114518421576541	8.235895299307689	4.849234935766438	294247.03185898217
-7189.700569877736	0.003593369352247831	0.020600195011954738	9.868255286630772	4.965319239536067	301406.53662094235
-7189.980719587063	0.004513976556246907	0.026034421478136633	9.90298098044884	3.9455190420762394	239170.1633168477
-7190.1777823779585	0.0038888101346040314	0.022074885205830466	9.89559155775453	4.620875001276067	280565.4361209533
-7189.7977739363405	0.003561473173188852	0.020561485141570635	8.077080288734013	4.997419420519041	302916.8715858131
-7190.054059730119	0.003681196125310762	0.02100104703966817	6.164120105455032	4.848315729972139	294800.60869755317
-7190.242282560159	0.0038722551717017394	0.022205169337359724	6.9483183905380805	4.606793914598388	279642.89444273716
-7189.706315443611	0.0036326329548653914	0.02091576963029553	9.833160353264468	4.906968710821998	297516.79585684004
-7190.063250092366	0.004231053982967244	0.024259143718477427	7.93383662728309	4.195739332919639	255304.8204463273
-7190.296632293012	0.003626665469285282	0.02083261547137901	6.110618933093975	4.912064613390688	298178.7310974743
-7189.880112720984	0.0037067784728242437	0.02116490248003461	9.884897435280955	4.82853529521099	293099.49861215934
-7189.980352405631	0.0035890430352613864	0.02067872537313438	9.899286442325861	4.950706152154934	300561.65578991827
-7189.74390749918	0.0037731312145757143	0.02159667036887627	9.91994074005637	4.7356210496067455	287430.6751791881
-7189.66037938004	0.005525037443419929	0.03182088417730592	9.845927498747665	3.218809894483898	195360.18081683142
-7189.623045591986	0.0036230853268142396	0.02079464191177273	6.3298352933928905	4.921418850011818	298705.0566152132
-7190.157464804567	0.004982120656535163	0.028596642795597167	7.13729187997737	3.584085194789798	217379.57749827957
-7189.698839731709	0.0035875169513136847	0.02064774306337175	4.897980511657138	4.953055233315308	300817.6467550936
-7189.714328600953	0.005011771799233744	0.028831525033073565	9.961699853396572	3.5610751130515697	215853.3238066851
-7189.912062302326	0.004269248807748372	0.02457311231494473	9.898801392792853	4.1858643452195246	253512.85206699115
-7189.909935741385	0.0036091049012138454	0.02068641697129016	9.871380127386194	4.959712526112197	300613.19107423123
-7189.675470414327	0.006077666690263596	0.034941062113440086	9.85486563035943	2.9345654466077016	177978.78692407315
-7189.78057044418	0.0038885964079465613	0.022413590980937502	5.146527835566038	4.575674249158255	277563.07906539843
-7190.508229831275	0.0035667779589064127	0.020580121645336562	9.88984836799236	4.9479241734264106	301221.8127852221
-7189.7044429178495	0.003604279620831487	0.020633138143826744	9.936869849293233	4.954814987998374	300797.08303805854
-7190.063772464089	0.003687003070680789	0.021312735190145288	9.767623990742129	4.794818838903637	291456.4787990653
-7190.723078045677	0.0035766390569032364	0.02061353585081709	4.610990669721735	4.934686795701065	300532.8637520849
-7190.061191608586	0.004082693308082129	0.023618953918458675	4.332832826796831	4.361882476289645	264116.9517218986
-7189.746408532601	0.005048202189587975	0.02898747022422775	9.896274233988327	3.53143002093492	214322.47366296846
-7189.707096681715	0.003599251560436928	0.020635156447810495	9.896935311276565	4.965226475538091	301156.5983485863
-7189.744016175723	0.006981808051021451	0.040062989234609415	8.206057038115194	2.5525616258008363	154979.8426016362
-7189.754103832395	0.0036907888664749486	0.02123156926793757	9.903849105834773	4.81148116545037	292362.1395166311
-7190.217502094199	0.003590620780172531	0.020633482912254898	5.545689450665007	4.971837029627673	301453.33375220787
-7189.800579155037	0.0037246800438478283	0.021474572410497408	4.264924124818466	4.7730937138178176	289626.02136432566
-7190.153683571087	0.004237717367360506	0.02431320908429103	6.923551576044851	4.194017789062926	254994.17943673232
-7190.246896031677	0.0036671797039515308	0.021139750849971932	9.924050244492092	4.874345405848581	295004.360237979
-7189.6661640568145	0.0036367366608481403	0.020854274986589733	9.90001252233951	4.906226002569007	297786.51910370396
-7190.084156680342	0.0036034059918082827	0.020589393054381216	6.832894759582295	4.940936855063114	300611.9420220381
-7189.7883546851945	0.0036548721701324272	0.0209734663070504	9.70598184938352	4.897826333485629	296723.10693328996
-7189.6487345608	0.0063123688302824206	0.03631847598592301	9.909461034923174	2.823300558552629	171244.37305090862
-7189.891279132161	0.0036123771160164004	0.020741052851683445	9.90993645058027	4.957175055208456	300204.98716920114
-7189.9539185970825	0.003556720417306616	0.020403648553507802	9.912239162361626	4.993045398442167	303705.2578405008
-7189.832653415067	0.00430459466015786	0.024845853025294854	9.950846576659986	4.116535610676711	250080.55455115577
-7190.154282916595	0.00368800544751064	0.021352294939351604	9.976927233348363	4.811885336085318	291776.0594563062
-7189.719609036471	0.003571044668153396	0.02057183386094804	9.12809114104495	4.991637569616578	302589.9296571216
-7189.957680162517	0.006328090955585545	0.03631257166450672	9.890785220952678	2.8213606695630635	171147.970876228
-7189.668908884964	0.004244036642111448	0.024417314758533575	9.392156355634244	4.1959623985945	254602.29195607937
-7189.6757583671915	0.005050356311762255	0.02893905246941703	9.907184465521357	3.540743883812729	214736.58354441277
-7189.716181655074	0.0035657616186456275	0.020508617812015194	9.902178453527414	4.992092097043357	303005.1150077791
-7189.74390749918	0.0037731312145757143	0.02159667036887627	9.91994074005637	4.7356210496067455	287430.6751791881
-7189.931153463849	0.004210108655340441	0.02423009340395715	7.496875397089292	4.238539975213705	256895.01857903964
-7189.8064936007795	0.003924587273909407	0.022440639920167003	9.86732416514001	4.54591792721219	276227.77376118733
-7189.7789571529975	0.0036275594782045895	0.020954930799253455	9.880950669774027	4.899150371198532	297110.1932562878
-7189.961939260983	0.0041466280858940595	0.023847031134220563	9.948741242545179	4.311845832514928	261161.74289875515
-7189.66577126517	0.0035934990409794134	0.02065258143377421	7.709709556264972	4.965851862104428	301133.65290262597
