# /home/maycon/.conda/envs/dadi-cli/bin/dadi-cli InferDM --fs All.cc_lo.folded.downproj.fs --model split_mig --cpus 32 --output-prefix All.cc_lo.folded.downproj.split_mig --lbounds 1e-3 1e-3 0 0 --ubounds 2 2 10 5 --global-optimization --optimizations 100
# Log(likelihood)	nu1	nu2	T	m	theta
-5430.593782968262	0.025318489771516656	0.031486409608070934	0.9359900746663727	1.6274600572989024	46351.2642993742
-5428.430068589558	0.02426549841736661	0.030128136682309164	0.9200625807822687	1.6983514132037107	48413.8419608885
-5312.392305862526	0.028962956585127174	0.036058970052194536	2.7249686085141405	1.3529749130199866	42971.98041724398
-5311.149837545004	0.02554898491606147	0.031819151613514236	2.9200555735531992	1.5334731243139872	48751.30762926239
-5311.362453219637	0.034897200442738016	0.04345343529871215	3.3414939342888723	1.1233090197553333	35687.82081282351
-5310.127468714346	0.07206204951341531	0.089671499233656	7.070472821677474	0.5437009027152014	17294.289312928675
-5428.494104055791	0.021274864426200014	0.026456737392438742	0.863258995336161	1.9351294520264117	55210.534397013434
-5311.464026889586	0.020410484598358057	0.025422354462245386	2.6860323706000555	1.9180613498379726	61011.71265224411
-5429.334833352519	0.020244310240284027	0.02517471410096265	0.8365044131383723	2.036252554115903	58008.66126285657
-5312.129022558934	0.023842349571759274	0.029737473862174173	3.165802944352569	1.64169152583976	52212.69874913384
-5310.614415451643	0.046700528359066754	0.05818528113922471	7.745585450782811	0.8390340840751337	26680.55093560216
-5309.950579928877	0.04423105925037235	0.055038728282675926	7.688624696045012	0.8860108567067185	28179.59623602283
-5310.057259338273	0.02347767394644637	0.029216103809263313	4.324502004850427	1.669026585285121	53085.39735799275
-5309.8853083386475	0.02301207785132914	0.028633793015845038	3.391990067490704	1.7032043495449125	54165.550274002235
-5309.443353487607	0.03643498579970919	0.04531980954975034	9.63823946545893	1.07603372903966	34219.64146046538
-5310.373917985096	0.015297000269136966	0.01904227606916412	3.492434855814184	2.5610638559945795	81460.33990669256
-5310.669309148596	0.008531435909422435	0.010618786486781322	1.5419071153932968	4.590154850540886	146029.27579598196
-5311.4126214839935	0.008769839744642453	0.010927190403330475	2.8525170645730715	4.46370004542645	142002.2203924859
-5310.1159296687565	0.015474741443543619	0.01924622553111209	5.500168425392779	2.5312907445180377	80532.9565897686
-5310.719036233881	0.012417630527034932	0.015459749122234103	6.6149780931341375	3.1537905860947304	100327.31935604729
-5310.533119234306	0.010916332685267654	0.013591299520479114	6.145464441736718	3.5884227727592752	114139.59954487353
-5316.438993816994	0.007856281567318055	0.009771076873706874	5.548393408881891	4.95	158002.4850569293
-5309.835469415122	0.00926068810581514	0.011522633259506858	5.874207500639111	4.232180254550933	134601.05105666324
-5308.87069433685	0.011372598106309263	0.014143937731861726	5.168491914031856	3.4495782360898897	109672.8914562652
-5310.862763276878	0.008963278202402614	0.0111638905865999	7.605743065540033	4.369462904865468	138984.69717559914
