# /home/maycon/.conda/envs/dadi-cli/bin/dadi-cli InferDM --fs All.cc_cm.folded.downproj.fs --model asym_mig --cpus 32 --output-prefix All.cc_cm.folded.downproj.asym_mig --lbounds 1e-3 1e-3 0 0 0 --ubounds 2 2 10 5 5 --global-optimization --optimizations 100
# Log(likelihood)	nu1	nu2	m12	m21	T	theta
-5102.337525302165	0.030865583188471362	0.07703941527947403	0.285372682392127	1.808657244306592	0.6439849481675257	54595.59944705914
-5103.642848654978	0.03104265613311434	0.07610156668623569	0.28325339857930576	1.842278472886406	0.6026048348547439	54313.84550855304
-5102.610843696697	0.029402720643738212	0.07246699215170302	0.29568883677257746	1.9318490496323986	0.6427510266746458	57565.691109284475
-5102.038755721513	0.026387604847675925	0.06591459883453935	0.3316066175913541	2.1151177432113086	0.6783773768481948	63863.548879770395
-5102.49780049976	0.03100486990835416	0.07732141137731814	0.2841377214696436	1.804961241497093	0.6326281257349561	54239.25931408761
-5104.340223908712	0.03526335787414907	0.08849937196060326	0.24777678472425352	1.5675857120890915	0.6068188619758985	48046.4592058254
-5102.065195156173	0.022578623287199263	0.05645635817090235	0.3856811878279015	2.4673223359602785	0.6798912934612196	74657.95382397021
-5102.222307599642	0.02217968861859736	0.05560325961440181	0.3987907779636681	2.51285428746385	0.6677915768631273	75672.74242176062
-5102.446823090757	0.0251930953733103	0.06350734197785	0.3441872447701874	2.1943687687684177	0.7031940522369033	66976.35912105
-5102.12108736585	0.01986399622863558	0.049709891167835155	0.44277372231533263	2.8123161191338606	0.6515420817388885	84584.96202864798
-5102.457179591481	0.0287915584609176	0.07247387592573645	0.3033613305092553	1.9138365684014753	0.6958377598518719	58676.41089219267
-5102.1539663685335	0.026631294451809784	0.06655587224710817	0.32724818857580557	2.0963890708709774	0.6731357513221383	63157.44584440616
-5102.113951786222	0.018228780580723383	0.04519815797671459	0.47983041072366134	3.0865980420979167	0.6359672094334029	92842.09439861625
-5102.034183936378	0.01755020734064365	0.04379446754678112	0.49970169849438245	3.190008480141945	0.6285116264649695	96039.45033430702
-5115.523290385912	0.029414542254383762	0.07794178409687298	0.2926331608013356	1.7427895093567567	0.862437102156103	57387.096017123884
-5102.069733645992	0.016769546388055688	0.0417271669814717	0.521712065874642	3.339822541808	0.6240301220692007	100987.68221721097
-5102.009192684601	0.01414872255668201	0.03524389253773662	0.6194220255975493	3.9597776617619895	0.5731948878745116	119226.90983387135
-5102.050562806816	0.021927061153390902	0.05477476720241785	0.39887351670326127	2.549566226253536	0.668515656694019	76769.63964960586
-5102.055559576017	0.024573194001141215	0.06131050837724519	0.3581936837419387	2.2761383506115713	0.6746860397104462	68529.21573059667
-5102.172512409337	0.017305795747787785	0.042954917117346524	0.5035884807339155	3.247890227443471	0.6240557702181908	97671.96064897347
-5102.52357449123	0.011785170610524935	0.029016949615009616	0.7337688145248596	4.821494988794643	0.513175477402325	143835.79441069503
-5102.467075199143	0.017143541923435125	0.042225867359456284	0.5088692735424958	3.318048370481428	0.6085286221054444	98744.51753035077
-5102.043274848474	0.025486025512598882	0.06347942067663907	0.3444522096576492	2.1991082124380044	0.6743640669124005	66166.13625446729
-5102.194687867541	0.025661298642456906	0.06392465260701617	0.3424501865969109	2.183152611356948	0.6670941120259337	65512.06064157223
-5102.501304612191	0.02472480058055937	0.060827029166123585	0.3529065992309928	2.30228638987461	0.6581790243592466	68462.99202084611
-5103.345653667472	0.03395899663962049	0.0843212014426168	0.25812194063751603	1.6512159266820827	0.6074629259403921	49917.53585582647
-5104.327322000203	0.029990668229018996	0.07679964854617881	0.30181388046123253	1.8143855240978572	0.6578790087260425	55360.360904418194
-5102.294094649038	0.022727388533236085	0.05627296490819997	0.38196520048495847	2.477484056005073	0.6785509532705755	74724.08170510139
-5102.37757754202	0.017386212359653156	0.04387969341271866	0.5031216497049962	3.162360629315081	0.6518485377553752	96946.82267524436
-5102.038037152653	0.02470791719044034	0.061707447931411266	0.35480732808339793	2.262167599937719	0.6824381582193877	68319.52186528264
-5102.24236207887	0.018931655000939632	0.0477462106972888	0.46596343648370186	2.909065868785696	0.6597328315016722	88634.01203077052
-5102.427365431	0.02332537845305388	0.05800613146254898	0.38052198121764624	2.4039867799293195	0.6621652168638703	72042.75744871079
-5102.296632987878	0.01975349057928766	0.04986082233049803	0.4455171554634445	2.7890418709681972	0.6770729275992762	85314.1955268365
-5102.126259375294	0.02536250859143772	0.06335025435607367	0.3446646681471762	2.195808933867707	0.6937180643934429	66725.48505849869
-5102.158350458046	0.011268059209210387	0.028000148450213286	0.7821723322602322	4.998435321601766	0.5039995670002996	149767.63050419436
-5102.384476850952	0.016683852576360386	0.04186127415848439	0.5297024745427557	3.318416942610964	0.6365268134530111	101427.5919484175
-5103.24165772812	0.02607258877918346	0.06356763226414441	0.3362533280906854	2.2111727629241993	0.6449353949023253	65173.58159684687
-5102.093488586715	0.017309035082814103	0.04311490063210237	0.5050387062293396	3.2411181224068213	0.629428416191383	97773.16335963047
-5102.201228280671	0.024871794742814476	0.061766947213451016	0.3536131319286942	2.2650840147328184	0.6652758373878416	67765.53464968843
-5102.037881900476	0.017098402586269285	0.042597942025007475	0.5133880265324334	3.2777197891235255	0.6207440292596127	98591.69981552639
-5102.06127524428	0.017253204770023046	0.04315031942157615	0.5049559100656982	3.229551504841304	0.6347138116024378	97886.91695246322
-5102.382585724051	0.027070813045345987	0.06772488581458487	0.3204401330506654	2.0542314634659458	0.6974599778445743	62589.773304687296
-5102.422494890694	0.03130935997544072	0.07839223783398767	0.27911594479753155	1.7769320933570625	0.6439789120877604	53782.96922771169
-5103.063767136993	0.033463008044087826	0.08328762135314263	0.262000118887364	1.6729931786548426	0.6119774749422373	50531.734278765725
-5102.173185321508	0.029649016113323805	0.07405903175234224	0.29475678259486515	1.881558819206473	0.6680562535310409	57008.11320948807
-5207.8800660591	0.02560819475300402	0.07342442302365791	0.32928848363223984	1.76685470962383	1.892039579368335	67310.76147859266
-5102.128629174516	0.02097485813420207	0.05267061482872857	0.4191351955770515	2.636803213922682	0.6790021708003836	80302.61018415318
-5102.2173970829635	0.01157451797060001	0.028717345895844074	0.7499971501708855	4.850138960620822	0.5196991129378746	146420.41427468476
-5102.061142360355	0.01855268935080358	0.04621083069913646	0.47066343277361716	3.0210795993169723	0.6389578261559088	90844.21986548956
-5102.075999786213	0.019096570533247283	0.0477855983922751	0.45966050477098963	2.917474882995261	0.6533409305979184	88263.60123971252
-5102.598187926617	0.011753040182152138	0.028916777134045706	0.7366285112973764	4.842562221557812	0.5103672486081472	144171.85047949292
-5102.852514366428	0.011601419899647407	0.029421332748004233	0.7534313854562644	4.70529043425786	0.5455001966967026	145390.96692959048
-5102.784115405211	0.017185490079796792	0.04270238668843405	0.4985016320022671	3.2564499905276394	0.6368958034860605	98794.69907357327
-5102.087540756395	0.017375924374148106	0.043516429146988764	0.5029007564281401	3.199876676902303	0.637632903947323	97114.98129319809
-5108.204926106137	0.037110398497300905	0.09510318899715206	0.235434803611804	1.4497459681704967	0.5930290388907392	45392.101331526996
-5102.371072001384	0.02635818085374364	0.06639906883181089	0.3363366662800386	2.092994152360853	0.6846884298824166	63625.753304491845
-5102.1584531973995	0.023892154743462863	0.06002680417542641	0.3676134457768371	2.3166459138701048	0.6968888489457559	70638.77056164278
-5102.001978845633	0.01817555973549487	0.045390670283303215	0.4815141264689442	3.0710614025531378	0.6401463623662318	92732.40277469621
-5103.793011355912	0.018374110378111198	0.04715379970664705	0.4779649733586935	2.925029434209336	0.6885205573994666	91150.81225303168
-5102.156207138463	0.028053826214409907	0.07012271780686616	0.31293908349835203	1.9936871356449581	0.6645433956407952	59985.44143612083
-5103.607460175272	0.025861171702686325	0.06645163333882918	0.341022178080934	2.0795771681436865	0.7190491262293143	64471.005829284004
-5102.1028859510125	0.025403621763263343	0.06334325935882854	0.34544544343905137	2.20035303557571	0.6785832044399852	66383.1614050463
-5101.990724957316	0.013209807174145835	0.033039330201270596	0.6637834201733223	4.221259335710748	0.558512513791229	127581.51726433705
-5228.922687276466	0.016430738129885835	0.04760075310116484	0.5160385904905107	2.688981144741542	2.1678743035702985	104978.81119413252
-5102.137958723225	0.01456884687522401	0.036444277728622514	0.5988524095541916	3.8309044238169925	0.5811826150205217	115317.81698139607
-5102.461647833257	0.01139269242577444	0.02818364941610008	0.7570570654238443	4.959338983253077	0.5116243882238629	149038.9594044682
-5110.913142512722	0.012963971825555635	0.031071913914665305	0.6251524603665208	4.532005114938373	0.5251983518431277	132677.4177965728
-5102.566713448295	0.03194374497305482	0.07966400570687868	0.2739696038114484	1.7485805660434894	0.6383803034857478	52905.31038728527
-5102.823282671788	0.029719054948623997	0.07282592456383692	0.29390811993712207	1.9156070121441384	0.654182712695094	57400.603239358716
-5109.895920215262	0.01224018147920176	0.028990617032434413	0.6770058903328959	4.879084268221753	0.492399719721118	140563.57110057643
-5120.873771708756	0.01203106427336649	0.028350183346701096	0.6493755920976431	4.985178367793153	0.5021785515832372	145139.69088042094
-5102.094170281724	0.014838797609089826	0.03722633588570057	0.5881377542222196	3.7379746618262106	0.5948597233787398	113345.8032637971
-5104.387276491488	0.012500533388212585	0.030595081995544404	0.6727246076516616	4.569284012312604	0.5320746493225667	136354.41955812968
-5103.6313352717825	0.011999461462810659	0.029316427238824272	0.7095876254523138	4.779645678851157	0.5138665133660436	141818.1761484554
-5102.184699230652	0.01274083160848758	0.031527590198126045	0.6848307340674766	4.435300205134898	0.5374612218129187	132707.2664708745
