# /home/maycon/.conda/envs/dadi-cli/bin/dadi-cli InferDM --fs All.cc_ei.folded.downproj.fs --model sec_contact_sym_mig --cpus 32 --output-prefix All.cc_ei.folded.downproj.sec_contact_sym_mig --lbounds 1e-3 1e-3 0 0 0 --ubounds 2 2 5 10 10 --global-optimization --optimizations 100
# Log(likelihood)	nu1	nu2	m	T1	T2	theta
-6315.365492556135	0.21580593380245214	0.5646934343058155	0.28418757967066766	2.84228374777529	0.156275966471668	6032.919021952594
-6313.862303296101	0.3239534618247582	0.8491020771117274	0.18892175046758922	4.764477319962221	0.23588708639351122	4019.3541282189526
-6313.8173150926705	0.3336619567048299	0.8729797583155917	0.1838758688316877	4.926073635767879	0.24162212374364084	3909.0616788328857
-6314.544429584922	0.25164311572999015	0.6582317928043484	0.24371519083380194	3.472713093651551	0.1822278967371635	5180.3376908167165
-6313.645716363295	0.38085769909974126	0.9968254920458021	0.1610590079059829	5.765993491420843	0.27579964478176927	3423.9649310179393
-6313.698466810453	0.37168226795868103	0.9773199539325651	0.16447879351405234	5.62509443093998	0.2706420798628896	3496.792128429495
-6314.148772228492	0.2852130154678162	0.7480659620704092	0.21493011812856705	4.082993958477043	0.20653881662413046	4560.657322226099
-6313.7164786323065	0.3581945080159465	0.9379190776640818	0.17132524517003828	5.367525094658217	0.2593892005449633	3638.7445634055402
-6314.619864389467	0.24686831502955947	0.6464030316741577	0.24836873319760208	3.3928096645312396	0.17876991547161622	5275.517924290008
-6313.532271859095	0.43459260567625635	1.137844478758606	0.14115282574193685	6.716648084550034	0.31471182046673096	3001.274394754634
-6314.048218860355	0.29530366289874144	0.7731597458705933	0.20773203641331894	4.251579674301756	0.21384483032940615	4412.46799680907
-6313.656919770082	0.3768554928893652	0.9868414233972419	0.16246741787946709	5.701361302175419	0.27441029068675116	3457.5414883492303
-6316.725267177096	0.18759017104966091	0.4903395561148273	0.32652612530231256	2.3357215185014044	0.13584310260529822	6944.968060204646
-6313.793069322085	0.33811325775339174	0.8860255620802185	0.18101588220065634	5.015314504448548	0.2461974897522393	3851.74168866061
-6314.167811639023	0.2827498829995122	0.7405997060920811	0.216479559583104	4.0271449290869725	0.20588458680109778	4607.750682265494
-6313.5603588122385	0.41745676559462436	1.093711953868772	0.1466194912012788	6.420126514381239	0.30397324598837944	3121.645379696141
-6314.5721009684075	0.2496802272931912	0.653671464581833	0.24565346784093647	3.4416888689875216	0.18080625022668098	5217.149106537598
-6315.070544879275	0.22602457587587715	0.5913011272705415	0.2713331292049124	3.0196694429388513	0.16367174385445563	5764.629700594604
-6313.790836732094	0.3389259547424779	0.8878432468178927	0.18088933700815998	5.024318150260189	0.24543487847529807	3845.2980539543664
-6313.605751137697	0.39646311155798486	1.038720336578972	0.15470615047985267	6.050336110992082	0.2871008919476504	3286.403812664286
-6313.866956511509	0.323260038535358	0.8471197526844104	0.18934191332305167	4.75055950158336	0.23538198021069007	4028.818747746395
-6313.73421792675	0.3521081447134053	0.9230299518137614	0.17383469166197701	5.266708537475507	0.25638778822134356	3697.5248729973796
-6313.81651903916	0.33451247051672905	0.8772659218960421	0.18334920633680882	4.951960966401477	0.24223822807709156	3892.511791607447
-6313.570205030418	0.4134207996445964	1.0837552449697296	0.14833804395465527	6.35165583114361	0.2993807146258721	3151.1781386049524
-6314.054361019715	0.2957907556476363	0.7743169472133626	0.20696409196528484	4.258269672256142	0.21537996493394274	4405.808340252674
-6314.235977879276	0.2750268309956998	0.7205901229512622	0.22296207202076068	3.8909558090625493	0.19916151714068617	4736.570403193685
-6314.023378847249	0.3164678956761627	0.8271600051094965	0.19464136423218223	4.6100947685098745	0.22664026307661728	4127.878101401209
-6313.949486658144	0.3157869137236586	0.8268011651795643	0.19454978220889516	4.610766421783068	0.2274153286938517	4128.9649049350755
-6313.8751790075585	0.3214996131089607	0.8419539111647883	0.1907794054469515	4.715318573992124	0.2328145269024886	4053.6731056896315
-6316.355464653574	0.19321978221488398	0.5049574637637348	0.3182192469256027	2.437493542805445	0.13914801381133576	6742.5819352490735
-6314.087044220955	0.29680765252605595	0.7781234643710809	0.20571209589473735	4.284122602123119	0.21730741171928789	4384.716712431029
-6313.640689885535	0.3811798119818672	0.9990089539178052	0.16062643236543764	5.782435021630472	0.2775563500515548	3416.312185474385
-6313.81180329373	0.3340995444346704	0.8752109803043471	0.1835877376773351	4.939291431118635	0.24193928261157296	3900.5323849843458
-6314.170675292462	0.2970910946773509	0.7751443809141111	0.20727861209612994	4.255899532652634	0.21276469469571183	4404.208780552417
-6314.00790322522	0.3010818363837141	0.7889383417435247	0.20326310183912263	4.356057898762335	0.21923336695310103	4325.513233120174
-6314.54059921885	0.2528414682651191	0.6635235121178775	0.24246626637613522	3.503085000873072	0.18309743518225066	5145.124457708628
-6313.501150666048	0.45200506260632584	1.1845645360421637	0.13540794454478627	7.036517223781104	0.32913148619658367	2882.387993537935
-6313.449569398514	0.49606578258902456	1.299990821697504	0.123345230043769	7.823672644842496	0.36120915204817905	2625.806851189004
-6313.515336820748	0.45469418212647045	1.1901439323259406	0.13463294976631604	7.070642951944245	0.33108554075971397	2869.090532865834
-6313.7653357542895	0.381583451938399	1.00134558467985	0.1597729516801589	5.794204846754621	0.28090361490516086	3409.3435685184436
-6313.668471541045	0.3713480801547092	0.9735605134123396	0.16483291657727914	5.609324044044615	0.27039760785332195	3505.858076767201
-6315.623038950736	0.20904184228504077	0.5463696026108508	0.2939654270195093	2.7173485964636073	0.1505420956528836	6234.7473651955115
-6313.542899957542	0.469469964635897	1.2261806934418706	0.1309081869238875	7.320779288542212	0.33809089117435687	2783.461913400484
-6313.982333539463	0.31152462290312577	0.8170014970328078	0.19623736215466578	4.555822780165006	0.22808236984271563	4173.175803619591
-6314.078919328525	0.2928380622073205	0.7675441670503067	0.20878424445648716	4.213370433560653	0.21323026029676598	4444.963622380543
-6315.18063572552	0.22216827881297782	0.5808927902086897	0.27631547532940265	2.953160924534509	0.16088378962638217	5863.756164220365
-6314.065607830924	0.2931387827627629	0.7673898600808798	0.2092066514140615	4.209974490408714	0.21227708616728744	4446.685879610439
-6314.393884440015	0.2656000261077296	0.6965908386504468	0.2299655256101408	3.7362463041463156	0.19445878374497533	4894.478155365736
-6313.690354928278	0.3650407279852986	0.9563908509933445	0.16771426125352826	5.492292182268195	0.2658048390171901	3568.569255435966
-6313.809270400949	0.33581514592549755	0.8808677976964462	0.18237939682353682	4.980682685752783	0.2445239455734137	3874.7176571663363
-6315.131719658218	0.22543471539014184	0.5882550827269101	0.27258723200507473	2.9979467214543076	0.16234747296048024	5793.715390983814
-6314.009917718768	0.30720401952580995	0.8049131625714637	0.1989429319065568	4.471361724130506	0.22491997124512525	4236.196805624682
-6315.10261836006	0.22740338316245584	0.5948480301468368	0.2692456539434835	3.060047012126323	0.1655845156567553	5716.735740148743
-6313.656736174249	0.3754261149516326	0.9841269608888593	0.16302855900230315	5.678834972485595	0.27336620261153705	3468.807283700151
-6314.235080741007	0.2769068393018429	0.724462325785637	0.2210498281823519	3.9207853173972453	0.20162938954683834	4707.801158498108
-6313.745381537606	0.3513893514678246	0.9205010654407582	0.1740911955807605	5.252002584149901	0.2558578829778356	3706.4740865015433
-6313.523999607496	0.43557194143136857	1.142211122181383	0.14051317797995327	6.750762474049557	0.3171624442667869	2989.1852844494338
-6314.0718214276685	0.29232508890870884	0.7652643838088448	0.20981095509740635	4.197015949914192	0.21168867436378672	4458.326586210296
-6315.013238553556	0.22817049756519872	0.5977203215969507	0.26880293219255075	3.063217107488432	0.16523037469815202	5704.030542407576
-6316.918414765876	0.1842697267778016	0.48097702651457835	0.3335101879067485	2.279224259997748	0.13270166909350914	7070.423130060161
-6314.649620221927	0.24548619940939018	0.6426214481879324	0.24995554163915815	3.3646425550430488	0.1777685797388432	5308.004100360624
-6313.623369061488	0.3924769136598386	1.027513593275601	0.15590903989567517	5.972552171318508	0.28578304238445634	3321.936097960527
-6315.034316267693	0.2283704341859477	0.5967715619137514	0.269133746395737	3.0567044083661785	0.16446002569802237	5711.701570548324
-6313.946868046835	0.3102718368077908	0.8115638743076292	0.19776439096157142	4.511505990661399	0.22468374811067404	4203.570020791108
-6314.0349806772065	0.30302131236884244	0.7943743683203236	0.20159117127194842	4.397461022343972	0.22185610407165937	4293.712125784952
-6313.46142108641	0.48701181670807847	1.27577236978779	0.1259395503830819	7.653052129276506	0.35267107775866047	2676.8877694768057
-6313.573203803915	0.4089314042282942	1.0720810180048808	0.14966080908248822	6.2765516383919975	0.29776390193420904	3184.150676523215
-6313.856301467295	0.3250269953647141	0.8513164312067195	0.18870215980353813	4.778419935369222	0.235369137826575	4009.3760978018377
-6314.634493394202	0.24959718706938364	0.6533154525154037	0.24639470044261652	3.4291256738150384	0.17974656343907944	5227.106709102376
-6313.439244230173	0.5131248913065961	1.3440150467643515	0.11940935071324353	8.126643767774075	0.3736349784328749	2538.9689451783247
-6314.00301186063	0.30190930926434173	0.7907131825268026	0.20272872950344553	4.370141214507164	0.21983512690714546	4314.575309099751
-6313.564622435031	0.4153964187096406	1.0880263793502816	0.14735459994494407	6.383777962442901	0.3024709348834087	3137.3015223631537
-6313.586650204793	0.42742764148758744	1.1187090024901616	0.14380987306542103	6.587481380522158	0.30781393794413286	3052.6702262633003
-6313.595783243828	0.40320940771087516	1.0569750337059203	0.1521149403648086	6.175798789572483	0.2919855550626669	3229.5310915647356
-6313.563274714	0.5209857039404029	1.3624710664301762	0.11821379964840319	8.231198976720556	0.3731063232816444	2508.031674776964
