# /home/maycon/.conda/envs/dadi-cli/bin/dadi-cli InferDM --fs All.ei_lo.folded.downproj.fs --model sec_contact_asym_mig --cpus 32 --output-prefix All.ei_lo.folded.downproj.sec_contact_asym_mig --lbounds 1e-3 1e-3 0 0 0 0 --ubounds 2 2 5 5 10 10 --global-optimization --optimizations 100
# Log(likelihood)	nu1	nu2	m12	m21	T1	T2	theta
-4002.2645426748745	0.06635760586166843	0.017405933804078864	0.7982615266956058	3.2040611476026535	0.6770971887918246	0.6564836835755662	47251.98748817121
-4195.0652573685375	1.3675682844953465	0.137573945291561	0.1378505264926546	0.7335669099312517	6.136270058868379	0.12267592709664611	3103.7605955950035
-3814.5077944564546	1.3507695779977724	0.10830775226098298	0.11185311978414425	0.7508341736244387	6.267748338884631	0.15655247119358998	3110.3758866760804
-3825.9151119797652	1.3514037618232722	0.10913592097625523	0.11273669890518781	0.7502417642365781	6.263643711727453	0.15511955046056833	3109.7228819493894
-3784.1884113880797	1.354529372563986	0.10954298303448046	0.10968308754293486	0.7516321472512482	6.265014416775681	0.16518275868338067	3108.6731503081737
-4226.498915897083	1.3698815895634167	0.13621597058497026	0.1392529496033953	0.731909595006172	6.1326359003924065	0.1186939131270859	3103.7068749707023
-4099.802800655428	0.04553309052173786	0.015457595810258651	1.163541763624576	3.131835061854763	2.4914691050149056	3.2092453895647886	72282.19576031165
-3814.5077944564546	1.3507695779977724	0.10830775226098298	0.11185311978414425	0.7508341736244387	6.267748338884631	0.15655247119358998	3110.3758866760804
-4002.31173399448	0.0689880383178946	0.018265238472007516	0.7686591342442455	3.0384801662145917	5.49619184096798	1.140339883831482	45473.75583491065
-4226.498915897083	1.3698815895634167	0.13621597058497026	0.1392529496033953	0.731909595006172	6.1326359003924065	0.1186939131270859	3103.7068749707023
-3999.9655915514345	0.049247426306167005	0.013039192490899793	1.0821233183568049	4.261585365123441	2.7264513307157188	0.761280845927113	63605.906088892276
-4098.771222072073	0.0636883425272154	0.02169550026890677	0.8343563641093386	2.2300434889544993	4.406158337952042	6.303064718906364	51599.17171004704
-4099.240182136131	0.032067546071150484	0.01090052247644804	1.654784878642782	4.4360180188700005	3.6782951743596337	4.440307262051886	102548.5927188837
-4545.543264460348	0.015085345617853366	0.008016097089103448	4.835446105257491	4.95	2.104358204268504	4.1130283181840825	177694.76727517968
-4099.322149930496	0.030810412398932358	0.010454415671924006	1.720434607794084	4.631253269520369	0.9911632246084964	7.281670356336019	106859.97762008941
-3825.9151119797652	1.3514037618232722	0.10913592097625523	0.11273669890518781	0.7502417642365781	6.263643711727453	0.15511955046056833	3109.7228819493894
-4099.1956145109325	0.02869051785420485	0.009764919664821757	1.8507583563652852	4.95	3.6824949838595464	9.334443759391725	114542.90259083336
-4226.498915897083	1.3698815895634167	0.13621597058497026	0.1392529496033953	0.731909595006172	6.1326359003924065	0.1186939131270859	3103.7068749707023
-4560.376768359407	0.014908855273362045	0.00797907634759885	4.912906831514132	4.95	4.590924451307013	1.9132211983774434	179268.35936735413
-4098.737589538602	0.03262111484975008	0.011075958878066117	1.6269032922818425	4.369144454984611	4.547950914253591	9.561477849317615	100890.85621875133
-3825.9151119797652	1.3514037618232722	0.10913592097625523	0.11273669890518781	0.7502417642365781	6.263643711727453	0.15511955046056833	3109.7228819493894
-4099.06044153159	0.029480510873538753	0.010008183443165371	1.7992803945358082	4.834938329843862	4.481293274645065	7.943855825159845	111638.06111370416
-4099.913746211892	0.03903295618702887	0.013218553537887534	1.3557886967302877	3.6637000809472022	8.028295483560006	3.680311384867013	84420.77022547716
-4097.8855151643465	0.03481675208451684	0.011910535723696002	1.5317137598265846	4.053586820501977	4.95562569230137	4.248824280530105	94163.72104592333
-4099.001077963235	0.03231111822631486	0.010964439138342325	1.6413801072094978	4.415241951649612	8.593336385058368	5.202627174506837	101892.99452414496
