# /home/maycon/.conda/envs/dadi-cli/bin/dadi-cli InferDM --fs All.cc_cm.folded.downproj.fs --model split_mig --cpus 32 --output-prefix All.cc_cm.folded.downproj.split_mig --lbounds 1e-3 1e-3 0 0 --ubounds 2 2 10 5 --global-optimization --optimizations 100
# Log(likelihood)	nu1	nu2	T	m	theta
-7379.39331620728	0.010248774967271872	0.06818373468499654	0.6984912820831193	1.666987027573172	81965.06360373521
-7291.5445180908	0.007549838956242932	0.0506031709083293	2.32922573139426	2.073323195598449	126309.55288260203
-7289.676834763261	0.008455673100898967	0.05652493734499587	2.7777339536638093	1.8506897894779015	112900.25783388817
-7295.265389169321	0.010264125984518304	0.06891966953049497	3.769000598490047	1.5192851233157476	92694.93095779263
-7294.45465359804	0.007730696258069235	0.05195645734459489	2.1085432516372853	2.0223559057329235	123066.70538885384
-7291.254522929871	0.007023863430583099	0.04697366022800523	4.205308969805607	2.223618797712285	135782.90468406738
-7290.089933387448	0.00893498268558612	0.059814151164742736	4.191412370879758	1.7535534575499916	106873.61506100938
-7294.378489893339	0.00813474143803815	0.05459080106813001	3.926520326664102	1.9183738118297724	117034.41258436076
-7289.3071783580845	0.004865301246602106	0.03240802660574073	3.5478418557099287	3.2066193321316225	196214.16137002615
-7289.038796260518	0.010435818973740438	0.06975196338628882	9.044990652122008	1.5010012468717018	91547.70741572825
-7295.565895475076	0.007322128158583507	0.0491926504965405	4.556659384619021	2.1304450376478874	129941.02048235369
-7289.410648839143	0.00517368603349493	0.03460827025606364	4.994250587540676	3.0292304442999822	184652.55309562522
-7290.2122816139035	0.00994664395311596	0.06656118543731399	5.328831930311863	1.5742646099699837	95988.66119450054
-7289.957717490896	0.00806566251606015	0.053983187633798835	7.1688357648449506	1.9423553764195691	118396.37210149506
-7286.22336373428	0.0060968761045538285	0.04067417565889815	5.996994525668361	2.575303959627667	157004.84198826173
-7293.369140530462	0.003594915179238973	0.02410598519558841	3.2486006078854777	4.344044625845291	265008.05978213233
-7292.883408993608	0.0055569099693839165	0.03724800893449028	6.210699438135696	2.8111105317146103	171492.3849753644
-7290.520355270589	0.005446494301541976	0.036367475101714945	6.880281873694971	2.8663373448815337	175173.1743668015
-7292.748852875755	0.006593796396980499	0.044170445771997434	6.679550850272791	2.3676205432745228	144514.57306079988
-7291.938658869479	0.0053304297949588915	0.03571721153997982	7.886186406622658	2.933763947505231	178904.5444648997
-7293.830893759504	0.004604146180765862	0.03090834256586206	6.128198431683797	3.394225353010853	206903.53402462855
-7295.7278181349975	0.003601424734771322	0.024178920772758707	5.4214745309643675	4.326304594958846	264093.7436030016
-7294.135943373519	0.005212412774926255	0.03492409282419275	8.51475533018411	2.9897887992565972	182631.92583462657
-7291.993401613048	0.0049163829405874555	0.032935647429329855	7.45322287826693	3.1793155790495127	193939.7023605971
-7292.498362017789	0.003461553028557395	0.023201589536428213	5.126730481589726	4.514855724527729	275372.75319300045
