# /home/maycon/.conda/envs/dadi-cli/bin/dadi-cli InferDM --fs All.ei_lo.folded.downproj.fs --model split_mig --cpus 32 --output-prefix All.ei_lo.folded.downproj.split_mig --lbounds 1e-3 1e-3 0 0 --ubounds 2 2 10 5 --global-optimization --optimizations 100
# Log(likelihood)	nu1	nu2	T	m	theta
-4482.0253367049345	0.24406153298426872	0.12347363080986058	2.2200588873488187	0.2962867856439594	12227.35905828639
-4482.076386994935	0.2376254072512423	0.12018377247699721	2.1070645490771547	0.30449809644272585	12558.810786102587
-4481.972039392112	0.2550257691125483	0.129081898760117	2.4050574020025026	0.28345444810841075	11705.516929159478
-4482.159330738508	0.23075158268585932	0.11675413964711077	1.9927652921751875	0.3135593476460361	12922.742668844858
-4481.934294162868	0.268471368093968	0.13585457063113981	2.6388432740318164	0.26932893111994116	11118.55126963412
-4482.301682875349	0.222961317400454	0.11279998068210913	1.8499218757974347	0.324648364272086	13372.972207753404
-4483.142899766678	0.20496012116531898	0.10377793284457633	1.5379902257955107	0.3537289401005964	14506.41803419194
-4482.111782292854	0.23528763050915233	0.11895152995978374	2.088315318217212	0.3079757855978449	12669.564960025264
-4481.894112435934	0.3584315061899434	0.1810677429341008	4.081270892340359	0.20167597582420746	8337.087590095924
-4481.886118549986	0.3566946841358526	0.1804894224631064	4.061736297439127	0.20264244844692267	8372.902937149343
-4481.902412171356	0.31503715981813585	0.1592993082707843	3.4140986346008417	0.22965189759104548	9475.453244090431
-4481.93924843907	0.26728960313537264	0.13524318951320216	2.607491246643354	0.2704935024184823	11174.703127508486
-4481.88347301638	0.37467268684227284	0.1895993023967022	4.353202431305269	0.19298105464947232	7968.891072027751
-4482.279496574653	0.22437247459214504	0.11363019641026445	1.898538483954013	0.322851981044337	13270.263741424886
-4481.897735776844	0.3108878457357642	0.15733437186700017	3.336125214882274	0.23256147816488337	9604.15898839058
-4481.8896757037755	0.3622373747779548	0.1832296443595946	4.15639150645103	0.1995815189285854	8243.080035430638
-4481.884993343282	0.351361047088527	0.1777994518360674	3.986266918958681	0.2057993757682262	8497.577865268455
-4481.90302215096	0.2987041460260225	0.15116089269613656	3.1501946491031663	0.24220052526418046	9991.067033786552
-4481.969198908631	0.25557901284098455	0.1293887280882115	2.417502295135501	0.2829146454008985	11678.626913345037
-4481.915158760246	0.28623407410513557	0.14482459482120022	2.9312501266845716	0.2526230932692791	10432.21208459216
-4481.977572059121	0.2539644374443294	0.12854806984299227	2.383283559799205	0.2845993348800044	11756.330944712598
-4482.233572224019	0.22626483161671773	0.1144998254565358	1.908488030970508	0.31982370133193755	13179.816830969967
-4481.910667022166	0.2950954773612771	0.14931682229198348	3.0860678372614263	0.24514799319561123	10115.686265630336
-4482.274565818403	0.22454212053900494	0.11354627813805065	1.880276297584649	0.3223996375430997	13279.619097716863
-4481.9595501376725	0.26128651664343266	0.1321486605872269	2.5044877963787466	0.2766074860029187	11431.445874382593
-4482.195607522756	0.22830721049032576	0.11551490228217988	1.9429640331297395	0.31697325434711265	13065.431537054836
-4482.565986577294	0.21482867234636221	0.10866330825075787	1.7094340384207949	0.3371951635260676	13866.331842823169
-4481.885654719021	0.35894290771444565	0.18163556536766007	4.1093250443419	0.2014253791409847	8316.705393313197
-4481.887081467296	0.34904038631643886	0.17661497365162848	3.9597101596607467	0.20721008921462097	8550.805998434034
-4481.911081697769	0.2873875437305813	0.1452844787224632	2.9597378475716516	0.25179658418524087	10388.299756697435
-4481.904286399231	0.2965512117906529	0.14996203775683756	3.115615128098603	0.24395916573068288	10064.122403886084
-4482.003060686351	0.3011582119800289	0.15224153788977304	3.2567579469407733	0.24077035345645342	9884.522846026211
-4481.940386362622	0.27541962976151646	0.1393483397411752	2.728444671667924	0.26221093750083413	10851.798225652608
-4481.940671215408	0.2706853683095114	0.13698752963112257	2.6690500151057024	0.26723961003775315	11033.183067727035
-4482.196922978763	0.22934421999355603	0.1160472577941029	1.9491296999144434	0.31530237431426095	13015.223684673187
-4481.898119101307	0.31869103963492024	0.16119591322220767	3.4824785896892414	0.22712640007122117	9363.495306278237
-4481.902221442238	0.3016395019073132	0.15261895030006403	3.1775322090676066	0.23962309789604797	9902.149245735027
-4483.2902853695705	0.20403578803747577	0.1032722342244891	1.5015839825506765	0.3550066481678203	14587.75081630753
-4481.892136639699	0.3795381880921383	0.19202689069631243	4.417359972025528	0.19041942296695244	7869.803725445709
-4483.129416916505	0.20514654868447527	0.10380367547282474	1.5765720414407118	0.35403317387878686	14465.193269560265
-4482.11030927478	0.23457616953714863	0.11869764886021054	2.0510981188699704	0.30852048799062265	12722.342237256065
-4481.898477314047	0.33372060415085975	0.16896786714087045	3.681474604583063	0.2164607409311435	8953.62696577031
-4481.892484536678	0.3549319479807983	0.17959566350641606	4.04735412499965	0.20374715517805445	8410.727992120906
-4481.9176021298	0.302080048984378	0.15276678474045086	3.2270510281944396	0.23968546322382991	9871.79834964741
-4481.884048373378	0.39199621326579864	0.19830454287027274	4.638744895606018	0.18455437671570207	7613.8656949746
-4481.959020040178	0.26128315066780783	0.13218860345377664	2.5120779334025847	0.276705400587907	11426.99270672118
-4481.893795321754	0.43307784438611385	0.21898059359947036	5.299334115973124	0.16716328933055238	6888.15057735017
-4481.894153498763	0.33884458217819874	0.17139313470432305	3.7980814489026278	0.21344737155502744	8808.234794388793
-4481.908929760832	0.29648390027608673	0.15006328932512786	3.0871073865059775	0.24378910433103249	10076.993334636929
-4538.0781189974105	0.18832102598933262	0.09520379922838072	5.430808117603765	0.41011407256999693	14702.66360848972
-4540.759723213715	0.1705695742234704	0.08612443202088654	5.927368768192248	0.4544902502676162	16222.069112429584
-4481.9299406927485	0.27199297422002106	0.13755473276267288	2.6911251236612275	0.2658042191539413	10979.621530186194
-4481.967614672337	0.255886063590054	0.1294711334785915	2.4231834769330747	0.282671165798994	11666.173172949086
-4482.089072977456	0.23644003849064396	0.11970662716973308	2.0876871369907426	0.3060187225545992	12618.356187661786
-4482.373308691109	0.22009059143986018	0.11140469904469502	1.8065410837856077	0.32903951104765994	13537.535043319232
-4481.913592975938	0.28749206620542184	0.1454918824864863	2.944174826845425	0.25142582793975143	10389.69252600776
-4481.900337548103	0.29895578617469304	0.15124995418099937	3.1441860750891015	0.24188934698405046	9986.987407592695
-4481.884846451551	0.3586119475779803	0.18144014001201578	4.0925677932374045	0.20160839935354383	8328.571668767516
-4481.892222297168	0.3632128860486525	0.18397250870573162	4.154840035597179	0.19890530397338416	8223.800883751524
-4482.1282539528	0.23308945211505316	0.1179000101799554	2.0316584769021286	0.3104495944206373	12797.412636201816
-4481.903246759321	0.2984753028148084	0.15098273007150512	3.133194595611895	0.24228685750397214	10004.937893890634
-4481.894417905127	0.31291469120176735	0.15840790569180374	3.371556774996529	0.2311002346672625	9540.856902745116
-4481.895016761365	0.3491467258564509	0.17664676393959863	3.963187779540315	0.2071915405955226	8548.169581032273
-4481.985555575017	0.254001559636913	0.12855159247122863	2.3823051098988293	0.28466733039255815	11757.02236017736
-4481.884399734253	0.35744659886355407	0.18090004079524025	4.083279440245988	0.2022987067436589	8352.55515988513
-4481.888848623612	0.33094278930699106	0.1674130023233553	3.6563041463656236	0.21851459174718124	9024.390176072504
-4481.904726293773	0.33221573289828904	0.16820955633692158	3.650151015336563	0.21742274798341016	8997.021709246455
-4481.910998658279	0.3038366534056351	0.15369688088149377	3.246086651964066	0.2381385825890156	9817.459700740188
-4482.011496643661	0.3263877324241369	0.1649918445839364	3.6799813046236394	0.22222051697771392	9118.060292016713
-4482.189623704242	0.2286782211357251	0.1157680210849775	1.949073367637741	0.31639110929229775	13043.326421942837
-4481.914622336719	0.3731541764296652	0.18892317941595663	4.285532825641393	0.19353115223661388	8012.677584742101
-4482.092295509655	0.23620199091859623	0.11946322516975039	2.079140729315732	0.3063603495084793	12636.459125697591
-4539.2527830147965	0.1598997234304124	0.08042669471592376	4.242318045570595	0.4843853097720614	17332.421470691355
-4481.930671277278	0.2729053913672199	0.13812195598194618	2.717142092766116	0.2649480869800642	10935.723488680753
-4481.9109094163505	0.2889134492594705	0.14614836575242457	2.9767569733232286	0.25028961642351016	10335.266314204675
