# /home/maycon/.conda/envs/dadi-cli/bin/dadi-cli InferDM --fs All.ei_cm.folded.downproj.fs --model asym_mig --cpus 32 --output-prefix All.ei_cm.folded.downproj.asym_mig --lbounds 1e-3 1e-3 0 0 0 --ubounds 2 2 10 5 5 --global-optimization --optimizations 100
# Log(likelihood)	nu1	nu2	m12	m21	T	theta
-6611.953728661026	0.02585059206669209	0.03906032763710502	0.8225081409333186	3.3308325015909546	0.8735503406865951	119544.24812425474
-6611.9297152711515	0.02709987747534947	0.040838557171262266	0.7823928793844742	3.1865798045610294	0.8956007431798142	114196.52588646469
-6611.932705990968	0.02674629335196339	0.040394568286294646	0.7927400603739884	3.2195163028932057	0.8938674640050889	115609.38340575856
-6611.964284471662	0.022307236263113494	0.033598289448327705	0.9535749270996361	3.8768023358902317	0.7933394491075385	138793.90018379575
-6611.953544455213	0.030196273335948393	0.045430813287204594	0.7009566461533417	2.8672890846916608	0.9463595720004683	102541.9696843637
-6611.930030702792	0.017595726947094548	0.02658912289514682	1.2043718375720331	4.892126197238108	0.6866597412547336	175815.83004611023
-6611.9531552582	0.017334313500731374	0.026216015060590795	1.2233418803824687	4.95384476252295	0.6853333003145115	178566.51222693746
-6612.306356595813	0.017734221048980037	0.026554824139121275	1.2005432251105521	4.922470507629199	0.6615636400694468	174367.56835124682
-6611.947845283417	0.02601082030529384	0.03913518980122472	0.8151614003068228	3.3287797042886327	0.8695996768208587	119047.9291368969
-6611.930391736046	0.0174151001802087	0.02624624302143641	1.2191535856922262	4.955728558492184	0.6788444374458995	177856.04166720528
-6611.943097425476	0.017320857823616146	0.02617835465855461	1.223767481752601	4.965330437802067	0.6833450122535174	178778.72856868472
-6611.922666446791	0.018124242744008097	0.027348756361269173	1.169394125949589	4.755818690555566	0.6996718751645835	170824.8967161412
-6611.9239780246235	0.017832170941709812	0.026891187230274685	1.188435904871411	4.839957905164938	0.6897511857222844	173634.00157206188
-6611.9258068304625	0.01725060323352881	0.02602444799007908	1.2292257963925484	4.998064502375199	0.6757467459225653	179473.30088811653
-6611.924742757516	0.02411180389464031	0.036348931034797305	0.8797310035360371	3.579366560018564	0.838807469625706	128420.59394879304
-6611.931978462977	0.017424787345335778	0.026315774428211314	1.2187333555738213	4.940908849118061	0.6801964899344941	177490.24177915783
-6611.9307320353955	0.017543017841069573	0.026494873271091447	1.2091721707126324	4.904360452381879	0.6860754004018704	176388.3842889124
-6611.9393328923215	0.023692211995157583	0.035650494390922605	0.8950790295742712	3.6520975185493696	0.8246848553439581	130750.69266072351
-6611.928298985024	0.024341012734280968	0.036751615395598604	0.8716445584065133	3.537716590166094	0.8490200243002851	127189.7002707501
-6611.92911609791	0.0173461993901157	0.026185698534577615	1.2214748808861486	4.965710480616859	0.6796305228780984	178431.72362698236
-6612.0423850986745	0.017686124918266263	0.026595681460017187	1.2028626110575036	4.903547620292866	0.6723594016017976	174828.55111587446
-6636.5658105602915	0.018325515874229013	0.02928271391763148	1.1404074660608927	4.277739822236943	1.8111539351096093	170998.8364891744
-6611.93399009558	0.023952698786068212	0.036119085796589526	0.8855347731311685	3.603809022902958	0.8325099572577473	129173.78863913218
-6611.970869891984	0.01759293229648917	0.026414965837161197	1.2037748253163196	4.92698863994795	0.6790893684092802	176330.8105942694
-6636.478351668356	0.02131031257467868	0.0341371768795083	0.9829882246259098	3.667887439416743	1.997291914147867	146780.0433237729
-6611.937035223414	0.01803787200156056	0.027227795457689552	1.174712164420337	4.77759348312077	0.699012100632528	171702.35600078353
-6636.436430045356	0.027981052112124555	0.04471457607217402	0.748304030911273	2.80061872734712	2.470284038891125	111969.2446485086
-6612.004457924288	0.01728236914630391	0.026205862941050238	1.2304430716379031	4.952704802809141	0.684523334316312	178736.74020720136
-6611.9487301404315	0.01747033829353979	0.0264382686818463	1.2154146245112063	4.920161157298873	0.6830931837258883	176881.43954997772
-6611.929171478905	0.017371016261652522	0.026204206410396596	1.2214338421678161	4.9650602550214264	0.6771992153201862	178155.80650559076
-6611.927135505469	0.017864978733308067	0.026906516340024774	1.1865861523627599	4.834540005453286	0.6890200780822014	173346.1340962938
-6611.940421787995	0.022402290993150147	0.03383672345851759	0.9458194469521716	3.8404745487823435	0.8064931581522132	138115.89622605158
-6636.385093089224	0.01582888696101655	0.02532956138799726	1.321918026104724	4.944890920316473	1.5065995229726845	197738.6358924439
-6611.925517530078	0.017319738214452342	0.02612875366158637	1.2248141431834212	4.981207909040156	0.6749192829387937	178644.13953595486
-6611.994910651769	0.02392296395509202	0.03623806889194327	0.8871353320105823	3.58419184718478	0.8517565081354397	129409.24202322289
-6611.925971646352	0.017330616277674814	0.026144835259505644	1.2243371865887958	4.978462142063715	0.6751347060960812	178538.91155522957
-6611.924504897601	0.017354457463501047	0.02618109109063928	1.2232325478090809	4.968745607991004	0.6771047403826121	178332.36876676706
-6611.928706452782	0.017546256667391995	0.026461579500169887	1.2092689845524691	4.91957877575185	0.6798849891900749	176341.14494343096
-6611.927657525071	0.01985354510357019	0.029911667824256288	1.0677145135246466	4.351965657311484	0.7397473063306128	156015.8401812665
-6611.929925669961	0.03080401762588776	0.0465096663373421	0.688889676858339	2.7957700460160817	0.9714445222821226	100493.54640274795
-6611.943037342645	0.01722463834167268	0.026013932733087615	1.229739473437593	4.998385972140807	0.67927842267831	179812.77173177834
-6612.0068915312595	0.01721636644632497	0.02598594633067874	1.22684061139302	4.999729656151944	0.6838378098123818	180177.66612805228
-6611.935628416147	0.01766818168948428	0.026629625272270342	1.1981094956186469	4.886776550731328	0.6829843621110128	175132.21902754216
-6611.927027305703	0.0174677690579621	0.02635481581051563	1.2134503120978575	4.934490455874351	0.6815990983540905	177204.23852298988
-6611.925994331224	0.01753649873358787	0.026485309549198983	1.2096393545035777	4.911251527562377	0.6845590553413143	176468.81218165669
-6611.927219724029	0.017835457255971073	0.026871611254196903	1.1882896731994972	4.839958431879265	0.6885948913285351	173583.5912410741
-6611.932735476703	0.017277316472293146	0.026046615322136722	1.2295250052647522	4.995027665025124	0.6741655922654989	179195.58385093932
-6611.926931581224	0.01758485554582894	0.026508709137496506	1.2068138953685943	4.905278931992284	0.6838440919711425	176099.1934729355
-6611.932767453045	0.02205734733810478	0.03328616247367016	0.9619264226782387	3.9074405263966177	0.7953131014231383	140325.68999402146
-6611.929487665185	0.01738292745346655	0.026185912173487667	1.2200172195761372	4.971572803708169	0.6744605546869545	178085.66443156335
-6636.4447152435205	0.022108994498914136	0.03539358641513259	0.9462228124498294	3.5395885247448016	2.0342176099038305	141551.81910074025
-6611.947868619451	0.017361327589799927	0.0261929584591925	1.2239115921504407	4.9697303916916375	0.6784139003079234	178409.00399010195
-6611.924705941366	0.02243958078791258	0.03385046012305582	0.9457252971135099	3.8432381045589175	0.8035207791742206	137975.96790281712
-6611.927392317595	0.017349082418260817	0.02618725791453714	1.223025181512621	4.96656079421743	0.6775877783427439	178321.17453320362
-6613.1932258321895	0.01698115419678418	0.026017814355568755	1.2412278765631208	4.959210529382095	0.7232675923890354	182464.72497100875
-6611.936815008507	0.017302352714087706	0.02612253828216752	1.2244048121428575	4.973655474407968	0.6815086369295089	178985.49556352585
-6611.926297519803	0.017417623800466013	0.026290929612604094	1.2172556545389068	4.9511542704586695	0.6788030561032183	177649.56966180523
-6611.930781423221	0.026289704662946455	0.039641587909412995	0.8061074967265421	3.2810949253032566	0.8833448460221793	117724.20104466125
-6611.921343621596	0.017293303561589424	0.02607819926055421	1.226093562614219	4.988827415404709	0.675548820955021	179020.2618679949
-6611.923971328148	0.017379528989309622	0.026233102643661174	1.2207882926248868	4.95777318815091	0.6787092324244802	178026.5891024562
-6611.9305905264255	0.017241615843252348	0.026021095586292283	1.2307878343657275	4.9992644855868	0.6729776582021082	179358.5762186272
-6611.933808320645	0.017395299939001747	0.026286137368106175	1.220285326906528	4.945079500249181	0.6827355252306266	177893.01762253678
-6611.9240702331235	0.020268639122861507	0.030571284468425525	1.046932329150591	4.255397478342916	0.7511606266870032	152704.45572829415
-6636.824650623083	0.015837591569613167	0.025354053050263538	1.3194995230899127	4.93977557841055	2.4320928525237657	197666.3143772349
-6611.928220044234	0.017338051436070874	0.026143133454676445	1.2229593517607102	4.972534434740033	0.6774373636679444	178540.69826434462
-6611.935214301386	0.019446217825769517	0.029355556940618532	1.089695761586715	4.426997404998495	0.7351466819361454	159167.3776941525
-6611.928442814008	0.028512082454012884	0.043016699662757	0.7432603639283241	3.0217260401864747	0.9307558697625868	108593.94601569415
-6636.737629429221	0.01597758558995017	0.02559250170124835	1.3090175319298638	4.893441935093442	1.80770584876538	195843.82079130542
-6611.944557743676	0.01766151515597269	0.026714129004957045	1.2022071211423935	4.864662807475693	0.6913476179499342	175146.0103430723
-6611.934711875534	0.01726375763441249	0.026051954160149087	1.2307612797496832	4.990854787880018	0.6750868627166074	179215.9147909561
-6636.311760387138	0.01583879541547474	0.025356007016729996	1.3224788772192797	4.937621346082134	1.4775144775459137	197515.84838651452
-6611.925904466386	0.017379983055983553	0.026226056903828048	1.2201670157155382	4.960129882957235	0.6785903145450497	178070.1592215083
-6611.960203819418	0.02889340170350467	0.04347827691397613	0.7326479001820224	2.9937879462567185	0.9340771619251546	107360.41707632106
-6636.215344076698	0.015635410231988226	0.025057930450375777	1.3411899110924042	4.999993043484234	1.4304561206778952	199984.32502558752
-6636.81816877978	0.017687568015700504	0.028322092231749495	1.1839979076828302	4.419344029930591	3.884900439483136	176945.56394999003
