# /home/maycon/.conda/envs/dadi-cli/bin/dadi-cli InferDM --fs All.cc_ei.folded.downproj.fs --model sec_contact_asym_mig --cpus 32 --output-prefix All.cc_ei.folded.downproj.sec_contact_asym_mig --lbounds 1e-3 1e-3 0 0 0 0 --ubounds 2 2 5 5 10 10 --global-optimization --optimizations 100
# Log(likelihood)	nu1	nu2	m12	m21	T1	T2	theta
-5041.8065996232945	0.9158334808137122	1.3597896195495098	0.05529397475697381	0.17643512360678607	9.876730944368282	0.2784125461437545	2108.51894491373
-5041.79569404569	0.8323545674228858	1.2357072080039377	0.06085655778463641	0.1942856789949905	8.883505239116225	0.2530317127459734	2320.278562794587
-5041.790152678782	0.7655179877842058	1.1359369087117737	0.06606177271169637	0.21115179350335275	8.075985781741684	0.23271755668498362	2525.2830647802707
-5041.771031755404	0.7162592576089333	1.0645668957740348	0.07068795901267072	0.22552543676666936	7.507073734207909	0.21774138677767801	2695.219338558658
-5041.814235113798	0.8841094356194734	1.3140745040584112	0.05730885838878512	0.1824957086876856	9.493699780273932	0.2687688668212294	2184.332192735138
-5041.825504903626	0.9011532026689075	1.3407870890775848	0.05623978931973379	0.17917661635952248	9.721157568367468	0.2739484669070837	2139.696169847959
-5041.703125722096	0.5765972329286855	0.8561238980906748	0.08784476566829023	0.2802273065553558	5.8446970291034015	0.17531724894134407	3349.768827780887
-5041.81029571991	0.9210905209392701	1.3663833355184551	0.05496021157115063	0.17559096168302	9.937222321985278	0.28001129829695015	2097.1460929067243
-5041.800096106749	0.7915343145462784	1.172292749539392	0.06393270828607843	0.20445461411971771	8.384653400547986	0.24062576469828945	2443.3968132828754
-5041.803144789188	0.896346781495065	1.330745373393967	0.05648891162761683	0.1802954937958095	9.639899274931054	0.27253714173117943	2154.999177999417
-5041.807938837616	0.9157725980194983	1.3588002824096996	0.05529883599512439	0.17659883227164433	9.873846205461419	0.27839406921086746	2109.232853969386
-5041.8001554657285	0.8724225539308128	1.2951673599200395	0.058050478435736436	0.1852376181421939	9.356305510363216	0.265271316781745	2214.068987109808
-5041.773619701988	0.733849832575969	1.0899678812689892	0.0690182143041762	0.2201500021950926	7.712684617265492	0.22312779900743523	2631.6007604742026
-5041.777558138275	0.7494184574293972	1.1122164005459012	0.06754771968941777	0.21571801254544143	7.894932130670958	0.2278713576330982	2577.84319659499
-5041.8081996944065	0.9262362706903204	1.3759805273017833	0.054654362093512245	0.17440710239852886	9.995017870161265	0.2815751291303588	2085.1155542262513
-5041.763389683068	0.7028318603505695	1.04330118332157	0.0720607236061924	0.22999868892381453	7.341676239225281	0.21365898346020368	2748.6284047014788
-5041.759673445872	0.6896362013658567	1.0241844480052391	0.073416625431815	0.2343689813280088	7.186200105921484	0.20964893734981366	2800.68714248888
-5041.806604448191	0.919596851498732	1.365028370770774	0.055031605592177416	0.17579446238209726	9.912925861378804	0.27955174433567914	2100.9292499269436
-5043.264766128473	0.9272130104317774	1.402712068235156	0.05450709847474679	0.17109894268344342	10.0	0.28557602677034327	2073.9313166813095
-5041.806516336683	0.9216328534575835	1.368602939465407	0.05493313133397576	0.17533347692635556	9.93994144135879	0.28022545478274963	2095.7695740660956
-5042.94019975877	0.9279376726001808	1.3994232989066429	0.05440954277256938	0.17130866017685925	10.0	0.2858030168018679	2074.8106122652725
-5041.795758539532	0.8439073916632284	1.2529734793699872	0.06000172849606207	0.1914944894603021	9.017969495064477	0.256593126926196	2288.7981872114697
-5041.733229227513	0.6270436293839773	0.93090576945855	0.08075152156106565	0.2577236640417811	6.442876734282998	0.19065257671213054	3080.5558382410895
-5041.787771151451	0.7834419820600803	1.1642259873267138	0.06463044596869948	0.206146826409414	8.300908674275751	0.2381660223143202	2464.809271649961
-5041.80697820222	0.9189568674508314	1.364843936195034	0.055127140707225554	0.17583410281205766	9.913019531469438	0.27940960228596573	2101.274793872998
-5043.441786014486	0.9275606475083119	1.4043402608011601	0.05447161484758031	0.17096175758889534	10.0	0.28568710786397744	2073.1791086933817
-5041.797532507699	0.848400918058787	1.2593841265675927	0.059701820886738796	0.19056380417047192	9.075046400709253	0.25791365714182973	2276.3326119231515
-5041.791974685609	0.7872865684195323	1.1669985195223456	0.06425910427969621	0.20548669505068257	8.339227954723789	0.23933542675649883	2455.3485470673386
-5041.805842840589	0.918381571075992	1.3634798057683375	0.05514094273469595	0.17597188275301154	9.902539804257746	0.27923376797787297	2103.173106137549
-5287.728933868243	0.9784520606204675	1.752898842715011	0.05061322400487947	0.14059582975565946	9.9953566852627	0.32542335821485985	1931.3968746467158
-5041.79875224195	0.855278372178634	1.2700746367065618	0.059172500712213784	0.18893819179655102	9.15649326399314	0.2600559592043426	2257.8376786043245
-5041.876136011924	0.9269124132423661	1.381396257066487	0.05464973405772323	0.17394858039515096	9.999855480520816	0.28178134717133924	2082.299353244598
-5042.060222624042	0.9268645444069497	1.3861848886259511	0.05465291364335422	0.17325458363334054	10.0	0.2819637007494107	2080.5122150747447
-5046.192358597947	0.9305394689253644	1.4226046188579082	0.0544216024816317	0.16962830656839759	10.0	0.286514475817296	2065.201048930217
-5042.23093494584	0.9260834642352695	1.3855432912493417	0.05470409257686297	0.1735559458175846	9.96536372346955	0.28156681377456305	2084.7553026166997
-5055.848292825594	0.9816786729630546	1.4163892740283957	0.052719280686029144	0.17232950224385046	10.0	0.2845624157382392	2046.6407685796582
-5564.423832367895	0.9381655991309136	1.947606566398855	0.054962926529937686	0.1287040576591177	10.0	0.3301146666358731	1884.6937522395713
-5041.823469945437	0.9258069337197526	1.373802817036492	0.054604405404570046	0.17485466749850848	9.982539130336837	0.28143339964798353	2087.435148119167
-5047.9521171710785	0.9239883360034262	1.4283262295032568	0.05401190588225844	0.16691766679953354	9.994634476371703	0.2909756068323171	2065.9341689473067
-5041.742600841796	0.6386368754157961	0.9474894996303135	0.0792034831629043	0.25329275039753085	6.578558290412777	0.1941455982999903	3025.5675416093986
-5041.813835738118	0.9218954804946329	1.370232296164333	0.05493134841773781	0.17518515680663024	9.940953995084417	0.2803102445348759	2094.931533490368
-5041.805761049267	0.9179014462880182	1.3627628958699067	0.05516666708612908	0.1760745778068932	9.896591189002168	0.27909429394558966	2104.3000005202016
-5041.805946037366	0.9185377571936757	1.3634076953950582	0.055128195284957465	0.1759681477421239	9.901790711406983	0.279282262790176	2103.208069191234
-5041.8058446191235	0.9118018262222005	1.3529911309408325	0.05552319557871024	0.1772615239688868	9.817564814899445	0.27718740765832556	2119.376427668137
-5041.801051503885	0.8540939293198812	1.2685696172563359	0.0592190616930497	0.18918003365404046	9.14017569597814	0.25970794740121145	2261.1343466036956
-5041.806418835433	0.9108426015903619	1.3518110638331189	0.05556358104647015	0.1774798446842678	9.805177658241297	0.27689546807517923	2121.625440373528
-5041.807906410499	0.8640689430845933	1.2826128754402277	0.058593244988727124	0.18714697405115885	9.26825755157452	0.26267690308664876	2234.20810415918
-5225.380729363471	0.9801062662935098	1.6880991361009021	0.051018572208461906	0.1484691432614355	10.000000000000002	0.3242129438768084	1951.2776686760799
-5041.8060603662	0.9204339806031591	1.366348598629364	0.05500678083138024	0.1755934117132617	9.92512749523301	0.27986179421527796	2098.7387855242127
-5041.804922255187	0.9065487206967918	1.3457346401832644	0.055837430330749165	0.1782661482792945	9.758462958017171	0.2756386709833151	2131.087595495345
-5041.770247390728	0.7225660734325401	1.072762553853082	0.07010032046014117	0.22363454470060498	7.578798341888568	0.2196997378475808	2672.9499415775244
-5041.80690176851	0.9187844963369187	1.3649341351247843	0.05513831812822055	0.17583650868568593	9.911206098819605	0.27930934448757405	2101.521220250983
-5041.786484683163	0.7888750872663233	1.1714301157798725	0.06421458339550697	0.20481436958019839	8.365971757689907	0.2398600649540823	2448.1875039562983
-5041.695977112766	0.567287330226353	0.8422609916597082	0.08925340002139391	0.2848550735168827	5.733991903967304	0.17248738571282216	3404.8276346278
-5041.80688177347	0.9242925511194239	1.372601598364852	0.054792344925928986	0.1747922335692892	9.974419030134223	0.28098006400647396	2089.4217724469418
-5041.808090183617	0.9266300031886802	1.3764888765956869	0.05463773626525226	0.1743541109368821	9.999971877639755	0.2817456038549947	2084.220656575115
-5041.748933567444	0.6589307670791418	0.9787897648582377	0.0768362861959453	0.245192915972849	6.822467064180647	0.20035116404322034	2930.8666875258073
-5041.811085019905	0.9229621821181255	1.372068049455042	0.05486216829396812	0.17501041225149105	9.96098391799604	0.28057794641499395	2091.6471045617664
-5044.252530237407	0.9056769668528986	1.3759445366433074	0.0558170518363174	0.17466744532769202	9.728287544623978	0.2789839584876165	2122.7766568599623
-5041.873053098389	0.9267311135691937	1.3805790042566242	0.054670820720434124	0.1740000019158743	9.994148497690828	0.281769911654424	2083.274921560445
-5041.756807678424	0.6705299531300186	0.9946872706258406	0.0754662330168166	0.2409850501502343	6.955048955804912	0.20388758678812988	2882.1343971814917
-5041.806614733505	0.924944288660923	1.3731588229650853	0.054749343844204955	0.17474482686822487	9.98032498315313	0.2812304804302046	2088.2878662683233
-5042.011933534927	0.9280812938933425	1.3856023715976897	0.054560448083144676	0.17352070977103082	10.0	0.2821366220716787	2080.2047466607446
-5041.785679539875	0.7879463947956091	1.1697770619095564	0.06426186251730746	0.20509923232503283	8.353617863946031	0.23957631508026242	2451.4067483258887
-5044.228101760656	0.9286422692552533	1.4106147199369468	0.05442298923569042	0.17038017373026268	10.0	0.28601760563962264	2070.401256477265
-5051.190240322186	0.9190798864293073	1.4382385568692748	0.05466606615834981	0.1697498485159435	10.0	0.28894743937705253	2064.05842476598
-5046.528340283303	0.9332316592370464	1.4185480353794067	0.05454369049533659	0.16886691203557008	10.0	0.29227800995536135	2064.9779146225274
-5041.808014254858	0.9267238528262546	1.3764756496982764	0.054643682089851625	0.17431979871761039	9.999972292020132	0.28177550525928374	2084.1822185994924
-5041.80631566601	0.9166212453432482	1.3604285788969996	0.05523624131733337	0.17635745670708694	9.882290961231337	0.2787023485319746	2107.3072121132
-5386.972804101855	0.9532311483964718	1.809807858324217	0.05544506192690103	0.14655492163734157	9.917585525071448	0.288473246100972	1932.8069072529452
-5041.813607957454	0.9238908472591569	1.3731701922811972	0.05476684636715066	0.1748526852045621	9.967416702582875	0.2809305101514318	2090.122210823473
-5042.077927170286	0.9282945102282957	1.387068698366342	0.05454115357609921	0.17336322715678815	10.0	0.28231098407330724	2079.5519939454884
-5041.753573755266	0.6733453872278202	0.9995620091247897	0.07520230581267971	0.24001735800433976	6.992133506181696	0.2047328392640628	2868.8671767921473
-5057.808172257152	0.9247963023541064	1.464808035440458	0.05448428332776024	0.16424720141357024	10.0	0.2948258874912358	2051.511273728467
-5055.384901372132	0.9370706557778341	1.4585471982807225	0.05408603017988086	0.16517684045193945	10.0	0.29182517276862685	2049.0300514261185
