# /home/maycon/.conda/envs/dadi-cli/bin/dadi-cli InferDM --fs All.cm_lo.folded.downproj.fs --model sec_contact_sym_mig --cpus 32 --output-prefix All.cm_lo.folded.downproj.sec_contact_sym_mig --lbounds 1e-3 1e-3 0 0 0 --ubounds 2 2 5 10 10 --global-optimization --optimizations 100
# Log(likelihood)	nu1	nu2	m	T1	T2	theta
-2442.0170688458866	0.23706284657451807	0.020377065511880024	1.3547052414989773	0.7233715670689664	0.054711314984225205	23095.785958063447
-3785.4710548339467	0.09891044243329376	0.018821140838974737	1.2127926940452483	1.206368843610603	0.853654490201931	43815.49941257127
-3785.3549305791057	0.08477752382931981	0.016145177622574267	1.4152975498513871	0.7192983891534828	0.6792632866596946	51122.19737859523
-2421.7691136803933	0.23394122318325372	0.02243965362545529	1.291320764357014	0.6818712102427819	0.05734667387002612	23439.70545685534
-3785.469289070047	0.07455477391753675	0.014198908096644456	1.6087309209356213	0.6486881425647985	0.6360567855647042	57967.22425544121
-2334.774570197824	0.3302459959617364	0.0321342451040085	0.8492382711832734	1.2120916647295437	0.09127556005368884	17700.10385792034
-3785.32894019952	0.08462438550085381	0.016121716572649682	1.416268214320292	0.6990279603276061	0.6722800862988557	51172.38512100335
-3785.6014413629086	0.06511311362433186	0.012406734189683561	1.842303790182481	1.252150573077166	0.732993618207527	66492.37585410336
-3785.6261352859055	0.08344815328073765	0.015796692595590137	1.4356531839092919	1.0402886907105766	0.7714520018403406	52021.58853605903
-3785.566204310153	0.06133373693272979	0.011671515668254705	1.9556566869316228	0.5911394878024455	0.5863421331506057	70600.28283244385
-2674.4788087188176	0.15649746503186734	0.017434755324291715	1.5717080971559176	0.37411492859296563	0.04809984699955558	29249.962065345197
-2404.874125195502	0.24360867375542875	0.02605836418059606	1.1438604320565193	0.7490532706987315	0.0664261152424307	22516.040715896095
-3785.588587519309	0.07461217407792016	0.014204389071675046	1.6087310370651435	1.0345590058077079	0.7335248281117729	57955.14260783208
-2404.0871827027713	0.2548475742858741	0.022854435042767136	1.2153348282571264	0.7773343740915047	0.06217796828442776	22148.376030267995
-3785.6026368213475	0.10743666477117893	0.02048281217410073	1.1140431840976899	1.9743040943020986	1.0766637943657351	40395.142064218264
-3785.5853533696322	0.06297316214824783	0.011970810802519865	1.9043163224905968	0.9318410069873475	0.66634567809569	68830.69338160902
-3785.4838005586107	0.10240478504414222	0.019494011223660308	1.1714431066396103	1.311535984402437	0.8876851397855646	42224.667448467575
-3785.56988490147	0.056061554158978504	0.010670825687542865	2.1400675515472742	0.5407827223503098	0.5544153621703573	77156.78503332924
-3785.5758519653555	0.0877488004655441	0.016704225679488323	1.3659640395677093	1.4975396882171237	0.8906075490890974	49406.78594386048
-3785.55088452838	0.06527757281525609	0.01243399476181973	1.836847157685978	0.6981485189154654	0.6254821327914064	66332.5401194643
-3785.594403685205	0.05798317185166119	0.011032157145254828	2.0677635985481535	0.9419219660177419	0.6431794145950155	74737.53929804877
-3785.6058342941114	0.0524375717079195	0.009981981258096535	2.2852348857556577	1.2169959766387197	0.651067839380737	82630.21327058478
-3785.3211507384585	0.08457621922898785	0.016107794099974343	1.4201626600151254	0.6780700330560067	0.6610069886467143	51118.01328227657
-3785.598364269964	0.08178221824894673	0.015561240673946113	1.4669710400205453	1.9057431814737882	0.9330563618453683	52945.29843481577
-3785.6076562339967	0.06330790589776752	0.012047389421418772	1.895732732498879	1.0801544160383987	0.6916188194613385	68270.78067853082
-3785.623576036186	0.04534036834151005	0.008629466090673827	2.643913125334005	1.4165141382241166	0.6194924200239664	95494.28953654575
-3785.612525216272	0.0747555777227861	0.01422365242248414	1.6054138483490914	1.8694740222351873	0.8867050652913412	57990.05935214311
-3785.6095146262783	0.08675439184566501	0.01653732166975472	1.3808996967104168	2.0586802496803682	0.9867518260169813	49869.97981050983
-2330.005521701696	0.3466218523608218	0.03422345219282941	0.7994778690608504	1.3045606800998333	0.09703920134961312	16957.398411023743
-3785.54316669319	0.07234295467604346	0.01375557249040151	1.659147266919124	0.8101259879586653	0.6749609470331812	59860.00425532209
-3785.626630932345	0.08127210161560015	0.01549206541516797	1.4736027848699986	2.9810610508477735	1.077011762388738	53363.98216415765
-3785.6335578676544	0.0780500350590727	0.014816389246788467	1.5361100748785055	2.6070524731829106	1.0089391800334235	55619.97575418852
-3785.623065951989	0.08813406640023985	0.01676095242358001	1.3642509763685178	1.0906142558172733	0.7840822027444495	48891.96113561582
-3785.550990419147	0.0698519773225375	0.013290832620218082	1.7152318793969648	0.7887701201566523	0.6634272152103722	62003.91900959148
-3785.511894693987	0.07793462117392629	0.014871296433546673	1.5385578452478494	0.7872970076068395	0.6837248890303291	55468.4819472084
-3785.6370465931373	0.08172141924126536	0.015541248481866726	1.469472364493135	3.154978021380894	1.092240071381523	52937.71774732701
-3785.4491713084817	0.07861339605638806	0.014950077523037479	1.52620294557698	0.7212341263538006	0.6679126687530632	55087.5506976555
-3785.2343149717763	0.06660489850711654	0.012650530932989434	1.8018260163840185	0.27105523101817774	0.5061757629703815	65026.23189939036
-3785.590493629061	0.09351439011495566	0.017775772572418906	1.2810034249323903	1.5570845189552311	0.9296039452762144	46433.60515174799
-3785.651102224883	0.09051509600296083	0.017188608933869823	1.322816536135549	2.3307793841548055	1.0583452770696458	48003.761065052444
-3785.517825013966	0.0801480258121274	0.015222192461538978	1.4954158732972938	0.8762855973115685	0.7167862841621601	54070.41674481085
-3783.051766316985	0.11450569929968561	0.021764542537084552	1.051825859887553	0.7387385405786614	0.6686095847002459	37596.7530466179
-3785.6609919793773	0.09106041983720191	0.017385083513067563	1.3185689237101754	1.445057529191522	0.8815662838615403	47324.4669870814
-2445.7923060677062	0.21730391921128941	0.02086357517511396	1.346812161714924	0.612115521942127	0.05471691470052303	24563.52847765892
-3785.623457814407	0.04227542047105996	0.008050124669184368	2.8349565283414218	1.079118313864228	0.5589409395185088	102349.73942684695
-3785.6022273024664	0.0674626107076833	0.012849138974008313	1.776574119701939	1.6050915290723087	0.8035363596787164	64238.61390461961
-2331.805011135443	0.339719115085862	0.03318682594832062	0.8201340833472172	1.277844489609651	0.09510492335178558	17202.83814870307
-3785.613954809863	0.06052928622451362	0.011519608400438499	1.9804418027889708	2.4589944412793323	0.8503801554654202	71581.65497169645
-2745.0536006269804	0.17256631545707174	0.012547075341893909	2.157147835918702	0.43919733453026427	0.032475365435905075	28122.913829735004
-3785.6049931821144	0.08041121733097398	0.015305271485041185	1.4910552793625842	2.130521105328233	0.9614791443500488	53916.178344294145
-2435.5395178960143	0.22101664342387314	0.022293879161352517	1.2909427773212439	0.6205335634726935	0.05744961562555365	24322.460194728857
-3785.6005586650463	0.07971855778410113	0.015188651885339542	1.504078639267497	1.8667541732079478	0.9158196574213214	54317.33700059209
-3785.6218351333405	0.0775000658412272	0.014766479892030426	1.5459014643223208	2.5096564245146142	0.9929054331344298	55947.23564942801
-3785.6191447097017	0.045686306692777436	0.008702271115006582	2.6253091946585965	1.5145145945586578	0.6310906535434853	94687.33848469413
-3785.6099136254434	0.06261477699846818	0.011919543104073728	1.9142881441229904	1.5188755760472874	0.7604725961122698	69240.79715020217
-3783.208290139662	0.08443533800490556	0.016027873797740882	1.426543007194592	0.25825506534389847	0.4839155112513445	51004.046709885886
-3785.6305185422425	0.05731123795389022	0.010883901952757897	2.0934344311629256	1.8024853543357928	0.7546931419342037	75492.8727481358
-3785.5636765092404	0.07965916306789252	0.015154735140239968	1.5056399067417945	1.102343752109141	0.7684680333768183	54299.46873952773
-3782.0675594686813	0.10974984094030531	0.020803716222463187	1.0998857559419524	0.6076872163280193	0.6016457450131218	39067.04085665018
-3785.6389442097934	0.07630283787678796	0.014498363259018947	1.5691951666310033	2.2929912828565873	0.9596200928501457	56909.57572508318
-3785.5945256663085	0.11244544247854525	0.02143140646809236	1.0671452561896393	2.3649702156059416	1.1697301560450224	38482.742847051224
-3785.602104777515	0.10849144838492343	0.020628578513863634	1.1057992768203389	2.569177348740853	1.1878789893538226	39869.7823641245
-3785.629111828818	0.046356868179980616	0.008833434297124841	2.5893763422674807	1.156029972415373	0.597247317450717	93282.98411014916
-3785.616872075312	0.04968739287650624	0.009452930377416548	2.414479864793478	1.3881086145260042	0.6495691530917138	87050.37537339651
-3785.6322434593203	0.04714764580858208	0.008987631398782088	2.5445338449396226	2.0084244676506473	0.6891380529120277	91856.19048592521
-3785.5702596484043	0.12566207459444204	0.023935392760510234	0.9544482010921491	2.4530749342542486	1.246367902356675	34473.80177142212
-3785.6040713999446	0.05457194118149012	0.010392546872425476	2.1973328853713534	1.176445426096701	0.6594296106515205	79409.28974204914
-3785.6004494937933	0.08068335841761838	0.01534556710730086	1.488010210681276	1.279489787721772	0.8095181276882426	53573.189846234825
-2426.6443348372436	0.23323223597627635	0.022003561216543368	1.3174825648486903	0.6992692243139859	0.05612048351000377	23329.846548643938
-3785.62159746079	0.06427495072997945	0.012215251157840034	1.8663042752752428	1.619651340119256	0.7818296351024654	67289.94980637796
-3785.62191847061	0.06284834212623841	0.011955223081931933	1.9079633840996837	3.2191532973910655	0.9367653249143466	68974.39318517137
-3785.6341890261992	0.06664147581552451	0.01268013406905101	1.799087492700262	4.842463034422308	1.086689316771399	65081.575955571076
-3785.609586053086	0.07352821647054025	0.013991923058940049	1.6305103072409746	2.6214026880003862	0.9741769089296224	58937.5199950437
-3785.6199115894633	0.042754154215596606	0.008128333332451557	2.804487834835425	1.3820108380597147	0.5938908895960777	101239.36878593273
-3785.6333525414684	0.045787744068732074	0.00872152708903457	2.6194318007244575	3.2368160878258436	0.7581120721887279	94598.79651110698
