# /home/maycon/.conda/envs/dadi-cli/bin/dadi-cli InferDM --fs All.ei_lo.folded.downproj.fs --model asym_mig --cpus 32 --output-prefix All.ei_lo.folded.downproj.asym_mig --lbounds 1e-3 1e-3 0 0 0 --ubounds 2 2 10 5 5 --global-optimization --optimizations 100
# Log(likelihood)	nu1	nu2	m12	m21	T	theta
-4006.8339271269483	0.0794651884190285	0.021834254923667435	0.6691097053186779	2.5103371849708283	0.6236693796035245	39539.87733042949
-4005.0750877267956	0.08040527180086468	0.021868638648205638	0.6618853247212534	2.516969063343294	0.611536057851514	39093.33041780477
-4009.005254786827	0.09348581099492335	0.02638443174872284	0.5720425699499406	2.0479043165742192	0.6731219548465546	33701.61228958901
-4001.061341394265	0.050510149434825534	0.013426607813490385	1.0531214505641324	4.136122388645068	0.5048973875577166	62105.086063447045
-4099.168415107719	0.040185727807490655	0.013617480901051032	1.31846187732543	3.5575682327374247	2.3893150234724856	81987.75231718301
-4003.4353875939105	0.054743004180763236	0.014492107063291487	0.9673129563714492	3.836939826012348	0.5195140484939751	57326.07865134331
-4099.227717383754	0.04539988520457897	0.01540589442785932	1.1677000016063024	3.1430716294003185	2.9216333187719754	72518.9486412231
-4099.052376648995	0.0584467508524027	0.019835086378311127	0.9072421552577437	2.4414933248764803	3.2259022688893695	56328.15144265749
-4099.085874892392	0.037421306868536404	0.012715193302311134	1.4180595700749061	3.803830890031924	3.4114879500695485	87901.42408273133
-4098.98227762795	0.031157728425773017	0.010560464144504055	1.7017286072444977	4.580596312817276	2.682021805859242	105692.34800384109
-4098.537417434437	0.03787104569660915	0.012866268312211217	1.4015412480271061	3.762482684435201	1.8806909995701133	86854.82017408649
-4099.733676302642	0.036420860529881804	0.012358214808811066	1.454106357928865	3.9209608257999014	2.0176544903397673	90402.20758577708
-4098.873906601587	0.028759439213971297	0.009770724516334376	1.8456508677697807	4.95	2.7830555611141072	114384.58312099378
-4099.355193077188	0.029310793243617756	0.009939295245070113	1.8080235783296779	4.865719360488799	1.5924350121752884	112283.38129210436
-4101.0064020473665	0.028557699965084695	0.009680696151430404	1.8560127430837419	4.95	1.843012407717177	114915.57452303646
-5351.746284504543	0.008490861264825938	0.006292185527613323	9.862306656404455	4.95	0.7151450639144787	278383.75774965866
-4099.321053622083	0.03317166314516491	0.011259481344862366	1.5982582820495594	4.298945457771508	4.059719378472716	99229.42949040682
-4099.249236824696	0.03453851045268259	0.01173301884153403	1.5357094936840188	4.124686021860058	3.3151857154022863	95264.02353965922
-4098.655720747599	0.036967486198176504	0.012558362468150938	1.4361583868762335	3.85259578823055	4.814526647989707	89003.31038382622
-4212.990709388575	0.02073702727523216	0.008823483949476527	3.0195277356658234	4.95	4.95	141308.50455994264
-5158.756660986267	0.009628264278054627	0.006600989033753188	8.40466451161617	4.95	4.312571973083895	251000.01737793334
-4165.037564635738	0.022894143856558927	0.008982971615962853	2.6027704608479847	4.95	0.7791529626032447	129689.8365421609
-4199.391775829729	0.44915674127583854	0.1736015159817718	0.11915181063177598	0.26858044328362296	4.95	7420.414930057944
-4295.6963318782655	0.019649741377267216	0.008804874586967767	3.0261858182144947	4.95	2.1408486854904423	144486.54225265564
-4617.395171877861	0.014230958117222364	0.007650929860814446	5.20599939782112	4.95	4.95	186112.2622923707
