# /home/maycon/.conda/envs/dadi-cli/bin/dadi-cli InferDM --fs All.ei_lo.folded.downproj.fs --model sec_contact_sym_mig --cpus 32 --output-prefix All.ei_lo.folded.downproj.sec_contact_sym_mig --lbounds 1e-3 1e-3 0 0 0 --ubounds 2 2 5 10 10 --global-optimization --optimizations 100
# Log(likelihood)	nu1	nu2	m	T1	T2	theta
-4484.143197942325	1.041053317074663	0.5403879460793353	0.06908106594958609	6.728849666689372	3.6252254413861134	2716.8975390232777
-4484.143197942325	1.041053317074663	0.5403879460793353	0.06908106594958609	6.728849666689372	3.6252254413861134	2716.8975390232777
-4484.143197942325	1.041053317074663	0.5403879460793353	0.06908106594958609	6.728849666689372	3.6252254413861134	2716.8975390232777
-4568.677773225931	0.06972251544308572	0.03766033991793319	1.0568991913859096	4.0995632947385205	4.191580160393879	38242.725920897414
-4565.667667726771	0.058660339679442786	0.03160102654489212	1.255157445653385	3.659924529687252	8.020216802900803	45548.78177166669
-4566.4934801437685	0.048772221570329954	0.02633209278922863	1.5087488703709582	3.4154556987675724	4.936195121095808	54749.74015846769
-4568.442214422992	0.04141865258089784	0.022426083380924732	1.7734543089468864	4.390955727093287	3.596247891154696	64381.04900270171
-4566.838302579992	0.03822516674603542	0.020647177871410433	1.9242603777968936	3.033528221879408	4.893380509394109	69838.83445258367
-4566.015020365717	0.054127972679028837	0.029226175666222667	1.360435498400068	6.832053916571507	7.512297949973726	49349.26870458701
-4566.884854885219	0.05439042581197387	0.029393223326787444	1.3524661513635627	5.341164621970015	6.249471548157533	49080.4591771737
-4566.452163885017	0.05409143015708444	0.029195911208526465	1.3616739670200046	8.242923739197657	4.2606192492729775	49368.18824921939
-4566.703727837608	0.058368556844367016	0.0315157948926335	1.2602998926693723	9.348573866408826	7.402303564919501	45741.45002164414
-4567.411927084425	0.03674500197630325	0.019872280239036283	2.0008138699111147	4.014727314480175	9.33766552312517	72622.25827753075
-4567.290316515277	0.07208484562879575	0.03890379583136917	1.020732008565459	7.894398219599914	5.374640927650794	37023.617438035704
-4567.008780887732	0.038797908123092154	0.02095290318952449	1.8953240218624612	5.162065362328686	8.416366346590765	68800.55821190019
-4567.199898627038	0.03395754761461362	0.018309646442922732	2.172625010277392	6.593249113899075	2.3821493636489115	78604.39774149274
-4567.462866629511	0.031588483304011275	0.017058764008460032	2.3290097258206393	4.1149751961909224	2.4338062600204093	84476.47984870817
-4567.904354011474	0.03061209598925395	0.01653837037892029	2.399320505695752	4.55749853042312	3.2626248832394507	87143.07227245142
-4566.746997080616	0.024418620636472446	0.013184387124683044	3.012315829173532	3.6708185204055286	3.393290066977778	109333.86235475959
-4565.982783047536	0.023588177740854532	0.012723255109766822	3.1209878474069144	3.523714881520047	8.548755786100429	113245.10851729383
-4566.0828918779725	0.027321573090677995	0.01473839628686712	2.694763390717688	6.169251869757677	2.5752633178262343	97764.32544073802
-4566.648638812584	0.018867281842955653	0.010183283822706689	3.8988208553582497	4.465560114159542	3.67412974752051	141514.32373458956
-4566.6079671905145	0.017760270397120376	0.009586531454417182	4.142136638176189	7.745247766169605	3.062857749695423	150338.41343134604
-4570.520164571149	0.014785013513418875	0.007987442798132561	4.95	7.604338787703519	4.970043230715694	180122.51286033
-4566.319160209583	0.018924114960504793	0.01021015918501	3.888557109799086	9.469147791380784	2.826334600777562	141121.97819791536
