# /home/maycon/.conda/envs/dadi-cli/bin/dadi-cli InferDM --fs All.ei_cm.folded.downproj.fs --model sec_contact_asym_mig --cpus 32 --output-prefix All.ei_cm.folded.downproj.sec_contact_asym_mig --lbounds 1e-3 1e-3 0 0 0 0 --ubounds 2 2 5 5 10 10 --global-optimization --optimizations 100
# Log(likelihood)	nu1	nu2	m12	m21	T1	T2	theta
-4691.2991256356945	0.40730755965063803	0.7590888493958955	0.07423145410987472	0.4404639290792447	3.855923822259102	0.18541449026028095	8276.781793839322
-4717.932559192713	0.419053931144456	0.7636247009035283	0.06805478771440379	0.397764388794793	3.820175823179271	0.2035892074353623	8241.830581165294
-4700.732312904525	0.4155797916211434	0.7561420403781571	0.06922309670231189	0.4247619206280947	3.8159221695758503	0.19324723455629164	8286.068671577124
-4690.918374020055	0.40728852831593215	0.7593770457967259	0.07300604456750104	0.4403785026730312	3.8591995646328376	0.1847850927829545	8273.555975182946
-4766.402307547255	0.4164935176196182	0.7653738966024491	0.06943685991066854	0.35874968983047634	3.8233724579285484	0.22624191710516295	8220.168844216472
-4716.019063928525	0.41564162532869375	0.7599320158336655	0.06717846975944694	0.40000133859846215	3.829320391447324	0.20381338266061202	8252.7676521885
-4748.207838784592	0.42519306067303836	0.767497891548637	0.06444209220684419	0.3826393999011314	3.810754561017862	0.20684714207534377	8217.196946470667
-4780.477478201372	0.41093562592168187	0.7707575321402345	0.06810137032886292	0.3490965703844985	3.828315009687069	0.2362246416200226	8214.332722890264
-4785.6719296581905	0.409311765059013	0.7720335305505291	0.06761824381347285	0.34663364018132964	3.8287564093100834	0.2383626973207468	8214.991616355755
-4916.567336876064	0.3737614678518407	0.7876053364297977	0.06869997074815636	0.32069031893190747	3.899404410157313	0.27372819583348984	8205.29543272901
-4735.455336621746	0.4218514192676788	0.7676832384499758	0.06574149894138312	0.38500261173364986	3.814465857119683	0.21325462314629792	8219.57813607394
-4760.262756951208	0.42005438108069143	0.7732607541616386	0.06434907060348512	0.3656316103817482	3.8219072136862047	0.22320570817287858	8196.448339104218
-4735.455336621746	0.4218514192676788	0.7676832384499758	0.06574149894138312	0.38500261173364986	3.814465857119683	0.21325462314629792	8219.57813607394
-4799.237887911277	0.4105232332428771	0.753795668677364	0.06963993385354245	0.3459139146113067	3.821018214918779	0.24644684209186815	8248.991216741884
-4750.382012588146	0.42519257606041344	0.7674431055030562	0.064213672895388	0.3825638310600964	3.8107287121604703	0.20603105545084796	8218.058226009533
-4750.382012588146	0.42519257606041344	0.7674431055030562	0.064213672895388	0.3825638310600964	3.8107287121604703	0.20603105545084796	8218.058226009533
-5460.977635324372	0.3675380326250856	0.8913546608109091	0.10836306725988233	0.3321121262507887	4.098291755005462	0.16797361431498453	7911.563892771812
-5460.977635324372	0.3675380326250856	0.8913546608109091	0.10836306725988233	0.3321121262507887	4.098291755005462	0.16797361431498453	7911.563892771812
-4795.698077757809	0.41171607380229747	0.7540681406086838	0.06772319938567714	0.34767328874264947	3.829600089552994	0.24857345772226586	8233.90695045034
-6653.297075622785	0.01669542824826681	0.026107578978096423	1.119934712154493	4.95	3.6583420997649907	1.0255900364983226	182401.1656390812
-6670.718062499591	0.015562333265633383	0.02537821702392302	1.2014826809617445	4.95	0.6288846088129266	9.9	197338.69781848972
-6675.649653436775	0.01575265002979215	0.025539682885660154	1.169167397939162	4.95	7.99158554415819	4.1693586758357695	196085.4884364653
-4794.549676623751	0.4053273646750802	0.7679486517905229	0.06649233680324727	0.3448920178641147	3.8324236563303202	0.24455184376903213	8228.65152676611
-6673.3306782265745	0.015865084888519884	0.025268328679432774	1.1615865646758392	4.95	5.970038636154516	9.9	196211.24665663711
-4750.382012588146	0.42519257606041344	0.7674431055030562	0.064213672895388	0.3825638310600964	3.8107287121604703	0.20603105545084796	8218.058226009533
