# /home/maycon/.conda/envs/dadi-cli/bin/dadi-cli InferDM --fs All.cc_cm.folded.downproj.fs --model sec_contact_sym_mig --cpus 16 --output-prefix All.cc_cm.folded.downproj.sec_contact_sym_mig --lbounds 1e-3 1e-3 0 0 0 --ubounds 2 2 5 10 10 --global-optimization --optimizations 100
# Log(likelihood)	nu1	nu2	m	T1	T2	theta
-7189.6390019362025	0.015185273521171537	0.08704996291932926	1.1750318435226692	2.9265826369161703	7.956236474778303	71326.70908253995
-7189.654605428911	0.014047905663481358	0.08073672934042571	1.2700881395199914	5.924927952306575	6.354771040649184	77024.28114829236
-7189.757866054453	0.01142866530789712	0.06532693073352691	1.567104126104075	1.2068051912409423	9.90668932947472	95056.19688886392
-7189.734411876199	0.013727065812081022	0.07869628895106237	1.2988028329566055	3.5346323928816576	5.865251143370192	78868.21495828996
-7189.639088441928	0.013400512005348158	0.07698150868951419	1.3317389673642548	3.680584937886353	6.152767784651966	80768.31386683616
-7189.647281458884	0.012414317470984744	0.07144659992919047	1.433534749302399	3.6231764916810487	9.901961034946812	87000.6278609741
-7189.74476242874	0.01127879937756229	0.06468980387001005	1.5770433466807556	5.265653588600019	4.146721432777795	95847.11802225818
-7189.3851943640375	0.016661681811213927	0.09576438822245115	1.0663993286255946	4.610352375140035	4.713727460337108	64743.09928914025
-7190.165472580339	0.019682058821835886	0.11433053818656638	0.8982509832991821	5.855164881635265	9.91385816578632	54498.73169038383
-7189.782837207585	0.010940184912258065	0.06261114455452926	1.6374648306413224	5.98989699747906	9.919950790773166	99266.94771091113
-7188.473903343093	0.012035056109575643	0.06878609893172132	1.4855925357687565	3.0005510463107408	2.9166274031817223	89915.26056566922
-7180.815859277525	0.008577491769489213	0.0490554648766173	2.134444576398931	5.262436389078646	1.5549645391897253	122613.74110980707
-7189.68357502014	0.014166960962639663	0.08108936315831773	1.2616036188302162	3.4227356224709555	7.346083686585374	76562.98387595914
-7189.908135705785	0.011452097969355772	0.06573775973839387	1.5642323337367898	6.678930211030493	6.08766399752254	94721.29093351064
-7189.842840602376	0.017763506513255648	0.10177805628638362	1.0090367852488402	4.948602753969122	9.900104979803682	61127.27498562684
-7189.945173301985	0.006475477048165276	0.03751569421388143	2.7371070007595537	3.186977932765763	9.900280667728577	166027.89883674003
-7189.845275374083	0.015487712877890449	0.08853544207897583	1.1584588298008958	3.796471089269421	6.993140690806037	70205.50195347532
-7189.718806199964	0.012842624089340364	0.0734781336842151	1.3941668848273228	3.4856276468758156	6.5445526511233565	84548.21113875623
-7189.84462742075	0.02045218855600597	0.11654511444588948	0.8750372294162178	2.9715057252141888	6.53333406956443	53150.945869108
-7190.534429000861	0.018778944111283617	0.10633623747802746	0.9603710527932544	2.929891846124755	8.49507170174131	58262.05116089919
-7189.961090949107	0.0227256138341893	0.13237292582434	0.7768476175628843	4.421306338211555	5.992388042251415	47061.54778769291
-7189.76537751434	0.015011252332966995	0.08632248462978627	1.189501457374319	6.386504273302249	9.826908898113853	72094.87814700128
-7189.677673601788	0.011051667025446354	0.06333454426884899	1.618395718186851	7.35482639847627	9.274429384347597	98136.45022093596
-7189.649910090912	0.008771721435337115	0.05041763876232528	2.0310603275052834	3.4310222718836414	9.91552059264451	123258.27208561044
-7189.707936806269	0.0201230072530079	0.11499468159853934	0.8889384895029412	6.149481547047321	8.142739664553934	53956.71168200424
-7189.635707755809	0.007044816365611492	0.04052226330728357	2.5291573329051893	4.7533641421420025	7.645994725033848	153436.1247620658
-7189.8236396853745	0.013685431360315699	0.07860579190220018	1.3047141983674597	3.644604421238111	6.48093432736801	79113.5622905652
-7189.75799643988	0.011422354118223158	0.06546240352428626	1.5642380138396672	9.033801409403122	3.9928048210352305	94870.94179233229
-7189.951221169438	0.014260498935957861	0.08116547095166542	1.2591919999127996	5.874852959141232	7.008696626427963	76404.77762753495
-7188.289878879642	0.01707398744419826	0.09843217577738794	1.0418220640984046	8.904027698612037	4.4450457850003575	62993.0606453847
-7190.2363633556	0.012536903236065506	0.07165031697424451	1.4225535640576457	5.508562572561412	7.418296010261357	86471.42966543332
-7189.5258427188155	0.013493039570177988	0.07769162048337266	1.317691236995118	8.567715104479646	4.565670863269182	79964.12792440095
-7189.729361215097	0.017144920614426858	0.09877233872955647	1.039779729630931	5.8645755077872765	9.682906319226438	63026.847642463275
-7189.802811550322	0.00896149515971989	0.05177309639854579	1.9812060355755683	8.099948053384928	4.633490273847603	120202.4824131281
-7182.925376228757	0.022457025435451927	0.12838687566650178	0.822992155018132	3.3830912332276397	2.814593095316348	46340.429423001726
-7189.679529688097	0.0101829875782141	0.05843223630569006	1.7485114871914773	5.924699761718633	4.345246704657626	106206.79188914926
-7189.633595381994	0.01572509202982476	0.09021400696217848	1.134895664906023	7.403268509592943	8.635720780358982	68864.44667647535
-7189.736255046055	0.009699482893090729	0.05552621145875959	1.8401431463305349	2.977735925392369	4.289464041973265	111741.24141035911
-7189.914737887502	0.006875924937984911	0.03953039601764058	2.6021568037734757	7.132779564935916	4.84557662167489	157573.15105640478
-7189.675864027787	0.0067867176509226156	0.038991858566495195	2.6316515793747857	5.357795704891228	7.7255396265909	159537.84919376712
-7189.689406714562	0.01516137090742833	0.08711251085682127	1.1773007660659454	2.81108909232335	8.147117168977717	71390.48215924685
-7189.630549104879	0.014439406879181113	0.08287580285341573	1.2343243796739978	9.548314518692342	7.9479153883242954	74932.8037200324
-7190.245981162705	0.01057501572769877	0.06007953703896001	1.694124200049417	3.473450089878886	4.773269670155109	102980.93956975045
-7189.63044121862	0.009151437272698602	0.052509768947932606	1.9506984548984656	9.737605751953552	9.880187044135333	118342.15853684161
-7190.0663713158065	0.012233264523602752	0.07024166687750973	1.4659984182810064	3.9020034416453355	4.977473566388589	88712.69448486174
-7189.654493658547	0.009272575924488232	0.05316442796427337	1.923988391717569	9.897049404438182	9.884494633064325	116791.41552124463
-7190.013225255434	0.012276118092687985	0.07077258491769697	1.4555120647166055	6.372376300522396	8.133667754130752	88104.29526002196
-7190.159218861654	0.00837806037576284	0.04831647096239376	2.1140092067402687	4.187037540932329	8.880979631950765	128498.93795871618
-7189.022450594095	0.020442448383166795	0.11722109377380596	0.8738747706505156	4.2482676767292356	5.2813534903095585	52936.201497755625
-7189.707740524972	0.011435927673612345	0.06555451948150426	1.5585415559993603	4.2727887542102065	5.727345112238966	94658.85991284871
-7190.252311739385	0.009465928566444771	0.05502733866074288	1.8694171734640839	7.198576997467561	6.144639788885445	113338.53877415224
-7190.349249102531	0.016346455606808218	0.09414518525592505	1.0959682006314582	5.567099812154846	9.589422403760405	66279.9521844831
-7189.724808829103	0.01510888032769008	0.08707685623631667	1.1795314875669491	5.236920130208639	5.060755882224557	71482.81773410572
-7189.906218363251	0.010402394242692051	0.059268271170110014	1.7209064101937441	3.251203750817064	5.598612795857917	104536.40079903218
-7189.907845710117	0.007143906355844665	0.04096862289645215	2.496075485050031	2.8008081579701996	9.90457329265243	151542.28340510582
-7190.0352797351825	0.011323449814519701	0.06439260968296125	1.587545628132112	4.216483934462466	9.842662674164444	96308.5511674992
-7189.738083296992	0.017992201669535683	0.10294026751781556	0.9921350270078223	5.487547519628819	6.115772605801192	60246.88985818095
-7190.107303853508	0.014071066308646577	0.08109055590488695	1.2666400576911887	6.076750545386913	9.899456228555618	76777.2413191865
-7189.860136076304	0.008298734340605903	0.04749940715562902	2.1478700961339476	3.2138545060290227	3.192856350067886	130514.57083121772
-7190.034665902918	0.013587376042819482	0.0774568075934435	1.3142859465513699	4.046334807628066	5.2176653924763245	79912.24115813269
-7189.571922975263	0.01172892844285781	0.06728726115169564	1.5229548317213573	4.923809303783079	4.152184435499609	92357.59862093662
-7181.547662537766	0.01609390743731086	0.09241017439961023	1.1373501051752668	2.811537211061123	2.2347463042708564	64847.21621889561
-7189.625159672738	0.011354201618318464	0.06521774117528718	1.569672655832317	9.99513986959396	9.995424739200837	95265.09851001593
-7189.6660392900485	0.013783876404951358	0.07941309929334037	1.2901976918818516	9.818119143499946	8.592927073801354	78296.84093200017
-7189.776552807529	0.011577663335797333	0.06676712611401955	1.5352739473746078	9.574882191276593	7.297912595015739	93158.67865833844
-7190.914247723804	0.00976895210024284	0.05549495927181716	1.8508316463299497	3.434226038502664	8.963839822926744	112008.6015508738
-7190.658662936939	0.009661554931122819	0.05604224424355194	1.8228385673457421	9.867410682055452	4.281851903521083	110860.65410257067
-7189.721719196182	0.01862277787157047	0.10707444797777217	0.9542631463571303	9.845925353485487	9.842365773165037	57974.94313445106
-7189.711332442691	0.013534412263406284	0.07750589177118154	1.3204498414434072	9.896850413293222	9.892196081902924	80123.25956474691
-7190.1626577777315	0.011140658499628878	0.06370434172037887	1.6023582214819199	7.050168468400773	7.231633772808919	97336.77632184801
-7189.801893589335	0.014109358944086131	0.08146882338064768	1.2603612906132502	9.609300285644746	5.652553050254531	76420.41635325964
-7189.660450949135	0.008179831758931696	0.04691098826676991	2.185251578414182	9.45270056235832	9.77143285901672	132512.74094777158
-7189.630269348244	0.009421689997056193	0.054099944753054484	1.8943354714089924	9.74542602582124	4.447341769881047	114902.34334342724
-7189.776043612616	0.006958347520432231	0.04000690511595029	2.557923412766247	9.902609294198342	8.206761704723068	155286.5136085751
-7189.844191693591	0.006836024889188679	0.03901640911885519	2.6162572463127236	9.908616191242478	7.960278807536236	158893.31549540863
