# /home/maycon/.conda/envs/dadi-cli/bin/dadi-cli InferDM --fs All.cc_lo.folded.downproj.fs --model asym_mig --cpus 32 --output-prefix All.cc_lo.folded.downproj.asym_mig --lbounds 1e-3 1e-3 0 0 0 --ubounds 2 2 10 5 5 --global-optimization --optimizations 100
# Log(likelihood)	nu1	nu2	m12	m21	T	theta
-3314.2246385190633	0.053180811243483096	0.015797494713618687	0.2279825709592245	4.95	0.25722165753671383	33383.70703470088
-3349.178681454807	0.062127042077509534	0.020866452540035663	0.20068610478687676	3.721007681152422	0.28486748023063374	28239.56377880686
-3413.972419577345	0.07610585242846357	0.02703604167696736	0.15245794489630946	2.6678012158618207	0.3535905991102962	24343.493727718
-3311.769616168238	0.053207894061774744	0.015793179517006935	0.2291290901305933	4.95	0.2562921898468802	33311.10006893338
-3319.471321328518	0.05512576172442059	0.01636524167724309	0.21623892188388683	4.823815303463544	0.2604218157344174	32521.643883944653
-3316.2246525526716	0.05358809870522334	0.015816205092514354	0.22531572752289883	4.95	0.25588735214811126	33159.28437825798
-3666.6983537846468	0.05693194319575546	0.029271132524192126	0.2215805258164375	2.1899583689312228	3.2549652343027327	35547.48071383113
-3667.8280264719683	0.07569734347190919	0.03896794522266873	0.16656949186350586	1.6453617982681443	4.224777912870269	26721.42207808865
-3315.665398503418	0.053464585476547755	0.015818379965771602	0.22642246411952296	4.95	0.2558695548663574	33195.840388780016
-3667.4875592451435	0.030716060658650866	0.01582377174380404	0.41103453062997203	4.051038166990492	2.835566846115375	65839.56808727543
-3559.2898398386656	0.025283859684558527	0.013848149092430768	0.6006478263672256	4.783629260140502	0.5939170435777474	69488.01992506863
-3669.0224194049024	0.03572753526156029	0.018403728602481496	0.3525788679850657	3.485202904933416	2.679082164732682	56615.63945355046
-3315.3191925155966	0.053427211393847006	0.01581966533673777	0.22693254629926848	4.95	0.2557125095496003	33196.190558796836
-3667.3982403061723	0.027079214601542233	0.013976833106274133	0.4668255312661824	4.587704128707618	3.2572260187004867	74609.85153434773
-3666.7641758078953	0.04026524416552345	0.020730554091338015	0.31346714390124336	3.0933694466903554	2.407910892449615	50224.26415493946
-3666.9354007997204	0.028762992029655286	0.014839239309373857	0.4396837703952863	4.319493378923592	3.779863473655128	70249.74909630182
-3669.290596194655	0.02927427218444598	0.015083363096460365	0.43036675829665744	4.250379970331024	3.2974176514005795	69076.2200107091
-3667.9076071836607	0.025870650706940806	0.01333071117285311	0.4878477877966817	4.808671453084313	4.95	78160.14118658031
-3668.7959253217905	0.027412269851894447	0.014078791117834357	0.45875302576952043	4.5572470715158175	4.840523151153642	73935.8381416189
-3671.8285748576423	0.024854366760932934	0.012821676399939873	0.5083843409751863	4.95	4.95	80913.4229434981
-3621.7386712516454	0.02484417812710118	0.013002496222311661	0.5444066717423468	4.928067705082421	1.806187249791445	80755.27455068009
-3670.616513615264	0.02493171381964851	0.01285335188281518	0.506626220919905	4.95	4.949013985014986	80788.87452298711
-3672.0571314443805	0.024888020179217527	0.012813445725403553	0.5070322863454658	4.95	4.81161018785162	80873.87189490987
-3672.0315407693456	0.02492469043143732	0.012823479603150577	0.5058361970951356	4.95	4.817943789298922	80817.11957196063
-3664.731188083834	0.028531668399533916	0.014722400850963073	0.44450892222745353	4.3512739523045765	2.0292872723184736	70783.20522512538
