# /home/maycon/.conda/envs/dadi-cli/bin/dadi-cli InferDM --fs All.cc_ei.folded.downproj.fs --model sec_contact_asym_mig --cpus 32 --output-prefix All.cc_ei.folded.downproj.sec_contact_asym_mig --lbounds 1e-3 1e-3 0 0 0 0 --ubounds 2 2 5 5 10 10 --global-optimization --optimizations 100
# Log(likelihood)	nu1	nu2	m12	m21	T1	T2	theta
-5446.275018860963	0.8041261504311543	1.2560369576328672	0.0392205723203671	0.16168279799750335	8.48945143613327	0.33868450678078876	2367.1353524316137
-5459.856365642213	0.8084349410658432	1.2546762804836542	0.0386260260548025	0.1618016213711558	8.516436266843705	0.341896559716399	2361.385753683336
-5492.3378493263435	0.8092861660781271	1.2588857976399535	0.03801165452820561	0.16003953083732866	8.429335316131077	0.34547642172413695	2370.2232238963015
-5466.525637515296	0.7972937250929977	1.2659360865368179	0.039285313379796676	0.16387558937175523	8.357910459333487	0.3465621536398112	2383.106201111538
-5444.176129383643	0.807389441484674	1.2545485940710144	0.03907993896168888	0.16191607165296232	8.516963731059395	0.34241760716076897	2361.8660104279625
-5459.856365642213	0.8084349410658432	1.2546762804836542	0.0386260260548025	0.1618016213711558	8.516436266843705	0.341896559716399	2361.385753683336
-5461.0247514411385	0.808381673789315	1.2532380291469252	0.03855309921355014	0.16228752231956212	8.530845460421215	0.3421011728716566	2360.136225794644
-5460.798705306981	0.8079244727369052	1.254077336141304	0.03862490249390242	0.16167845524003843	8.519765753042655	0.3418320467671573	2361.5035832159924
-5472.7926249246775	0.7972678824356267	1.2558326575745606	0.03898401805696694	0.16025445930801283	8.449941515949936	0.3407022702341236	2376.0771608439222
-5459.856365642213	0.8084349410658432	1.2546762804836542	0.0386260260548025	0.1618016213711558	8.516436266843705	0.341896559716399	2361.385753683336
-5548.922366977143	0.8086505875185825	1.2616531180384734	0.03669612212625884	0.16177304624622835	8.396567042354242	0.34674112881130903	2373.5869164018754
-5442.482056189929	0.749341334431947	1.2777522365731389	0.042721437647470856	0.16795183882106532	8.216593284584123	0.31825934191089067	2427.8749945437226
-6564.531032669618	0.6766133148309699	1.3246656226787912	0.04730006030034039	0.11341083326481603	5.987302604429885	0.3787263145142396	2805.6574388081913
-7350.828414714396	0.696612640761873	1.3521190529588307	0.0353928246827245	0.10504513404938984	5.625560588151883	0.5220700530006609	2814.9793239054407
-7109.183220637768	0.7408135168910421	1.3541056219823828	0.03317582578094508	0.1124175245281565	5.898458644467748	0.4856819998163774	2736.3002556853294
-8100.1701027963245	0.014215174110688693	0.01910488494641608	1.4515105017776684	4.95	4.53338596336111	4.709720505713966	121825.03167444779
-6189.044781460609	0.6805261642836079	1.3383599378186113	0.03884959546637161	0.14538735504540873	6.739586959745767	0.36651271566109955	2661.2833185917643
-5615.344875359509	0.7243454050922122	1.2968920126342018	0.043300545516393306	0.1601925101119304	7.563817989006207	0.36635220941317087	2522.629949275556
-8103.1722179615335	0.014219301521224184	0.019112941854602626	1.448281284796447	4.95	5.3638358815762075	4.25624479159196	121779.01014871421
-8069.5832351222125	0.015262260424094244	0.02063392959835772	1.3619699653565431	4.6242320249311	4.258992063249654	5.1644502497117015	113470.7747275627
-8080.389547492799	0.014072274290131522	0.019092243413430944	1.4822036761013746	4.95	1.2303824487208639	5.706262209489872	122357.13597311854
-8070.309517805732	0.014102426094542366	0.0191045199608466	1.4858500719636039	4.95	9.283409177557159	4.061948470143569	122297.51110974747
-8081.414584095884	0.017262935421412898	0.023214764600170138	1.1958822830425584	4.1136897702222255	9.591457923212309	8.627887183858636	100659.71827147399
-8089.889532364904	0.015798024659881334	0.02117876721576182	1.2993235116606712	4.516259875971355	9.9	8.472868565232956	110241.83583052541
-8243.145528033638	0.00711164947320641	0.0159889405872723	4.678226755611306	4.95	8.66268920788089	9.9	177174.50697034702
