# /home/maycon/.conda/envs/dadi-cli/bin/dadi-cli InferDM --fs All.ei_lo.folded.downproj.fs --model no_mig --cpus 32 --output-prefix All.ei_lo.folded.downproj.no_mig --lbounds 1e-3 1e-3 0 --ubounds 2 2 10 --global-optimization --optimizations 100
# Log(likelihood)	nu1	nu2	T	theta
-10674.037208998443	0.1360060753768926	0.08133522227671382	0.17031127400380403	16787.570399617296
-10674.039335572725	0.1361229886400301	0.08139081700013981	0.1704679663943938	16783.58283507508
-10674.037204044711	0.1360017986082454	0.08133228006301405	0.17030510679816505	16787.736137841297
-10674.046995963616	0.13628497955770658	0.08161081701308204	0.17073150395795156	16774.44767946074
-10674.037206781602	0.13599720929578013	0.08132956317720196	0.170301358642088	16787.960812207337
-10674.037204068994	0.1359975007356316	0.0813307850283094	0.17030058189071037	16787.891391345107
-10674.128821864126	0.13495665843983337	0.08078344478477946	0.1689998291572357	16827.13046255547
-10674.037203654447	0.13599708949572922	0.08132943285598147	0.17029928270163824	16787.926584237168
-10674.037204674512	0.13600159645542798	0.08133145042893629	0.1703036529598705	16787.741415315777
-10674.037205441276	0.13599673100256793	0.08133054045805428	0.17030042593205455	16787.932345318073
-10674.037203832755	0.13599641336507193	0.08132915014153787	0.1702979687243968	16787.9397472287
-10674.037203154221	0.13600036026482826	0.08133165427257708	0.17030355762431273	16787.791374371085
-10674.03731846654	0.13597236488228176	0.08131763165382173	0.17026459510876435	16788.738460515637
-10674.037205791934	0.13600376811362194	0.08133309721799568	0.17030776821302587	16787.673245489226
-10674.037203982123	0.13599806592334698	0.08133044294690721	0.17030014945796593	16787.866414963613
-10674.037204389786	0.1360002429625443	0.08133084848230643	0.17030198010203504	16787.78924539489
-10674.080093523784	0.13535572896895007	0.08101087113922435	0.16946930182184283	16810.879794545574
-10674.0372067195	0.1360014833225229	0.08133237226272307	0.17030698140881598	16787.787902261764
-10674.037203119622	0.1359999216836906	0.08133116795924737	0.1703029737197919	16787.81531272872
-10674.037204951315	0.13599520416564212	0.08132779992134263	0.17029623267862823	16788.003375768614
-10674.037203058097	0.1359989311544949	0.08133069079926691	0.17030185307462517	16787.85369097369
-10674.037203171449	0.13599763903971798	0.08133019702759366	0.17030070086841717	16787.9062045486
-10674.037232847571	0.13600721670461433	0.08133090515774535	0.17030709567062113	16787.56595717081
-10674.037203115045	0.13599747587043484	0.08132965451386161	0.17029980261486974	16787.912235014348
-10674.037203004358	0.13599789228471917	0.0813303710205736	0.17030098350605932	16787.894644669097
-10674.037203032309	0.13599958724374198	0.08133096075954825	0.17030243913485374	16787.826432007816
-10674.037207173242	0.13599590339528014	0.08133062897808876	0.17030040131791108	16787.968161686014
-10674.037203053338	0.13599787869740293	0.08133047674229625	0.17030103484429573	16787.8929914337
-10674.037202921523	0.13599866950366138	0.08133084370461195	0.17030183103071428	16787.86070930888
-10674.037204450819	0.13599528256937593	0.08132873553341408	0.17029769927403168	16788.000832842965
-10674.03720708764	0.1359947731756957	0.08132720566680968	0.17029462721185934	16788.00872439042
-10698.43988775514	0.12177406807896662	0.07184632168040303	0.15079940780359352	17365.724696243888
-10674.037204282846	0.13600161232340585	0.081331795150536	0.1703049797878279	16787.75779125625
-10674.037203715725	0.13599827095688896	0.0813300279222713	0.17030038735363073	16787.875054062995
-10674.037203181962	0.1359978784686774	0.08133036808767949	0.1703005796906285	16787.886820877186
-10674.037204062686	0.136001272591891	0.0813324690452318	0.17030512373479942	16787.755342265024
-10674.037203139691	0.13599860790420173	0.08133046303192036	0.17030112846031803	16787.86090269673
-10674.037217962583	0.13601077343588958	0.0813372561579886	0.17031523036275073	16787.36688928979
-10674.037203044227	0.13599781974963426	0.08132981666086431	0.1703001015847138	16787.897111341706
-10674.037776303187	0.1359222214171761	0.08128559553578764	0.17020230436981407	16790.816023301966
-10674.03721339479	0.13599845016699938	0.08133266563029061	0.1703061824744126	16787.90510996099
-10674.03720386328	0.13599974978758855	0.08133066872512479	0.17030145796992288	16787.807262991373
-10674.037203779857	0.13599733158925598	0.08132907792060678	0.17029899881481825	16787.92046887668
-10674.03721917038	0.13598620866467376	0.08132447432401511	0.1702872781910709	16788.345586176398
-10674.037203443972	0.13599881340714529	0.08133091499099522	0.1703016880760371	16787.84857994212
-10674.037205665367	0.1360016760946875	0.08133105514896155	0.17030398217920037	16787.757297628905
-10674.037204875925	0.13599503682708916	0.08132816118413916	0.17029694846975996	16788.01492131234
-10674.037214824992	0.13600408250944515	0.0813360530348364	0.17030992502806816	16787.609479139177
-10674.037203207248	0.13599970305287842	0.08133130255116837	0.17030267159218995	16787.814937228002
-10674.0372128693	0.1360065027467728	0.08133468057844818	0.17030876912158616	16787.514351792004
-10674.037203438604	0.13599843222699753	0.0813297582623304	0.17030014574345131	16787.870929679484
-10674.037206702691	0.13599313597145235	0.08132753418236671	0.17029395022865002	16788.06132497525
-10674.037203671349	0.136000149720694	0.08133111048768146	0.17030322016018673	16787.81159173981
-10674.037203335634	0.1359990623858496	0.08133056524540573	0.17030161210336336	16787.84638491566
-10674.037209154816	0.1360058942872343	0.08133465687676805	0.17031162524421617	16787.604535917046
-10674.037203316406	0.1359984451656057	0.08133079126765638	0.1703017838172052	16787.872004505945
-10674.03720678447	0.13599762529486342	0.08132834411988635	0.1702973525155776	16787.895120051166
-10674.037203752812	0.1359961154541878	0.08132933502540365	0.17029902151828305	16787.970278816098
-10674.037203558872	0.135998260029982	0.0813302158168111	0.17030159577715778	16787.895207305784
-10674.037203100093	0.13599892001369157	0.08133077142593041	0.1703019161159056	16787.8529728526
-10674.037203321477	0.13599913044861395	0.08133066298363222	0.17030185536214834	16787.8451954403
-10674.037205919454	0.13599984109841617	0.08133105634773102	0.17030431430781237	16787.85116157491
-10674.03720774309	0.13599388385239225	0.08132809083467814	0.17029744946224476	16788.082385477548
-10674.037203868866	0.13600072147461253	0.08133189503173392	0.17030471748370937	16787.79118799481
-10674.037204094935	0.13600170847855045	0.08133197084063581	0.17030463826582354	16787.74036296792
-10674.037513342088	0.13594372101740163	0.08130010757867233	0.17023885135119549	16790.109359799935
-10674.037209798666	0.13600318550405976	0.08133238108760592	0.17030409133391644	16787.64570358936
-10674.037202989906	0.13599931926286365	0.08133092526295571	0.17030250145370698	16787.84157502555
-10674.037203184507	0.13599940029215205	0.08133119392412866	0.1703024747844395	16787.828569141573
-10674.037202833102	0.1359993230009883	0.08133098505884358	0.17030242258373524	16787.837809463923
-10674.037231529965	0.1359939443099379	0.08133158922917562	0.17030361286122406	16788.098313462786
-10674.037203314167	0.1359999738556255	0.08133077252902422	0.17030233597269195	16787.81197109749
-10674.038877414567	0.13603719423858973	0.08136688042611961	0.17022176515787266	16783.159257738545
-10674.066964260073	0.13660171719486813	0.08162475084973242	0.1710871713804151	16766.571390694106
-10674.04669170109	0.13585819903433238	0.08132538714729562	0.17013236810663585	16791.07779718738
