# /home/maycon/.conda/envs/dadi-cli/bin/dadi-cli InferDM --fs All.cc_ei.folded.downproj.fs --model sec_contact_sym_mig --cpus 32 --output-prefix All.cc_ei.folded.downproj.sec_contact_sym_mig --lbounds 1e-3 1e-3 0 0 0 --ubounds 2 2 5 10 10 --global-optimization --optimizations 100
# Log(likelihood)	nu1	nu2	m	T1	T2	theta
-6621.660267831381	0.2637892937072934	0.7632193215738254	0.16827729818129314	4.307839938480508	0.327855923054296	4416.691761778239
-6588.543458773147	0.2662076326352886	0.7637617216607087	0.16995419554112473	4.347052482688077	0.32319573106145677	4394.498049270988
-6626.589239546453	0.26331999512404636	0.7635670099989047	0.16811466483094997	4.320024801477204	0.32947187571326547	4410.739762870285
-6617.053372193142	0.2630226125567071	0.7626113535606409	0.1689764932492348	4.255689091095025	0.323780050400426	4445.4207049189945
-6617.053372193142	0.2630226125567071	0.7626113535606409	0.1689764932492348	4.255689091095025	0.323780050400426	4445.4207049189945
-6625.143945490593	0.2628382743328875	0.7628062116867022	0.1684263399545564	4.27178463339791	0.3282392419491589	4436.143065302891
-6626.589239546453	0.26331999512404636	0.7635670099989047	0.16811466483094997	4.320024801477204	0.32947187571326547	4410.739762870285
-6617.389456737472	0.26341735024486246	0.7624317844997198	0.16875568574518685	4.2413331841200455	0.32308344708983994	4452.010434672752
-8292.20507783843	0.028144574424151296	0.06537955941698363	1.204793703838937	8.625542365777795	4.278443827119603	43987.46911341528
-6617.053372193142	0.2630226125567071	0.7626113535606409	0.1689764932492348	4.255689091095025	0.323780050400426	4445.4207049189945
-6625.143945490593	0.2628382743328875	0.7628062116867022	0.1684263399545564	4.27178463339791	0.3282392419491589	4436.143065302891
-6615.896419270501	0.26379807627816004	0.7626681472193757	0.1686990342208738	4.264829662208584	0.32321003147082533	4439.616088575563
-6631.737202415425	0.2630501848439632	0.7635397050329684	0.16781439895241168	4.31290468726111	0.32810434858504955	4415.129111390452
-6618.605428183327	0.2640942663425345	0.7629994516915065	0.16837561482315494	4.300394201459047	0.326868067770248	4420.313293422699
-6614.951549149216	0.26440827650834253	0.7630143919649817	0.16853306473041946	4.305110065984601	0.32662081531055576	4417.55006474278
-6617.053372193142	0.2630226125567071	0.7626113535606409	0.1689764932492348	4.255689091095025	0.323780050400426	4445.4207049189945
-6625.143945490593	0.2628382743328875	0.7628062116867022	0.1684263399545564	4.27178463339791	0.3282392419491589	4436.143065302891
-6631.737202415425	0.2630501848439632	0.7635397050329684	0.16781439895241168	4.31290468726111	0.32810434858504955	4415.129111390452
-6628.654745660166	0.2632528558131627	0.7636164258040457	0.16798426979112502	4.32231327242609	0.3301193142578241	4409.477604646594
-6617.053372193142	0.2630226125567071	0.7626113535606409	0.1689764932492348	4.255689091095025	0.323780050400426	4445.4207049189945
-6625.143945490593	0.2628382743328875	0.7628062116867022	0.1684263399545564	4.27178463339791	0.3282392419491589	4436.143065302891
-6628.654745660166	0.2632528558131627	0.7636164258040457	0.16798426979112502	4.32231327242609	0.3301193142578241	4409.477604646594
-6631.737202415425	0.2630501848439632	0.7635397050329684	0.16781439895241168	4.31290468726111	0.32810434858504955	4415.129111390452
-6629.265877606154	0.2634538915599284	0.76351778229651	0.16784953979481976	4.324198734552536	0.3305299095228839	4408.204532762789
-6625.153919565997	0.263892403725167	0.7634176163500038	0.16799361363988785	4.332388916453015	0.32980086712344603	4403.946251616939
