# /home/maycon/.conda/envs/dadi-cli/bin/dadi-cli InferDM --fs All.cm_lo.folded.downproj.fs --model no_mig --cpus 32 --output-prefix All.cm_lo.folded.downproj.no_mig --lbounds 1e-3 1e-3 0 --ubounds 2 2 10 --global-optimization --optimizations 100
# Log(likelihood)	nu1	nu2	T	theta
-8915.357970249926	0.05865850547562006	0.022939379434670972	0.06377471718813936	31201.890264890317
-8915.595458660076	0.05931189071701699	0.023188806616065392	0.06446706964572031	31159.408558909898
-8915.216499646012	0.0575666537355451	0.022536919516257848	0.06254884400250538	31259.890582080865
-8915.207287998233	0.057738028377105316	0.022588169375196962	0.06270924459897669	31247.385023492316
-8915.205947791826	0.05748204745595943	0.022495374478444304	0.06245028682660082	31265.332100990934
-8915.59636520856	0.05929597291544339	0.023204330968145545	0.06451033947294936	31166.617653189747
-8923.615164392431	0.05000672119725848	0.019663820131834948	0.05403855264907297	31664.620626228585
-8915.249928328241	0.05699814425220217	0.022332862109077666	0.06191013827864469	31289.004458807198
-8915.357459494848	0.05653845755317275	0.022144252834418017	0.06138689158024642	31315.097221232627
-8915.20209602116	0.05759396787406698	0.02253844268531363	0.06256975734603716	31258.11374347259
-8915.224200084773	0.05803746146427263	0.022721195644714972	0.06307814536731927	31233.349976517744
-8915.202039777912	0.05773900526123744	0.022600498148151797	0.06274294232914637	31250.79142599396
-8915.206896485806	0.05760071828529624	0.02254203434133845	0.06257785510644641	31257.686120756065
-8915.204156750187	0.05769300254292119	0.022591126828870718	0.06271691951616787	31256.23119636832
-8915.2120319937	0.057913884251680446	0.022667095988012302	0.06292643130039983	31239.113135383777
-8915.201102252733	0.057643368497025206	0.02256587049594818	0.06264609355403836	31257.47763838153
-8915.235966904005	0.05725151829271604	0.022418149307774426	0.06219908024464598	31277.65898539315
-8915.216016764512	0.057642229773914075	0.02256816691547268	0.06263585242115934	31255.715841529225
-8915.203056619715	0.05764024578711672	0.02255544850985803	0.06261866160523648	31255.17583508665
-8915.231314116154	0.058065898771318764	0.022740059803459174	0.06313062520890708	31233.873979352637
-8915.207228614923	0.05784643633300147	0.02264516327339887	0.06286541459316267	31244.621369134027
-8915.224707240648	0.05737802608287395	0.022465667296577195	0.06234056558695611	31270.72678997618
-8915.202729739505	0.05755780046119245	0.022527263787897905	0.06253969817160054	31261.419598046035
-8915.222003173521	0.057926968780604375	0.022688504808786404	0.06298898367686377	31243.625397025542
-8915.20136353351	0.057699778437435165	0.022581956789214003	0.06269118908093545	31252.243401764852
-8916.075330963147	0.060115257713201836	0.023508032992476367	0.06544900406704002	31125.578070752996
-8915.20174417419	0.057623045064745235	0.02255587138427112	0.06261739465728494	31257.986112884253
-8915.304983706028	0.05845290277586986	0.022893959906113547	0.06355713353848827	31210.33279365259
-8915.222332291101	0.057305200516281934	0.02246438592811814	0.0622776069307323	31273.668551616098
-8915.21349619787	0.05784049978165143	0.022652440802104486	0.06288850405447692	31248.30914751989
-8915.201505768768	0.057614975482408244	0.022551780248126905	0.0626078731841746	31258.508756067287
-8915.215972658732	0.05762775203678933	0.022561613973497232	0.06261666975412816	31256.19373166419
-8915.215953419603	0.05762451587352147	0.022560456863356157	0.0626145592942706	31256.607164487865
-8915.243373586043	0.058105122691423455	0.02272963757389351	0.06310352359160869	31224.139794015762
-8915.2159915194	0.05761105781344892	0.022554687469373128	0.06259839308759704	31257.27261072601
-8915.216821207405	0.057549310038212446	0.0225325101603156	0.06253021625909473	31260.645253618128
-8915.636281872212	0.0558331966679542	0.021893832817913184	0.06060512122297119	31352.482392833583
-8915.214915310426	0.057952923052896954	0.022687867659006718	0.06298459238298225	31238.383129279773
-8915.223294808064	0.05784932628118256	0.022647109358819396	0.06286198922497756	31243.30161331576
-8915.205728618526	0.05776486642969794	0.02261994590033603	0.06279663451682728	31251.900572675517
-8915.220058925657	0.057320040424909596	0.022436073949540745	0.062286916864293655	31276.890325606826
-8918.291118962497	0.0624253796724898	0.024365033472417492	0.06793307177119111	30985.231857090443
-8915.224023656217	0.05728415085030439	0.022437568581812107	0.062200437769780716	31268.92578886082
-8915.427373565768	0.05633535357863091	0.022061990872101415	0.06115828864266808	31326.887868816295
-8915.216840868321	0.057701744956722645	0.02259103289523245	0.06270273111456294	31252.426813926115
-8917.697698967277	0.05339558317336846	0.020961162243194942	0.05793893516708038	31498.701131536083
-8915.216283132577	0.05766832824664014	0.02257838497814216	0.06266657218038449	31254.470309935674
-8915.215953546838	0.05762544931861037	0.022560927462011996	0.06261581926238144	31256.57279489894
-8915.215953881427	0.05762390506785836	0.02256025135977592	0.0626136974433654	31256.607983823862
-8915.215954337698	0.05762722337045036	0.022561527502070928	0.06261751514648674	31256.438863578056
-8915.240287585148	0.05815585229231521	0.022766748697887054	0.0632042284934655	31225.6787127365
-8915.21598291225	0.05763882493246116	0.022566144072030055	0.06263068894887974	31255.79576831536
-8915.201606234023	0.057711749488235285	0.02258831887175648	0.06270780735498155	31251.827366433226
-8915.22207942865	0.05744399175674018	0.022492688699449936	0.062428177324842064	31269.02479231392
-8915.231534004226	0.05795958627367828	0.022667674976054725	0.06292766060403664	31231.08579972196
-8915.204998618276	0.05774231725898548	0.02260932261994958	0.06276801299217752	31252.917926457456
-8915.202159872357	0.05771182379105148	0.022585647294802322	0.06270192984969229	31251.268817037417
-8915.20324368652	0.057602146730548545	0.022551614055793753	0.06260770169199623	31260.80692191559
-8915.215954925616	0.05762406995592009	0.02256009815891919	0.06261358533462805	31256.583569546572
-8915.215761402302	0.05743526328417045	0.02251635442824103	0.062420197451032756	31265.58785794125
-8915.241531846306	0.058159485832216064	0.022768548119450793	0.06321008797905622	31225.704298533823
-8915.202543588677	0.05761159395020755	0.022543390683441952	0.06258373161808314	31256.470437307842
-8915.20742412263	0.05749869770055081	0.022497266063787855	0.0624549661511191	31262.81543102331
-8915.21722787878	0.05755957044740573	0.02253830227129775	0.06253950088476196	31259.431189240284
-8915.200742842739	0.05767292744045597	0.022575060375715203	0.06267165593428677	31254.93155782968
-8915.201386912702	0.057696928882632594	0.022582553714928413	0.06269325163499494	31252.997746619592
-8915.215961302496	0.057617259410835966	0.022557807845363653	0.0626066688398102	31257.029802335368
-8915.812419436827	0.05970602397110646	0.023310632930360013	0.06490074856112156	31140.58173183747
-8915.205734817473	0.05772508805447615	0.02258479180825156	0.0626999307282914	31248.70386331347
-8915.216036271895	0.05760176796769845	0.022552421332575998	0.0625906922988637	31258.03220244267
-8915.22946925717	0.05716071605189465	0.022401221493173164	0.06209892256885861	31280.1318827065
-8915.201036718103	0.05769446808109168	0.022584215790186688	0.06269733489326756	31253.845893344223
-8915.215776368394	0.057465129909935186	0.022477606533991827	0.062403164291451756	31263.41139297124
-8915.215955660211	0.057622753735251095	0.022560086145562767	0.06261327734466973	31256.771243113173
-8915.216064039341	0.05765147707195435	0.022570645285144672	0.06264513801534255	31255.18897241606
