# /home/maycon/.conda/envs/dadi-cli/bin/dadi-cli InferDM --fs All.cc_cm.folded.downproj.fs --model no_mig --cpus 16 --output-prefix All.cc_cm.folded.downproj.no_mig --lbounds 1e-3 1e-3 0 --ubounds 2 2 10 --global-optimization --optimizations 100
# Log(likelihood)	nu1	nu2	T	theta
-15132.231374996038	0.03816546765190925	0.11751004111504149	0.129624153540667	31195.504320210224
-15132.231374996038	0.03816546765190925	0.11751004111504149	0.129624153540667	31195.504320210224
-15132.231374996038	0.03816546765190925	0.11751004111504149	0.129624153540667	31195.504320210224
-15132.231374996038	0.03816546765190925	0.11751004111504149	0.129624153540667	31195.504320210224
-15132.231374996038	0.03816546765190925	0.11751004111504149	0.129624153540667	31195.504320210224
-15132.231374996038	0.03816546765190925	0.11751004111504149	0.129624153540667	31195.504320210224
-15132.231374996038	0.03816546765190925	0.11751004111504149	0.129624153540667	31195.504320210224
-15132.231374996038	0.03816546765190925	0.11751004111504149	0.129624153540667	31195.504320210224
-15132.231374996038	0.03816546765190925	0.11751004111504149	0.129624153540667	31195.504320210224
-15132.231374996038	0.03816546765190925	0.11751004111504149	0.129624153540667	31195.504320210224
-15132.231374996038	0.03816546765190925	0.11751004111504149	0.129624153540667	31195.504320210224
-15132.231374996038	0.03816546765190925	0.11751004111504149	0.129624153540667	31195.504320210224
-15132.231374996038	0.03816546765190925	0.11751004111504149	0.129624153540667	31195.504320210224
-15132.231374996038	0.03816546765190925	0.11751004111504149	0.129624153540667	31195.504320210224
-15132.231374996038	0.03816546765190925	0.11751004111504149	0.129624153540667	31195.504320210224
-15132.231374996038	0.03816546765190925	0.11751004111504149	0.129624153540667	31195.504320210224
-15132.231374996038	0.03816546765190925	0.11751004111504149	0.129624153540667	31195.504320210224
-15132.231374996038	0.03816546765190925	0.11751004111504149	0.129624153540667	31195.504320210224
-15132.231374996038	0.03816546765190925	0.11751004111504149	0.129624153540667	31195.504320210224
-15132.231374996038	0.03816546765190925	0.11751004111504149	0.129624153540667	31195.504320210224
-15132.231374996038	0.03816546765190925	0.11751004111504149	0.129624153540667	31195.504320210224
-15132.231374996038	0.03816546765190925	0.11751004111504149	0.129624153540667	31195.504320210224
-15132.231374996038	0.03816546765190925	0.11751004111504149	0.129624153540667	31195.504320210224
-15132.231374996038	0.03816546765190925	0.11751004111504149	0.129624153540667	31195.504320210224
-15132.231374996038	0.03816546765190925	0.11751004111504149	0.129624153540667	31195.504320210224
