# /home/maycon/.conda/envs/dadi-cli/bin/dadi-cli InferDM --fs All.ei_cm.folded.downproj.fs --model asym_mig --cpus 32 --output-prefix All.ei_cm.folded.downproj.asym_mig --lbounds 1e-3 1e-3 0 0 0 --ubounds 2 2 10 5 5 --global-optimization --optimizations 100
# Log(likelihood)	nu1	nu2	m12	m21	T	theta
-6650.753447706008	0.021685404281756734	0.03359651966257941	0.8602847787377976	3.91907441637605	0.8540078186221002	141772.0073988926
-6650.532660161032	0.02155511911956588	0.033410129051247475	0.8657211318553306	3.9186163752571295	0.8554038198242078	142296.96403407416
-6652.343510227283	0.021657570225589496	0.03355330648469118	0.8587964632207236	3.918670328202769	0.8533192151076051	141816.48651987163
-6650.532660161032	0.02155511911956588	0.033410129051247475	0.8657211318553306	3.9186163752571295	0.8554038198242078	142296.96403407416
-6650.878898723693	0.021557171563622305	0.03340982640179318	0.8651118770554728	3.9182905183230017	0.854986098835102	142266.32161845468
-6651.645525870929	0.027942726978910412	0.04324395012503298	0.6649368456945678	3.026351679865179	1.0309915460932422	110315.20384487655
-6651.385788996073	0.021571024013935725	0.03343235618226859	0.8637264706971685	3.9178918403157885	0.8553627182598481	142206.0726883431
-6650.4043040215	0.02168741910004046	0.03358147821314647	0.8604528124399652	3.919015149160559	0.8539580668562029	141784.66469618966
-6650.153042062031	0.021717294185143343	0.033566753126732046	0.8588383378551554	3.9188097490339544	0.8531830918142724	141702.83870368585
-6650.532660161032	0.02155511911956588	0.033410129051247475	0.8657211318553306	3.9186163752571295	0.8554038198242078	142296.96403407416
-6667.464552298607	0.01635735501704534	0.02643619910059831	1.134004834398324	4.82864944813379	1.0635656719005115	188393.41637463222
-6673.776831640887	0.02320537051710835	0.03734420455329536	0.7903336661179975	3.41488633528989	1.5916225728229494	133700.08721687796
-6657.7727766854205	0.022336389148183755	0.033880796395016136	0.8297251160065732	3.9425651873281202	0.7591473756174278	136728.69231520663
-6655.785341024829	0.022943214235040393	0.03417237363409353	0.812898270870074	3.9502369644826905	0.7273016356007898	133861.57122099068
-6654.511722800299	0.021583504002097707	0.03360353822652545	0.8608272464240768	3.918913036891881	0.855279097305869	141976.55555163583
-6676.823316092168	0.015781180145410176	0.02549717726613382	1.1631191056763042	4.95	3.098105812347746	196019.23858587747
-6655.785341024829	0.022943214235040393	0.03417237363409353	0.812898270870074	3.9502369644826905	0.7273016356007898	133861.57122099068
-6648.328831881932	0.017461619427435328	0.027099349298367888	1.0741838973337916	4.831404686906269	0.7388468907854308	175418.0969415281
-6659.430060033094	0.02276212077697718	0.03412139886164115	0.8157277046947364	3.9497624064855485	0.7292929739290249	134313.96132188028
-6657.733612600798	0.022949957413639536	0.03424057056542033	0.8111120590234036	3.9509307029130056	0.7275639699570007	133788.29068663355
-6651.857173756122	0.022295558938207	0.033814537766443546	0.8379543769458273	3.941083737115282	0.7659717272847887	137251.1122372939
-6655.94085083046	0.022369888960749006	0.03378283861281766	0.8331816868906248	3.9446260517682212	0.7435343176729181	136101.06547739555
-6648.486494438785	0.022478851953402882	0.03386954859371851	0.8350220924527517	3.9417682235946847	0.7598999665247704	136603.30174705887
-6648.486494438785	0.022478851953402882	0.03386954859371851	0.8350220924527517	3.9417682235946847	0.7598999665247704	136603.30174705887
-6703.602347424641	0.013601686226955059	0.025125160904146522	1.613488535166757	4.95	3.996613877031492	208945.4999346322
