# /home/maycon/.conda/envs/dadi-cli/bin/dadi-cli InferDM --fs All.ei_cm.folded.downproj.fs --model asym_mig --cpus 32 --output-prefix All.ei_cm.folded.downproj.asym_mig --lbounds 1e-3 1e-3 0 0 0 --ubounds 2 2 10 5 5 --global-optimization --optimizations 100
# Log(likelihood)	nu1	nu2	m12	m21	T	theta
-6611.940744709599	0.020864343354175856	0.03149244325883238	1.0146599589148149	4.126312710306033	0.7701467164957382	148352.7363638142
-6611.932972044641	0.028465389909718638	0.0429551375613946	0.7445632990286034	3.025922071603184	0.9272923599297372	108688.24154584363
-6611.931380063003	0.030490059990193927	0.04599015429645973	0.6945076374011279	2.827101616061211	0.9653251560196988	101567.16151330333
-6611.949515934087	0.030642685760875144	0.04627067210180257	0.6936549907437327	2.8096552123677734	0.9621850463571635	100876.89223533902
-6612.500117264375	0.01918758895789241	0.02873073673789928	1.1065678724527213	4.5545883579182975	0.6914514723426968	160864.16574835288
-6612.121843604924	0.017376186442984304	0.02633947497177577	1.2198497544131939	4.922462850594712	0.698802515292617	178402.07664537913
-6611.94871698582	0.023998593677544415	0.036184184616727864	0.8847117862935947	3.598185006696317	0.8297799070159936	128832.25592090048
-6612.04732791915	0.019006303041071905	0.028794694031404017	1.1140170855434093	4.507811341303912	0.738435653060102	163025.5157356926
-6611.95154651886	0.017575373180825936	0.026582485038873577	1.2047563049952386	4.887130156366	0.6909971510122861	176061.57345128537
-6611.922990771032	0.01750046215464758	0.026382817410655783	1.21090601324027	4.932133913160087	0.6811213035610942	176957.3232345272
-6611.934290781869	0.0223902673893697	0.033786931680837434	0.9456747201062246	3.8487657003773252	0.8029238508506858	138206.12597546945
-6611.934060066989	0.02032481878595931	0.03060520568649826	1.0444919005892523	4.252332207371595	0.7491768817074146	152361.51988456017
-6611.993564476135	0.0176877800457244	0.02661280507605008	1.1946801579280117	4.889092882453495	0.6894022647674702	175531.08469990798
-6611.926502740433	0.020924766688176166	0.031572281061775176	1.0135003022333429	4.117832753044149	0.7697866705123945	147944.99454030147
-6611.926195356557	0.018164192532996698	0.02742254148320304	1.1684347467219627	4.741562926210156	0.700413794743911	170352.18894901368
-6611.926207333993	0.01739791378923826	0.026256963113294222	1.2193138988250478	4.950213084725813	0.6806788977552058	177894.61141629933
-6611.929782984696	0.017629898781986522	0.026557779584233145	1.2013441853319569	4.902196983450748	0.682915258369774	175704.47695942293
-6611.926221840082	0.024116640197005983	0.03639100623790191	0.8789798764318008	3.57223809853369	0.8434126248396897	128388.06537711104
-6611.932589195087	0.01849245096343883	0.027907510782955194	1.1488305867907591	4.661222717627705	0.7067869183846042	167308.8258394745
-6611.95197924621	0.017187814611176824	0.025977980104414416	1.2320970392208284	4.999196021706101	0.6808466694601958	180128.4424132041
-6611.939294526594	0.02112112314460805	0.031896847947076284	1.0031175128895626	4.07882922614657	0.7714334278615198	146371.67817740186
-6611.927664998845	0.017324846171046456	0.026144685308552316	1.2233333440421594	4.976254942634136	0.6772004618893891	178637.15190333498
-6611.946494064433	0.021557085363495907	0.03242313109854168	0.9827303264676227	4.01754604771088	0.7759736335071318	143730.44393270204
-6612.0038025730855	0.01806604169405709	0.02727726814396128	1.167462338532777	4.770390442233304	0.7027025613311428	171539.20110396188
-6611.942425188491	0.017699517448845632	0.026653481140002308	1.1979357965408113	4.8819412064713	0.6817199964733703	174827.0824743113
-6611.932986921657	0.017605354441432436	0.026538757783048855	1.2025922281099766	4.904352626976087	0.6836583835021744	175909.3812627455
-6612.036332129456	0.017441860909620677	0.026473445946088612	1.2194647789993418	4.9052405816783375	0.68721889631716	176910.97225061513
-6635.1125484577315	0.01618021228632978	0.02579798490464193	1.2920492251036857	4.8614738739280305	1.2841966565424043	193673.75330418776
-6611.9377781905405	0.01847839918467994	0.027882539672835372	1.1494962668052078	4.66380162635806	0.706771242779955	167440.80106657944
-6611.959310375588	0.017326891696233825	0.02608951612033224	1.2233683352852458	4.991823121707743	0.6691675032152758	178496.74659981136
-6611.925996746403	0.02760726471931618	0.04166528647428983	0.7679196205582054	3.121896618209217	0.9134757626884237	112158.16869065167
-6611.934753699514	0.017781294455471962	0.02677974323233366	1.1917403048930857	4.8622790462978775	0.6842976797126455	174094.19949624405
-6611.924449040706	0.01763275262381096	0.026587930704283353	1.2026547991071364	4.893531127633798	0.6854940392159593	175653.92791999388
-6636.708210500644	0.01576084509218344	0.025244586442665324	1.3280482751126121	4.96374597608198	1.7342639200930225	198592.29120094157
-6611.925774588489	0.017427451953570115	0.026303839023039566	1.216883717336021	4.942377396015301	0.6814878856271024	177596.82419101932
-6611.933601121458	0.02178263676523567	0.03288347586808699	0.9744203429396362	3.9550897302882255	0.7908056444517786	142131.97565044046
-6636.606975250072	0.01584223290643764	0.025350775665360734	1.3221623566406455	4.941344719965674	1.6302346100708622	197656.6187266419
-6611.943187862786	0.017402065700654872	0.026304798884534384	1.2203844516046716	4.938036362802451	0.6837653777453854	177767.8522720181
-6636.731805948092	0.015950011840464646	0.02549769764622099	1.3115983295450586	4.910174175063751	1.7912565946673553	196425.656465017
-6612.14827138025	0.023305907824912677	0.03485749023828182	0.9097430276270301	3.7469786729427508	0.7974404893752683	133050.87654831045
-6611.932040466212	0.02474647911569458	0.037356541064557686	0.8577607015648383	3.481745194813911	0.853466948956686	125018.45423572755
-6612.06720364477	0.01732463515707425	0.026308505881834445	1.2311727935196377	4.939307257176192	0.6857827232581879	178258.4114775963
-6611.936966106536	0.017333942725991293	0.026108913806182268	1.2238473896685345	4.983401463020225	0.6725597777071012	178513.2515450744
-6611.960142872273	0.017624397233629827	0.026690423154865278	1.2043968994693037	4.868171913958597	0.6924324388242906	175449.2753670899
-6611.93805973873	0.01912905126332449	0.028782404567804516	1.1069766658446418	4.522662120421362	0.7207099554284627	162027.20196099268
-6611.935400721294	0.0178660515321758	0.026975792059459772	1.1865618031980265	4.819545414972964	0.6954969045717158	173331.1205818244
-6611.926415284738	0.01897685484927578	0.028591840231051137	1.1164624517361825	4.552257011351664	0.7171763843901894	163159.33241163814
-6611.936179681232	0.01731832470041071	0.02610035839300594	1.2255554948336764	4.983744959747803	0.6730624722867186	178633.46936332257
-6611.928873502847	0.017516909384772385	0.026402699271777026	1.2118367400274632	4.929648814714965	0.6797303399056447	176747.93088667112
-6611.935921122635	0.018478405040267182	0.02785788516180894	1.1477204274071584	4.674320624987749	0.7024039301296765	167407.16519973212
-6611.925872753821	0.017477235306599767	0.026364079011483604	1.2131520007986611	4.934429833899455	0.6808496772225793	177108.2771910847
-6611.948635072759	0.017513655844160595	0.026480463882055116	1.2102374071657946	4.90562096027365	0.6892728766215871	176734.74013514913
-6611.928341124676	0.026566958918005684	0.04003165565957101	0.7980636666022105	3.2479153914886996	0.8889353917569088	116545.4336139626
-6612.001663670212	0.017375843735550452	0.026128857681805225	1.2216713883524093	4.9895614419461936	0.6662650622736122	178023.46556548055
-6612.0203435332705	0.017578176646780193	0.026356763199611884	1.2039527126987069	4.944168919136287	0.6712103580921481	176286.16698707917
-6611.925499343012	0.01752117360372611	0.0264239627859353	1.20947340665355	4.926218811358317	0.6805949810724493	176657.3921712419
-6611.925635750521	0.017524819686861724	0.026425722977583693	1.2094897989124407	4.922522200407597	0.6808789398308963	176589.06255473773
-6611.936026298507	0.021413985208915437	0.03233183723957394	0.9896866906819531	4.024708519633903	0.7803272514896741	144503.87959161293
-6611.93616891885	0.017294692677840735	0.02611984696306841	1.224331133333744	4.978503996067001	0.6783049471592291	178895.105865932
-6611.9268785866925	0.01743938566582411	0.026293050536566855	1.2143471734015352	4.945776738063197	0.6806289786774045	177564.87465612407
-6611.927314198823	0.02086991556750608	0.0314516858425417	1.0159796093800795	4.137984777050696	0.765180291121068	148409.90886844273
-6611.931569421546	0.01723128756496932	0.026003502687067047	1.2300131510056709	5.0	0.6774032133963893	179724.70902130267
-6611.970366158629	0.017518799152853082	0.026336009198740906	1.2103272042037987	4.947240178269368	0.6727286599737646	176724.97573252916
-6636.801674787806	0.015825297619844445	0.025304753834250064	1.3188005095349962	4.952762654120425	1.9633533052896937	198007.60470434694
-6636.815396966678	0.015808373371275785	0.025315971008584008	1.3247580705197382	4.943736483092726	2.2186121949870863	197956.02359345453
-6636.815476013287	0.015676661956389993	0.025070485523961673	1.3334523297094523	4.995545087600972	2.260388321816227	199838.22501355197
-6633.877381766746	0.015852338380304625	0.025349116684732453	1.3233661536736188	4.953344745479629	1.1659136025984824	197079.9660099847
-6611.931579020775	0.018226124331200175	0.0274743350604308	1.1640071551284867	4.7341384877538335	0.6985047385696678	169795.78075438098
-6611.92327946935	0.017482743185715795	0.026367937596463626	1.2130239995060366	4.932857705941913	0.680782705974552	177049.05022077856
-6611.929125380475	0.01744261220043225	0.026289740810481865	1.2168273365926898	4.9511739692881465	0.6772662013332387	177477.83722736838
-6636.814221046192	0.016096652342301707	0.02575334405725137	1.2997632823708485	4.865234039394503	2.2496726322154172	194613.59225442278
-6636.558875787231	0.015759753801567303	0.025220593023585897	1.3295060222834538	4.965553954028778	1.5850615568824218	198650.08530265835
-6636.766986491778	0.015841504741106554	0.025347188911078893	1.3205246448748555	4.9383277781049895	1.8893872647505359	197642.44874787092
-6636.805278492572	0.015867085677979398	0.025368990514002918	1.317663505808901	4.936408483818679	2.0683131021826067	197464.96281169268
-6636.818425906278	0.01594588278402783	0.025531683881216478	1.312803160628176	4.900961021401444	2.448843857063228	196251.15291699176
