# /home/maycon/.conda/envs/dadi-cli/bin/dadi-cli InferDM --fs All.cc_lo.folded.downproj.fs --model asym_mig --cpus 32 --output-prefix All.cc_lo.folded.downproj.asym_mig --lbounds 1e-3 1e-3 0 0 0 --ubounds 2 2 10 5 5 --global-optimization --optimizations 100
# Log(likelihood)	nu1	nu2	m12	m21	T	theta
-3605.7582588857913	0.07369691861968418	0.02598525000230094	0.1301423750120896	2.9361008553528842	0.29909855435022237	24120.38826869936
-3385.9448127994165	0.07043732083237121	0.028380456986742256	0.19583703857782475	2.6870397111547817	0.3143937338177845	24202.20360361341
-3361.774925288745	0.06714513481133015	0.02250356133485018	0.17708341904970698	3.4331247910949605	0.30369784534428584	26978.10134556856
-3569.1538292965097	0.08190760984841541	0.035807460017294346	0.1397682225823804	2.095151548945845	0.3414987915258557	21293.726539895288
-3664.5576664696428	0.03490985896974846	0.01799805930517022	0.36296304184139533	3.5619634133833635	2.2312692122060467	57888.28894083856
-3310.279243904312	0.05483076978437137	0.016740141210041203	0.22222627655809984	4.72226020883819	0.2652601224009631	32551.41092943876
-3378.3927060368082	0.0634957150249527	0.020341811240815962	0.18212776992915394	3.8000619107321687	0.28501881645631694	28239.529703101107
-3663.455148287241	0.04901250049853034	0.02518689525424191	0.25767224269610595	2.548233416765721	2.2962555873375754	41252.39927731141
-3668.4675676381403	0.04917917718379848	0.025380173668505365	0.2565707410398245	2.528346143780204	3.4144647718473413	41093.16327585599
-3666.103562669153	0.07327232589112335	0.03773559175770855	0.17267491706136548	1.695536327821455	4.341273712190655	27576.230804395025
-6742.6143231236565	0.004753182320101853	0.008340026100323908	9.839732188849418	4.95	0.34162318154415794	210990.40576235618
-3667.524505085281	0.03998331205116474	0.02060043919201881	0.31581646922098416	3.110929889826138	4.324459448506168	50570.26908562434
-3669.6260644239023	0.026495019269861374	0.013622006401463155	0.4746441395776893	4.706406130371588	3.855420277025274	76418.33661911229
-3668.273532239029	0.04352662309001746	0.02241729569092328	0.2897442543741057	2.8593234816785937	4.95	46467.057532978746
-3667.540545057968	0.025155700829681625	0.012954507108524626	0.5015996217017925	4.95	1.922614466804508	80413.88357342637
-3665.0301199572796	0.025687056621707834	0.013253092169926917	0.49343774090681813	4.837141282389475	2.1551215545253837	78665.90053093614
-3668.5873403919936	0.03216948825843351	0.016548096554987273	0.39118553454599914	3.876490274197015	1.9737401913245285	62897.86967060113
-3668.929313723161	0.030184770462147823	0.015544476957137397	0.4172707680822429	4.127692980137415	4.95	67039.56669061714
-6066.366852662467	0.006309204237073736	0.009473764649051373	6.811764274811916	4.928174669528762	0.4094839868237565	168895.078135969
-5552.826096707286	0.008144400641153288	0.009302264590760456	4.5975466858601255	4.95	0.4187414383187071	134859.80767694215
-3672.169616995803	0.024873374963653397	0.012825554161962892	0.5075354978974865	4.95	2.5094576482395348	80883.54609647556
-3606.101059802189	0.03005864138003639	0.012745888495785696	0.38966374509810836	4.95	0.5014486279365272	62007.09207170478
-3517.7135757410306	0.02345622917977781	0.013077743069801546	0.7236013595126022	4.95	4.916662618650728	83426.01319799022
-3935.353053318058	0.01661423834768363	0.013599391085751342	1.502272772346037	4.530708599261127	4.918891433249105	94072.64049788046
-6187.215757630754	0.005394659884135106	0.008367947492051843	8.03826212010541	4.95	4.017015912831669	208001.25806755637
