# /home/maycon/.conda/envs/dadi-cli/bin/dadi-cli InferDM --fs All.ei_lo.folded.downproj.fs --model sec_contact_sym_mig --cpus 32 --output-prefix All.ei_lo.folded.downproj.sec_contact_sym_mig --lbounds 1e-3 1e-3 0 0 0 --ubounds 2 2 5 10 10 --global-optimization --optimizations 100
# Log(likelihood)	nu1	nu2	m	T1	T2	theta
-4542.429403857442	0.03972037837118019	0.020066189376257586	1.9514689416212805	2.8273811622904157	2.865452609055719	69543.54003447438
-4542.0135371704955	0.04485688308064619	0.02264426454103591	1.7295323157784293	2.8012048143418666	5.107367747533104	61636.1387549782
-4543.657760468409	0.03718616910707701	0.018792745804724877	2.089528106051912	3.9111466113074354	2.3999786266272944	74279.8374521911
-4542.4114715420665	0.045836441882967746	0.02313536457441179	1.693281229275563	4.944470715651881	3.4234759911177566	60309.67161291443
-4542.0228726315745	0.06347824728239226	0.03205858967922172	1.220783113173334	2.6920442085217857	6.431850878543401	43528.98669468116
-4542.3662311282305	0.05862680781551182	0.029588360188752893	1.3238096401133228	3.3341860819036544	4.168641259510943	47153.858563344664
-4544.579345537862	0.1147664414663676	0.05798112472687533	0.6775390882909865	7.188278961354304	6.471616814742174	24056.86668413401
-4542.118285577422	0.030833276517097295	0.01556769769697385	2.5164227480325043	1.9585392077284476	2.5120043482043863	89662.17518384074
-4542.224571606475	0.08515408868576017	0.04291756527455251	0.9118083796883095	5.5516360791001755	6.394889232762529	32481.602308548023
-4542.0035614706485	0.04335998655276987	0.02187983281414167	1.7904460573993446	4.065064017025459	5.940987707538959	63787.78047810541
-4542.0032671670515	0.04577389768479037	0.023116799377679804	1.6952297285844524	4.644813886221924	6.364702401552729	60403.54429330258
-4542.42449214742	0.06863025209659396	0.034652021925483466	1.1306677709485302	5.857884373838294	4.956487485252335	40272.496684194535
-4634.004295590353	0.023898875551309665	0.01440198592327313	3.0432830329111615	3.5496074431970857	4.236528528389844	109262.09425485219
-4542.416325301708	0.040718941968978205	0.020572814484412408	1.9058521788683491	4.795347434401689	3.0693745611615704	67875.5609086289
-4542.015268827741	0.046435080685148615	0.023446260769926168	1.6704382159808862	4.632004308357616	5.171962392651065	59534.082404464
-4542.015934724459	0.0262668850301737	0.013262378157732008	2.953619518480461	3.0804741763755326	2.911408890868338	105255.70031562904
-4542.013053725006	0.03786182006323151	0.01911510036750381	2.0487208976544626	4.406036404279343	4.872896903642946	73016.71871252704
-4542.013382062816	0.047127151902639594	0.023789478239371963	1.646691216782822	7.152105388081537	7.905140725940631	58675.25924895771
-4542.018474526001	0.029434764453460997	0.014841692400660569	2.636305244441638	4.3177070333240195	4.002016812283534	93955.64542758725
-4542.396600139175	0.05058064712807641	0.02551398353755123	1.5349870322606876	3.7296575663318032	3.663392315370047	54667.52225606391
-4542.00874349811	0.050203376902175065	0.025312765295042026	1.5467816281387992	9.16955173037001	6.911802781643219	55105.60380075605
-4542.151316967426	0.05305530072441233	0.026783938601618235	1.4625488326941882	3.9015853413879618	4.229075018760365	52109.35164901312
-4542.012630404356	0.031088709780712674	0.01569534802580547	2.495469683832673	4.841535965509136	4.2990795484911475	88931.45052314487
-4542.9336217367845	0.06016787423116839	0.030383316871233215	1.2905237201158053	1.5674978709823666	3.571863476968718	45928.0065206412
-4542.001302410533	0.04290448273317372	0.021659488907484505	1.8083018794857029	7.084031087094444	5.624536407871693	64441.6583218167
-4542.013050821372	0.03743875686816786	0.018900316975325532	2.07287926280878	3.927705596894701	4.553768030069069	73859.31807386153
-4542.280912099032	0.06128210979225005	0.03092535421514337	1.2666449636954746	2.6411272110650574	4.370487923295824	45118.26008726832
-4542.274178754706	0.0590654578570273	0.02980087438691065	1.3139981536718768	3.0206149489924887	4.290014296692652	46810.02722727482
-4542.266266003153	0.04476878798209931	0.022612790632729248	1.7327555548737354	3.7636525151637774	3.424658546255469	61734.832958622836
-4542.084929904979	0.03499150798859052	0.01766814501282873	2.216948453389498	6.990951694310195	3.2006196258655693	79002.3873411505
-4542.011329099452	0.041452667388634186	0.020910253767231875	1.872360262899526	2.967199592691674	6.242130174052743	66718.27196255387
-4542.015541460539	0.04537237718368814	0.022917321816883676	1.7094829962096587	8.636604916688778	5.2980243928044	60924.26000190048
-4542.220780969563	0.04561414181099167	0.022980682097214777	1.7026726400381296	4.428769571239525	3.595741571117115	60649.534605531466
-4542.396572442649	0.05107735724797478	0.025792826319900056	1.5190418960523553	7.566954937126827	3.9315448921987355	54110.27155234915
-4542.204401231984	0.03225797111594106	0.01627823806846083	2.405795446396424	7.334963534211259	2.751280008794764	85711.22541947737
-4542.311315629416	0.053210137123874734	0.02686097130094939	1.458323494263768	9.891302183375194	4.273036376992014	51950.79693472047
-4542.330482791054	0.06980699719318212	0.0352360702484291	1.111856966614552	9.878503641777076	5.427903654641005	39603.369390620945
-4542.025116923726	0.0345024388151343	0.017414553776230225	2.2486884065432546	6.093216061645416	3.4918975963545624	80135.97853467449
-4542.01658257648	0.049052876517162225	0.02474470364027549	1.582059764554906	6.32840835308347	5.5525086268769135	56377.37395049877
-4542.009429781234	0.035725690511459775	0.01803909830169414	2.1717049048614454	3.9734625542563973	4.72855379400845	77389.18150772512
-4542.01680891745	0.05585302331874696	0.02819929091441426	1.3891892236917647	3.7997747546021947	5.864318308291152	49502.991645462476
-4542.013421758714	0.02489129098672547	0.012572359310408822	3.1161105012294392	5.003567299345174	3.6064558058163048	111054.83737724909
-4542.945407897327	0.058616715009023414	0.029568721701119724	1.3251661856438475	3.093992725232742	3.7265980252237534	47158.8915978858
-4543.3791198682065	0.028758432469295124	0.014497859487044953	2.7009765664051963	4.461299732961562	1.9744323552705618	96090.80404191105
-4542.339587128173	0.05007479410456151	0.025288396262104485	1.5497310464629546	8.042775854996853	3.9405386315110293	55200.6043410232
-4542.576645594601	0.038376432753691625	0.019376855441688455	2.022396485417362	9.8947447320431	2.9948101218936882	72017.3066407856
-4543.472435019424	0.04235567864567019	0.021359707726349694	1.8345375493730438	3.465571064097433	2.6945610549521954	65245.237627534065
-4542.255220256779	0.04325636186039816	0.021841076939942736	1.7941203744489567	2.757571145231241	3.251259869787294	63910.272572374684
-4542.395147479515	0.044052597854573335	0.02223286295856298	1.7620617025002956	7.5257518581757585	3.438976025645492	62757.23605711376
-4542.246140290692	0.027862101417403876	0.01407075004252099	2.7848441118796763	3.7261323604727203	2.2478846725322805	99210.66880769066
-4542.594238077795	0.07566010640938049	0.03817991635660161	1.0264520663983439	8.54019337613589	5.42734732816679	36542.38439962821
-4542.31958966812	0.03738342107898086	0.018873221721661886	2.075892088604627	3.3551056264771595	2.832563773699395	73946.0998327081
-4542.012919174613	0.046813681857383466	0.023628809590215114	1.6574002008012734	6.1422208960561395	6.9128381162907555	59063.706238316634
-4542.225665745868	0.051546664257053176	0.026026263899316466	1.5054407009974784	9.920949679475296	4.279029933579943	53631.03007901407
-4542.013905716562	0.0337278136622133	0.01701120037298593	2.299770820846051	8.647760442927195	5.519114832744402	81976.83979174987
-4542.154082960575	0.03177624543680672	0.016040658050048597	2.4407009979343517	3.4688759714816904	2.6379795036837974	86984.35095711272
-4542.138591462349	0.03590578804009721	0.018135839999278126	2.1609765503856306	8.426955389388043	3.1783401708794163	76991.28392409111
-4542.01289352196	0.03355238668231128	0.01693862822650058	2.3126697477701703	5.133146003923289	7.260976355314465	82409.09836435736
-4542.013556072694	0.030916291279088993	0.01561311298025771	2.5088062243038385	4.811469340969587	6.618456990053319	89413.77538295183
-4542.688312393346	0.03889833922954995	0.019646449464306978	1.9946597469696599	5.891914316398712	2.8466135621468704	71030.31625973752
-4542.01273069779	0.04304838400142374	0.021732007657587413	1.8023875761173016	6.6664317785575795	5.554178244870218	64228.56751519842
-4542.047413253264	0.05038124277012424	0.02542176987926276	1.5396111343131262	9.461672981693017	4.863687579298097	54874.88957479703
-4542.004553391961	0.024851981989751696	0.012541431186430592	3.1218431809903104	4.4650720251163625	4.169675213707562	111257.84506928627
-4542.012775603727	0.03813282756606014	0.0192479560030758	2.0349204394524882	7.217206749860211	5.553879371857993	72512.65996731073
-4542.004163254546	0.024887758276161173	0.012564918578067298	3.115583407883699	5.9452251130896006	5.762875111400609	111061.34164149198
-4542.013884928642	0.04866395352431403	0.024580417695974553	1.5939488925672505	7.004124788461647	6.379694273197993	56804.897302618374
-4542.147576353338	0.047397904298613805	0.023932347698721386	1.6367006417667975	9.935723475280332	4.125260182565439	58320.81936839549
-4542.252565863475	0.04196564970020685	0.021173815728289323	1.8488817442392091	8.72997067700262	3.46564568383402	65875.3269254115
-4542.222951623732	0.037578184256688026	0.01897145232471513	2.0653482463149793	8.576400079175249	3.175516502393863	73573.14199432949
-4542.014075685652	0.0250725401722063	0.012662361738708003	3.093693319115669	8.350423837813974	6.388660383138502	110255.78523430866
-4542.61170554069	0.029508464060067744	0.014903530742479501	2.6296579726715374	9.675790943205813	2.3467066727850114	93645.46482117639
-4542.0105277622615	0.03183769304303732	0.0160715982629483	2.4367383185424893	9.907607865190444	4.932567360442233	86840.34061726014
-4542.293745908759	0.0308564866706944	0.01557764951736225	2.51514002303988	9.900869016216665	2.6180363754795364	89592.52560017163
-4542.3138024427	0.03487430215592661	0.017623208238136786	2.224997841600563	9.96435480248233	2.9140284548048396	79252.09117770882
-4542.1188032660075	0.027004391776536876	0.013629645997150221	2.8735055290037614	9.379175255964787	2.500441314259265	102386.01633196558
