# /home/maycon/.conda/envs/dadi-cli/bin/dadi-cli InferDM --fs All.cc_cm.folded.downproj.fs --model sec_contact_asym_mig --cpus 16 --output-prefix All.cc_cm.folded.downproj.sec_contact_asym_mig --lbounds 1e-3 1e-3 0 0 0 0 --ubounds 2 2 5 5 10 10 --global-optimization --optimizations 100
# Log(likelihood)	nu1	nu2	m12	m21	T1	T2	theta
-3284.3864697297777	0.3771609199243808	1.346718921145023	0.01755366619660185	0.28118149879780663	7.865570082378921	0.3104203861742001	4529.789134298295
-3329.758437932362	0.38777095682026375	1.368042597604638	0.01621270235493449	0.25763728831537674	7.775313238146755	0.3416795667206273	4520.703241706725
-3329.758437932362	0.38777095682026375	1.368042597604638	0.01621270235493449	0.25763728831537674	7.775313238146755	0.3416795667206273	4520.703241706725
-3360.492811852512	0.4004860259234218	1.335107244200284	0.015407824079416356	0.24186780508874742	7.819832955049732	0.38399100287394716	4497.9712312279435
-3263.6172449974665	0.3788294429844702	1.361659140722193	0.017947841264367614	0.28110421875309666	7.8279191500596985	0.30578955930183727	4531.173927816927
-4333.373954381058	0.2999031241717535	1.3909588346535888	0.03151695621305135	0.1577575599863721	5.728859864683957	0.6838662794911189	5334.190620426476
-5562.142629401373	0.009215485852064245	0.026646822379662566	0.5019887534546249	4.927131462284441	0.7329874411484463	7.692962612721155	184545.86751889708
-3271.4288951147114	0.37892349850457224	1.362631856693572	0.017764963906788084	0.28143446655263094	7.822889903199628	0.3042626490319232	4532.522414219553
-3395.699432156587	0.39957610470796406	1.3453549199266288	0.014636469830232668	0.2502756292098256	7.8047173719430445	0.36647682910744944	4502.998896080036
-4106.046662723283	0.3567325359449631	1.3368324458648866	0.016796984375198606	0.16515535678836665	6.351080862947927	0.69185750311871	5002.358735816281
-4597.224396162755	0.3424320264912015	1.3309825463568772	0.011515906877757769	0.16009887770194375	6.195642810338353	0.7198277276149697	5085.66342728084
-3395.699432156587	0.39957610470796406	1.3453549199266288	0.014636469830232668	0.2502756292098256	7.8047173719430445	0.36647682910744944	4502.998896080036
-4597.224396162755	0.3424320264912015	1.3309825463568772	0.011515906877757769	0.16009887770194375	6.195642810338353	0.7198277276149697	5085.66342728084
-4339.817464561338	0.3482538628156448	1.3341463160525522	0.014141932632756407	0.1602410587772925	6.222953328145744	0.7091909767652261	5065.165821052239
-3274.3693765827416	0.385516536950117	1.365663677001887	0.01734414660413516	0.2777759447779331	7.82101809336874	0.3152467888134886	4518.943927846131
-3742.7889330411404	0.38842228838924003	1.3239666792066374	0.014425216766654697	0.18339739635699379	7.140325776037832	0.561502261770421	4700.89785116454
-3742.7889330411404	0.38842228838924003	1.3239666792066374	0.014425216766654697	0.18339739635699379	7.140325776037832	0.561502261770421	4700.89785116454
-6871.7901493535865	0.0036014954566004143	0.02189136159693705	4.111339674872508	4.95	3.923301097729443	8.162605284110423	281294.0461610784
-3984.9967167693903	0.38443141844049433	1.33754398643542	0.014961035322228035	0.16733837205355037	6.646662852537899	0.6472640732828628	4852.701506133156
-5523.156334445751	0.011632861814379697	0.03452281788822623	0.4187286251561813	3.8240397460539075	4.149765351397304	3.476513742071648	143867.36627947923
-3282.4150038724038	0.3861206167815671	1.369234970432228	0.017255684249240993	0.2605253290132575	7.777134929036484	0.33652581499175627	4523.104475637668
-5037.4830473578695	0.24568393056571516	1.4592724712576697	0.029206111961694613	0.15842249600752922	5.044266827898505	0.5037236237881125	5798.825053036032
-3271.4288951147114	0.37892349850457224	1.362631856693572	0.017764963906788084	0.28143446655263094	7.822889903199628	0.3042626490319232	4532.522414219553
-5689.4738507629145	0.0063405146750924995	0.025632925713760687	2.0223439203458886	4.95	9.9	0.918754470292206	192960.99670936103
-5490.151598782662	0.008800110813885768	0.02619541361285955	0.5787384228825168	4.95	9.9	9.030648197460337	188229.49571867613
