# /home/maycon/.conda/envs/dadi-cli/bin/dadi-cli InferDM --fs All.cm_lo.folded.downproj.fs --model asym_mig --cpus 32 --output-prefix All.cm_lo.folded.downproj.asym_mig --lbounds 1e-3 1e-3 0 0 0 --ubounds 2 2 10 5 5 --global-optimization --optimizations 100
# Log(likelihood)	nu1	nu2	m12	m21	T	theta
-3769.46546411716	0.05923237545014219	0.012955900904605598	2.080792932729904	1.6290682073208977	0.49953069662084054	72071.65933602754
-3801.0891768143347	0.014588551988060921	0.003784142486169573	8.740434342759718	4.95	0.2742419677641246	283399.5199485939
-3771.3611960757007	0.07223733057943417	0.01592623060319902	1.7061396828848459	1.3153954381642814	0.5042968919102996	59215.04601696985
-4019.070270677904	0.014510903606807417	0.0037272898126189057	7.981694289376214	4.254172296675724	0.967239997759698	351568.7806323276
-4015.290490208571	0.03146066445699639	0.007671830064394798	3.6291113523725396	2.130990596619739	3.1183091049517713	164513.79828575623
-3804.3208147941377	0.014347956798897896	0.003756859122038721	8.884685879807375	4.95	0.2728086691208157	287621.3275940985
-3769.087361466354	0.028958947600860728	0.006315715327561656	4.258468294201362	3.341328998849758	0.3811923239509707	147173.89856752523
-3769.1856061887047	0.047387438438944905	0.010402612263557728	2.6073551310726115	2.0281874384711296	0.4719909589974527	89690.89353582259
-3769.088044668736	0.04451654660565537	0.009708250111748295	2.76966793154756	2.1827103191542987	0.4621553151924805	95718.47469030845
-3771.211236799515	0.02787211587050393	0.0057768043452627585	4.380344519923739	3.7681290474050044	0.3602423226945877	153695.7805446752
-4013.878781887275	0.03005842052991847	0.007336252681488096	3.800508360962759	2.2280868863884438	1.539249189059787	172033.93088341958
-4015.2912785092494	0.03158658730820186	0.007696280911139836	3.612574147472504	2.1265872181713505	3.1203642107322196	163894.21883705189
-4015.2062945856924	0.02585264896127297	0.00630004877462896	4.414957387249442	2.5969643150981097	1.7983982057567807	200233.09735527312
-4015.2848342185666	0.04665300379640387	0.01139585836018004	2.447555954858424	1.432880714359051	3.6303801651864904	110866.92011143433
-4015.2616282789286	0.05157959367427979	0.012587877173380311	2.212930211935104	1.2982303706782468	3.639784912588761	100302.27767519279
-4015.331345182746	0.014723095217030644	0.0035726489140991582	7.740305911359327	4.591848196579671	2.700846239678053	352004.1039248683
-4015.322734280212	0.034463608712139514	0.008377305191652714	3.305768623685442	1.9586105432927239	3.227892027613609	150294.6335986142
-4015.452502700954	0.02409496411527869	0.005815605111337728	4.727221276190561	2.831245075339427	2.3270912662669367	215520.57743357346
-4015.3968596553323	0.041510664252507545	0.010208945730607566	2.7534203068465044	1.5930006029429986	4.716964634188154	124318.32971699926
-4018.8666610410833	0.019037211652413042	0.00444893082763148	5.909981920604237	3.804557908820462	2.198064489336158	275549.33180328243
-4016.040550007956	0.014129774527653984	0.003379857426889274	8.023336573205983	4.916147467817592	3.2572439712897228	368457.1129821085
-4015.320865149678	0.02159802796618768	0.00528745932759458	5.2917648008681235	3.0822674440949127	4.824139338987589	239329.3792523926
-4027.0217527222067	0.011665748665808388	0.0030593882802189016	9.9	4.95	4.158545613040983	431120.79183442506
-4032.3890171423486	0.0129462064298622	0.0034667024542421603	9.065449285470132	4.327883977093831	4.288719574580439	388328.3882056787
-4015.290796668222	0.01701140521680891	0.004148833217250562	6.711482454224026	3.9387096179964445	4.602624103126671	304210.3816317052
