# /home/maycon/.conda/envs/dadi-cli/bin/dadi-cli InferDM --fs All.cc_ei.folded.downproj.fs --model no_mig --cpus 16 --output-prefix All.cc_ei.folded.downproj.no_mig --lbounds 1e-3 1e-3 0 --ubounds 2 2 10 --global-optimization --optimizations 100
# Log(likelihood)	nu1	nu2	T	theta
-25985.016194422467	0.06364875815723622	0.10280049342074203	0.10764076219024452	17400.047569771268
-25984.975110064894	0.06362633197672236	0.10283766117524214	0.1076631458793165	17400.32936818447
-25985.017404766288	0.06368874712180787	0.102879654190049	0.10771351366553537	17396.46324227321
-25984.976936993728	0.06360674369047391	0.10282710857149967	0.10762971753275223	17400.612556621323
-25985.026238602757	0.06331274531726856	0.1023257652999239	0.10713231130670563	17424.20479763116
-25985.01621499372	0.06364115741935314	0.10278894677362715	0.10762861393209068	17400.609786291094
-25985.016199332786	0.06364854932804508	0.10279860259918332	0.10763951373630541	17400.10944926249
-25985.016418522402	0.06363280250105381	0.10278793042399284	0.10762352831150727	17400.950029004736
-25984.980621145998	0.06352235689803881	0.10266405867601597	0.10748726684786263	17408.460386242805
-25985.016823874616	0.06338913765386998	0.10236493902611062	0.10726232316496191	17423.204602150498
-25984.97603150269	0.0636258635090355	0.10284981330499343	0.10766192470420581	17399.626005871363
-25985.034211656697	0.0639451828919743	0.10338546996894399	0.10820371414310771	17374.64667416086
-25984.980272146913	0.06371874262566805	0.10292253867726725	0.10781931692828282	17396.965463200628
-25984.98479648443	0.06374195353513358	0.10304754085828184	0.10785904028154981	17390.375906843692
-25985.016224646602	0.06364603048651125	0.10279282009423779	0.10763351503735513	17400.315774949006
-25984.97666252405	0.06359566886865395	0.10278556613546942	0.10760985464512572	17402.71333140181
-25984.98548193014	0.06349324575710183	0.10258527557990464	0.1074374752992484	17412.399972847685
-25984.98444627631	0.06351992785785494	0.10270652209070849	0.1074826057891549	17406.02848532879
-25984.983180660976	0.06352156272152722	0.10269997689788857	0.10748521730915703	17406.411443262514
-25985.016187913465	0.06364866066982508	0.10280074695189496	0.10764192458689481	17400.09185521979
-25984.975247852202	0.06360325829384744	0.1027689877608681	0.10762403461603251	17403.810383358017
-25984.978450728126	0.06356881279736971	0.10276788040300079	0.10756561963883601	17403.35149659461
-25986.122238031785	0.06213643607652115	0.10055302775292943	0.1051423669999371	17505.973122095245
-25985.505215709785	0.0646219351525101	0.10450746699803379	0.10934726736359239	17322.48123023755
-25985.0161876265	0.0636473553528233	0.10279792482837384	0.10764015175792346	17400.249307517213
-25985.01618645299	0.06364770887949552	0.10279852217460153	0.10764052318305738	17400.21106396979
-25984.991295391617	0.06355042553931338	0.10267987326144071	0.10754113987613885	17408.29541464068
-25984.98569983168	0.06349255393114266	0.10263912606115927	0.10743573498428553	17409.35541107446
-25984.984561016056	0.06374630525862235	0.10301785314590006	0.10786417459590174	17391.992859538255
-25990.516958396664	0.06059625806514751	0.09933811002694844	0.10311954914150914	17577.55117448457
-25985.01620585081	0.06365424022757837	0.102807982217196	0.10765093044521638	17399.752272997295
-25984.976092960864	0.06368287523448085	0.1029063315372659	0.10775910194162022	17397.357859016684
-25984.97745512294	0.063642962800262	0.10280319609696774	0.10769184464939924	17402.523153866216
-25984.975830380972	0.06363738916103984	0.10286455738230292	0.10768193501932993	17398.999162752767
-25985.10273298335	0.06413029888764545	0.103541693817398	0.10851642865843579	17368.657620048878
-25985.064230585707	0.0640495025009652	0.10349976603991948	0.10837894646344716	17369.77795592515
-25985.016196384633	0.06364795775726875	0.10279632876251135	0.10763896728933725	17400.24783873568
-25985.01618670422	0.06364745702159338	0.10279859281899749	0.10764028586394779	17400.211888956772
-25985.016194803993	0.06364587927709467	0.10279437844694157	0.10763766086597609	17400.42522264769
-25984.980804857092	0.06373181161352852	0.10295026224804187	0.10784106846159311	17395.59961065269
-25985.016215379124	0.0636548931937277	0.1028096053226857	0.10765367010195316	17399.745288334892
-25985.016247708878	0.06364255582692427	0.10278472785034069	0.10763085875906842	17400.860320912427
-25984.98875983933	0.06379697726294405	0.10306094382992036	0.10795151787759051	17390.41390669021
-25985.02544044148	0.06387043072964485	0.10331390248501239	0.10807721992415809	17377.51901329309
-25984.97822084074	0.06370563940594069	0.10294137945295904	0.10779604763964033	17395.67440414617
-25985.016189109607	0.06364878370510303	0.1028010770484571	0.10764222873245469	17400.079621418292
-25985.00136083342	0.0635564500826417	0.1028420218102551	0.1075453040858651	17399.060430713565
-25984.98562665067	0.06369033127583737	0.10299589726010477	0.10777063262266232	17392.435716196185
-25985.002884126916	0.06386294799093083	0.10320545860047786	0.1080639848514913	17383.395773348842
-25984.978185630163	0.06361961934735862	0.102757970443718	0.10765167852706187	17404.666957183763
-25984.974836254532	0.06363950928098884	0.10282896825513616	0.10768560566937198	17401.017370283524
-25985.016233432347	0.06365757697807922	0.10281425072765718	0.10765608702581611	17399.430683358034
-25984.97658215038	0.0635677388778231	0.10272587710517557	0.10756376938130187	17405.677031839117
-25985.016188130285	0.06364694558161328	0.10279776595477896	0.10763970622234997	17400.263225664236
-25984.983128616324	0.06355118652546649	0.10264237218633267	0.10753577440261944	17410.09133036096
-25985.053808939334	0.06402075153046811	0.1034654782188815	0.1083298951821519	17371.24051051652
-25985.01618798684	0.06364730936341131	0.10279899186403096	0.10764011449957532	17400.190986274454
-25985.016187899266	0.06364832846420611	0.1027999066377134	0.10764161831305773	17400.145263882037
-25984.98244428565	0.06351102036131151	0.10262805033147152	0.10746840834383367	17410.31596783562
-25984.985337040333	0.06374634952749203	0.10295728930804088	0.10786463608552956	17395.378315523234
-25985.059612326113	0.06395143982863483	0.10342683301693709	0.10822219368125248	17372.81271663484
-25984.99386898103	0.06343936996585298	0.10255585057444129	0.10734656428424968	17413.24393332557
-25985.01619060554	0.06364964809536147	0.1028002179883449	0.1076432774674703	17400.12172198451
-25985.01618762773	0.06364901352400013	0.10280112331909162	0.10764281209059959	17400.089244662595
-25984.980089557594	0.0637266203164636	0.10298628125775147	0.10783169570996354	17393.493118949365
-25985.11673777232	0.06320181427312961	0.10210713009160899	0.10690731992889269	17433.11103453087
-25985.01624300415	0.06364547209492778	0.10279511888000074	0.10764107684368827	17400.563028006618
-25984.99255829579	0.06351918494212634	0.10256425767959533	0.10748147546577261	17413.969450852757
-25984.98523308588	0.06372799965515061	0.10303847129682045	0.10783484996145679	17390.647694132567
-25984.989651795397	0.06378966341378471	0.10310729127340879	0.10793986890451181	17387.764105712144
-25984.97878545703	0.06358618413784094	0.10274446108084359	0.10759734989152316	17405.024895353425
-25985.016772763396	0.0636196279519089	0.10274368153465009	0.10758994835214719	17402.710691112647
-25985.152126516143	0.06307272892367112	0.10185945528177932	0.1067257260471187	17446.710481786868
-25984.984827238703	0.06352120885336672	0.10271239128727494	0.10748527444471184	17405.742756747244
-25985.045422286552	0.06341028096055407	0.10248469669680763	0.10725954132160756	17415.10168859834
