# /home/maycon/.conda/envs/dadi-cli/bin/dadi-cli InferDM --fs All.cc_cm.folded.downproj.fs --model split_mig --cpus 16 --output-prefix All.cc_cm.folded.downproj.split_mig --lbounds 1e-3 1e-3 0 0 --ubounds 2 2 10 5 --global-optimization --optimizations 100
# Log(likelihood)	nu1	nu2	T	m	theta
-7289.434861927518	0.008160665993705726	0.054573082863640314	2.3280195608920122	1.9189669258436002	116950.6598152922
-7298.155816080572	0.006531653760877036	0.04397803508476412	2.561435388585359	2.3846917694948377	145423.47952884503
-7296.485905861741	0.006775602424486002	0.045546291692233606	3.3894357772370465	2.3001662186020977	140324.64376326537
-7295.411482184693	0.006559624736870044	0.04405512282790815	3.4611844031204586	2.3778500574186525	145056.63085291666
-7293.785173111185	0.010473262169814193	0.07026822329149889	8.743973103583848	1.4910617307628804	90943.1677965972
-7289.641664057625	0.006585011848853617	0.04405437067718406	7.14084979344107	2.3793143481282355	145048.8900130678
-7291.707646904495	0.009409496449774336	0.0629987193934874	7.728747297099202	1.660838149910319	101344.5284749103
-7288.561294894767	0.008327092826698626	0.055628737576010626	8.334365599889304	1.8812476112266483	114758.05617410407
-7292.9903563093285	0.00665715023132481	0.044666360787132625	4.73436199192347	2.3492807196886605	143182.9801316844
-7294.096951119017	0.0073134247210153705	0.04909752032292947	3.747788420258444	2.1358232603862546	130222.36424928666
-7287.7849693461	0.005435851813432259	0.03630687736053401	5.116295300712542	2.884535826878727	175893.56387318313
-7376.440259033537	0.009222958118672804	0.06155823832077727	0.6836188903680626	1.8520888689145987	91261.2358203023
-7290.975980765742	0.0099015751393175	0.06632400196368751	3.76827508053163	1.581159766382831	96377.28820324296
-7290.098486230192	0.004820749486346901	0.0321132334221356	5.1745615325113326	3.233629026673924	197939.86332745684
-7291.846240724127	0.005602254418907921	0.0375468545285938	5.143302325143943	2.792477386105133	170242.9102291904
-7290.395814108373	0.0045115143740129295	0.030140911955000092	5.58488169246725	3.4624446198092906	211497.54406616665
-7376.027483569874	0.00934226950535152	0.06227757462473215	0.6837179901260538	1.833064829613924	90149.04103895613
-7384.447493326831	0.006098281050719256	0.04061575900726014	0.5582940912868449	2.800509433720241	137339.8278365605
-7315.161278564024	0.0031165891536497937	0.02125577923884448	2.493412852283088	4.95	301779.20032192714
-7286.553971411165	0.004200822253672179	0.028011421255529623	4.763806867250544	3.73339017779225	227777.09013859797
-7292.036903885937	0.00935287299354554	0.0627121023025495	3.896718080233518	1.673204627193836	101971.29804172598
-7289.711313689713	0.008031188058628506	0.05366915092638488	5.707168793355688	1.9479408705315668	118889.06744645862
-7292.256474365947	0.0046573825911266145	0.031185165791113967	7.534086770222523	3.3530275357888195	204666.38932772
-7289.805004424621	0.0032367927477315304	0.02156422709249463	5.167132282355999	4.818860404547888	294880.5813886723
-7283.950068609575	0.0035426587019715488	0.02355089772783346	7.904526337359953	4.429157803636574	270478.8969775948
