# /home/maycon/.conda/envs/dadi-cli/bin/dadi-cli InferDM --fs All.cc_lo.folded.downproj.fs --model split_mig --cpus 32 --output-prefix All.cc_lo.folded.downproj.split_mig --lbounds 1e-3 1e-3 0 0 --ubounds 2 2 10 5 --global-optimization --optimizations 100
# Log(likelihood)	nu1	nu2	T	m	theta
-5426.05448736777	0.03467897444453812	0.04312929719508426	1.0539782252628784	1.1871160899207633	33911.18115183237
-5429.239131022041	0.02227232794487567	0.02772316270703794	0.88270864787211	1.8497222443561867	52725.27082112427
-5429.54856281161	0.02264368026331996	0.028166788780852894	0.8898160062427712	1.818736206303788	51848.94639198654
-5431.059853672986	0.049579098866672576	0.061650927025351035	0.940441210588065	0.8309830728596314	23664.14237854744
-5313.027210743405	0.025696874126133123	0.031976241637321316	2.2692517667050596	1.5266613472720891	48416.04721004187
-5312.390878346762	0.03443044808840436	0.042868072613316266	2.990099819154614	1.1388393604720242	36149.3225772898
-5427.512067836117	0.036695600630766226	0.04564143751308209	1.0592019952164475	1.1213425073716512	32022.301353870953
-5312.085314956662	0.05435077379412165	0.06779119356845013	6.5714838164069755	0.7201175860513108	22905.034580887816
-5310.43330513013	0.039693863653641845	0.04936936239176131	4.159620040595383	0.9871117394800443	31390.19745105159
-5309.982267957981	0.016447025470600205	0.020468756778126186	2.911658201809405	2.382859962927687	75782.70830723934
-5310.313236549982	0.02947816538419718	0.03669252627785943	6.205520291696245	1.3290428861685188	42273.284622778
-5309.212443646053	0.03150231463849556	0.039165505344214264	7.991651855860087	1.2445646245359905	39582.34033925465
-5310.173891535661	0.03723852558538767	0.046331376795980025	7.219522718244156	1.0520093088644773	33465.522619660595
-5309.642169131625	0.031576949973141206	0.03928037829685492	8.119579830346007	1.2413091595322354	39478.91337312321
-5310.678179872285	0.03057130897088197	0.03806516766428205	9.817683699801046	1.2811587011714727	40752.910004506615
-5310.553523199061	0.027964745770026004	0.034841581735754634	9.739350212090256	1.4012557052154286	44557.66401928809
-5310.3465281584395	0.010068126743769	0.01253482632766033	2.44382035557413	3.8915333767301132	123770.1009376952
-5309.786534977922	0.00902522400078597	0.011232317764102275	3.759913807859292	4.343414309353828	138120.3955560804
-5309.879389914689	0.008142424680424091	0.010133086666272014	3.3871879195163177	4.813625196763304	153084.86552988368
-5310.0806799544625	0.013441448567745429	0.01673118686394367	5.055069878689161	2.91557270616556	92723.7487100108
-5308.8615923862435	0.009087610001604482	0.011303009110374749	3.734431292592861	4.3171334766314855	137250.24052115204
-5309.714431536924	0.00976865296392935	0.012146584219995156	8.662378957024037	4.011336234885794	127605.39425981909
-5316.718010695261	0.007854814685821231	0.009771963784819421	6.9677594239973795	4.95	158007.1676799728
-5309.840803209063	0.010126924008325738	0.0126011689709902	8.743390607332698	3.87028028602112	123088.10900881242
-5310.392768131427	0.007911998082035665	0.009843671302845665	7.496621978219848	4.95	157485.59123132675
