# /home/maycon/.conda/envs/dadi-cli/bin/dadi-cli InferDM --fs All.cc_ei.folded.downproj.fs --model asym_mig --cpus 32 --output-prefix All.cc_ei.folded.downproj.asym_mig --lbounds 1e-3 1e-3 0 0 0 --ubounds 2 2 10 5 5 --global-optimization --optimizations 100
# Log(likelihood)	nu1	nu2	m12	m21	T	theta
-8042.177138568448	0.015159579620721206	0.019892419027657326	1.3713715813690248	4.87894230378392	0.8220252544244562	114249.54532983805
-8035.043772016972	0.014780765038288993	0.019559259934460598	1.4142609567430358	4.95	0.8267238963382626	116717.50921255797
-8047.096115707517	0.027474578668688444	0.03638559043481154	0.7572629868039489	2.655066133725525	1.3628705567975556	63021.0730732481
-8081.515600120279	0.03535144930426729	0.047443333601905203	0.5831323521480052	2.0159955447149427	2.8210664257927593	49194.25926618355
-8031.976360994173	0.01965358891969648	0.0259648953485716	1.0635019709262445	3.7364820507761034	1.005724497637118	87835.49483503576
-8080.970516554935	0.024371776308311464	0.03276211288472415	0.8468289819672437	2.9165471360149744	2.7042103366337065	71321.79256360952
-8083.128412927901	0.026296990932916722	0.03531139144411607	0.7838093054296155	2.70661182666711	2.891418198300617	66148.535228532
-8085.255286307096	0.02167907716505968	0.029110202679368168	0.9494644773838176	3.2842467584880604	3.456002551378659	80250.63054822703
-8063.032332101529	0.016037372591700436	0.02141875042239263	1.291642407554824	4.48868748364752	1.058159563523686	108093.79620709275
-8052.142095558519	0.03860383192250307	0.05144415824342549	0.538784581839007	1.8723907805268623	1.8046729284439422	44819.83329071607
-8085.308478864008	0.028042924838471067	0.037672859109557366	0.7341796006067745	2.5369783496845937	4.95	62013.601781947276
-8082.51901217568	0.035272143722028776	0.04733331411699208	0.5847500970666629	2.018276225291025	2.632586001356154	49257.86352299516
-8083.4606289205	0.030298695220076905	0.040728102295306164	0.6800458296761343	2.347112618298026	4.389090591495335	57380.399796328784
-8037.932386426255	0.01479050305418012	0.019528869492374683	1.4137565409362627	4.95	0.8071013995202795	116403.84149797629
-8085.131546498685	0.01700371649200849	0.022834704880934666	1.2113539259503214	4.1839181330527575	3.787484597437302	102287.3648821832
-8081.2567630311105	0.01510182939805682	0.020319588225659355	1.367229725799361	4.699395628513176	3.667880541551401	115019.4647794152
-8082.367790945299	0.024603273143187138	0.03307278524167089	0.8381183714369784	2.8896927828500636	2.8191607998705663	70654.02607298734
-8085.119203615969	0.02503932329280603	0.03366360212621874	0.8227530505504868	2.8374524492314195	4.941379050824653	69404.0429408185
-8081.958029876928	0.022461460455981668	0.030244138074352896	0.9186197588911509	3.158420913912663	4.7603128237828995	77300.4430515604
-8081.0647597200295	0.014585905679723524	0.019634214270880992	1.415725552360836	4.863437054025736	4.95	119052.5412760491
-8083.100131071838	0.01559092746841137	0.020952582054851277	1.3224746078023453	4.559822830491819	4.95	111511.47651903586
-9649.88707744581	0.0039521016671021075	0.0128889765827365	9.9	4.945404972613956	2.2152197730933585	259362.12450655864
-8087.785344932494	0.015735317551935777	0.02114052314007423	1.307802070671134	4.5169139548037895	4.95	110470.05115764448
-8083.001385909156	0.01811781472265316	0.02435350884573884	1.1378547203309117	3.92394135936642	4.531139646611883	95952.72174059205
-8113.4910446243575	0.014135472280265547	0.01905522198756257	1.4535377709347101	4.95	4.778305983733549	122095.18281786793
