# /home/maycon/.conda/envs/dadi-cli/bin/dadi-cli InferDM --fs All.cc_lo.folded.downproj.fs --model sec_contact_asym_mig --cpus 32 --output-prefix All.cc_lo.folded.downproj.sec_contact_asym_mig --lbounds 1e-3 1e-3 0 0 0 0 --ubounds 2 2 5 5 10 10 --global-optimization --optimizations 100
# Log(likelihood)	nu1	nu2	m12	m21	T1	T2	theta
-3064.1998275678284	0.6402644634820931	0.20890491363736974	0.024059547619735555	0.36810033688211313	6.157907852443528	1.2428680567518975	3103.432995276352
-3130.6880172282067	0.6362235706454379	0.1860047676495724	0.020604475313673994	0.4195056245783078	6.318047424290017	1.1315380687575811	3143.5848339576933
-3064.1998275678284	0.6402644634820931	0.20890491363736974	0.024059547619735555	0.36810033688211313	6.157907852443528	1.2428680567518975	3103.432995276352
-3130.6880172282067	0.6362235706454379	0.1860047676495724	0.020604475313673994	0.4195056245783078	6.318047424290017	1.1315380687575811	3143.5848339576933
-3049.9862308447277	0.6371624136035046	0.18246448677582489	0.022544239475918174	0.4255436421541758	6.3232394856032395	1.114476675420249	3147.3357803447343
-3064.1998275678284	0.6402644634820931	0.20890491363736974	0.024059547619735555	0.36810033688211313	6.157907852443528	1.2428680567518975	3103.432995276352
-3135.803818395471	0.6057921896169054	0.22152561255643133	0.02588823945781317	0.337698396564164	6.00668396938861	1.2198411951661154	3118.912447763514
-3152.6332494823396	0.18298172249590877	0.026541371562899176	0.06549302300276	3.2601652359309563	9.427782062611358	0.6209145993794696	9976.238113546562
-3309.4576670672436	0.8021335796080784	0.2840323397832329	0.015608147600843711	0.25771883104549237	6.309164463929853	1.4522035494152539	2668.5360499472313
-3317.46825600233	0.7773717114883274	0.3241043139851124	0.01739103391662844	0.2339260595439439	6.326419603300626	1.4292072471616324	2619.5380015670044
-3291.4455648741996	0.7672257730035865	0.3329604726696937	0.01883736985764744	0.22814931934211943	6.322959703208547	1.4337314576700702	2615.690880967603
-3334.84795233673	0.7147211012295465	0.3535146599097426	0.022346926648296683	0.20600793940652193	6.24509828715585	1.3985555381841526	2637.0164924834935
-3288.0954359268408	0.8001162597224325	0.28657738004742755	0.016117091125812236	0.25620272727812554	6.310936858081103	1.4508807625059714	2665.509162289215
-3041.332810279717	0.17830443642925708	0.029881545858236817	0.0763711785804718	2.733942114420771	4.762757927688906	0.5347582146204667	10400.552026397843
-3224.0122910631617	0.7919786200655953	0.29022569519785324	0.01778453622435945	0.2542471655444809	6.320065296674078	1.434731552547027	2663.8018441346126
-3132.9242566528806	0.07793138760136348	0.01743529473436506	0.1662368868320704	4.730691853157602	2.6419236642234334	0.4059205052153284	23456.45253207597
-3669.032580936161	0.025019825525554082	0.012883016561293904	0.5047712201588558	4.95	0.023659814909675933	9.665517632438483	80653.17843593817
-3317.46825600233	0.7773717114883274	0.3241043139851124	0.01739103391662844	0.2339260595439439	6.326419603300626	1.4292072471616324	2619.5380015670044
-3102.0785325623287	0.6036323936161413	0.22189413884128456	0.027666192419639912	0.3358499316572936	6.002244515152115	1.2197075664253354	3119.540389203456
-3194.467137413807	0.6126317216941204	0.21737865402544831	0.023271145104678037	0.3352803536466139	5.964499620022602	1.2361641109338937	3127.4576604800973
-3297.997773131266	0.8044550360794037	0.2848623697016053	0.015777383513376108	0.2575493119188707	6.316233140702881	1.4498114270898155	2663.367329498492
-3669.201799035001	0.02492670812921875	0.012847143106545417	0.5076216484087503	4.95	4.620091378791178	8.80019943098641	80804.13432305836
-3672.4282087493098	0.024979992379729546	0.012836495145296318	0.5037778398452704	4.95	9.9	7.5673361627852875	80732.2141398801
-3414.9615367663164	0.031124678200636417	0.014839978645089923	0.6377967935074267	4.95	6.148051048888434	0.7150519184412589	49988.859923142
-3658.106284981229	0.024425091900183542	0.012788260508492962	0.5326883262726716	4.95	9.384662926328618	9.9	81565.18612315666
