# /home/maycon/.conda/envs/dadi-cli/bin/dadi-cli InferDM --fs All.cc_lo.folded.downproj.fs --model sec_contact_asym_mig --cpus 32 --output-prefix All.cc_lo.folded.downproj.sec_contact_asym_mig --lbounds 1e-3 1e-3 0 0 0 0 --ubounds 2 2 5 5 10 10 --global-optimization --optimizations 100
# Log(likelihood)	nu1	nu2	m12	m21	T1	T2	theta
-2138.7886355471683	0.9560208683149937	0.15776769037454583	0.04047295617665491	0.8675512153567353	7.090097095681744	0.11801373987816237	2375.5282527404065
-2137.0632136778477	1.0287924662921226	0.15054175121319208	0.03830220206058867	0.8968711843328909	7.737993650881869	0.11923313931079806	2210.6333296258276
-2150.2051525150364	1.3206314099810725	0.2599456410825959	0.02747126727407582	0.5266395720355613	10.0	0.18486811896910305	1726.494705921072
-2136.996991079052	1.282101773767654	0.18290420667056895	0.0307870489593638	0.734602441260798	9.892116579667366	0.14706084494704166	1774.9759336395691
-2145.3976817748326	0.7824393286658371	0.14377406875566023	0.047911443307189085	0.9332409346341265	5.616057371963577	0.10677443455022761	2892.7334908284324
-2137.029440264024	0.9874585421800637	0.14148216731189367	0.03978535081932961	0.9491610198412662	7.388636269586295	0.11375560980820973	2304.335261975968
-2140.770241466658	1.0443444337891423	0.17643971712825596	0.03816219163847045	0.7821000275961202	7.8309875393259345	0.12916365843630945	2174.0502037359465
-2137.1856213203655	1.089840918810181	0.16172369487912525	0.03587983230683846	0.8344616931289838	8.220046443140143	0.12739619577000236	2091.3092337774515
-2140.7961858378576	1.2000874383374451	0.20910828872955178	0.03154472347197425	0.6627951137471736	9.055109516756776	0.1523034968667139	1901.296291008974
-2137.905048257788	0.8496975665095425	0.1349974986709778	0.04566646760382395	1.0183079789297615	6.215318760680519	0.10218656918536581	2670.0782121083325
-2151.2710141944613	0.9204866430339277	0.18908359053654988	0.04027341816152946	0.7479364210847711	6.887612430201397	0.1292574663038166	2428.1450192259417
-2142.647824983188	0.9053043055299402	0.1649494388723134	0.041954802707360045	0.8415185499824275	6.616656101223514	0.11810713620845398	2509.612957993332
-2145.728816466622	1.114340128190314	0.20707651677755648	0.03421632266565858	0.6543594609191776	8.447963359739559	0.15199781413316565	2026.8845889841352
-2142.5812168534767	0.7564135936139068	0.13531470868125758	0.05219963400281923	1.0466857003585897	5.416042648434185	0.09443913626982124	2989.9751132198994
-2137.1013627246207	1.2413765183196113	0.17156968238635428	0.03176038580223251	0.7781330474949445	9.555305978820208	0.14055455921874727	1833.9097489854046
-2137.192330756894	1.138091285761792	0.1707522534870183	0.03421947646901016	0.7904030230545958	8.659823680433542	0.1345555276952585	1997.665531140979
-2137.2063544252887	0.9599520518096037	0.14379897580360962	0.0408917308304985	0.9406226143622	7.138397110146215	0.11274285043244792	2370.2766210777954
-2144.86622760509	1.1635988626130995	0.22114492387717252	0.032447848212074824	0.6427389537131871	8.939085348275983	0.1525622976310614	1930.6650657038883
-2144.8112481324347	1.1081966430438306	0.2056352276439406	0.03269469660767515	0.6644785953325472	8.382529060736415	0.15111569957346677	2040.1725107404109
-2137.0533822934094	1.1239058230857524	0.1645213011074357	0.03502344803011543	0.820861454714762	8.53648832723408	0.13030615665134093	2024.842694169429
-2137.538591188623	1.2627489333513664	0.19560412957044057	0.030660265419259303	0.6923757951815737	9.703219868371168	0.15198717058580874	1800.2668953436996
-2148.2567463174387	0.983797404831271	0.11834934379233726	0.03692707998835069	1.091975929486652	7.381248264060975	0.1079208226043254	2320.9185585716095
-2137.159929788332	0.874525488549929	0.13020924152787555	0.04483489411811604	1.0412199707828769	6.425430977045511	0.10208638460284127	2599.711975764224
-2137.547510909377	0.9082500488940819	0.11995331517884127	0.04370072960519125	1.1107087237035682	6.734459196015716	0.0994550731466321	2507.337871767381
-2137.952068666544	1.010226484322379	0.15586209736074988	0.03836179800213026	0.8699459502393939	7.6683171096867575	0.12149767065573608	2232.512600332527
-2140.1985699185734	0.8938765415598331	0.15456830883450542	0.04243354107856234	0.908953551798334	6.559422613415284	0.1118235442861573	2537.9476610489237
-2137.0596174300613	1.2398933664704006	0.17951928009332782	0.03156279707816444	0.747210584169458	9.516046657202882	0.144339430946118	1836.5735372817503
-2139.445804776259	1.3079765445549567	0.21879389050746476	0.028923438009060873	0.6259905789328508	10.0	0.16468014067522657	1742.5773498029162
-2151.174927538095	1.0201663799396812	0.2096939196387361	0.03681673711079356	0.687086785127916	7.731110770312495	0.14026850387470605	2192.8925073013907
-2137.726530300473	0.6794229121368064	0.1059281802618735	0.056701169108415196	1.2822550948807476	4.760471729813944	0.08177844513443033	3344.446993083659
-2137.6932728848674	1.280181105847288	0.19498788648753954	0.030021262616864205	0.6951363847937422	9.777099232216177	0.15209423233291022	1784.6882293666642
-2137.310641447953	1.2035445852246378	0.18212240277378663	0.03235473330433747	0.7396077803075752	9.202356319482844	0.1435163891659082	1890.090132506775
-2137.816205277565	0.7931370320263071	0.12487019930015711	0.04877228394216855	1.1006700624290895	5.721698062400342	0.09522143260397552	2865.0244140593486
-2141.3306125700014	1.2581790886251947	0.2220904449393792	0.029429343771126843	0.6201858058727016	9.690664385641986	0.16346048125159557	1796.09728560147
-2141.478436888768	0.7522161574487457	0.13341891805826167	0.051618132703452585	1.0548322096017408	5.332122753599163	0.09419193739652205	3022.399070858664
-2138.0160246842506	0.8087592650350132	0.12844113240809063	0.04801915825476988	1.060400541305651	5.83635413539046	0.09830513210320961	2813.5819284192944
-2139.643822109138	1.266380453284302	0.1384455631277154	0.03293741863966811	0.9308374453157077	9.866517352057652	0.12681807664618797	1798.798987507987
-2146.4538682261486	1.041556771082974	0.1967361587380382	0.03775129066520849	0.7258790442732704	7.809764144039655	0.13689784762902169	2171.1927264747164
-2138.370146828068	1.2540159808189313	0.2039102644897755	0.03088969980828804	0.6748489547378331	9.56955296911512	0.15252850420102185	1816.711192559401
-2138.4640488589466	1.2996693399782133	0.20756872222820066	0.029386702115976826	0.6661271437225799	9.9401962127503	0.1570905427012831	1755.442364701414
-2137.7890574085627	1.145226997965542	0.17527449119764518	0.03341639313941578	0.7789278213174764	8.666953446847375	0.1355604346322494	1991.2180680834779
-2137.3959181203554	1.2959443392486523	0.19915554992150547	0.03009196640691258	0.6823388673297008	9.981861960202298	0.1542618046978081	1754.9029846284204
-2138.47885555979	1.2783879107631946	0.2086527200695648	0.029887148782969525	0.6632329452770057	9.808077816180845	0.15553487890754641	1778.3209920480163
-2138.102448563043	1.2571309736339404	0.15405308166125117	0.03239692036481382	0.8508753000902243	9.762350646658184	0.13372044044193002	1809.0990399995485
-2137.1663987484903	1.2950690302101926	0.19363433137412983	0.030115291211994074	0.6979585070619517	9.982754797252529	0.15241113768977468	1756.7216741435689
-2137.121405511967	1.0163097582971659	0.13900686791162215	0.039136181146674956	0.9600831866294609	7.653469057251386	0.11398916875086404	2238.670001425018
-2143.5663006177783	1.2459271432639676	0.08828413974141759	0.036614621543440945	1.355268208039625	9.874864048954317	0.10029413774928354	1828.2584887475093
-2142.745308418741	1.3316171202926632	0.19092358930508088	0.02807186738512616	0.7063838448463688	9.997426416119767	0.15169841040822465	1740.6303587954485
-2137.3109341129875	1.137920928947024	0.15846697282697617	0.035443146851215857	0.8478652155271541	8.700648282761895	0.12804364264982576	1996.7692485852608
-2137.1934507506085	1.270378160912406	0.1710575485148583	0.03134476992449861	0.7785895503114681	9.824678584348119	0.14164015281530365	1790.9422181404775
-2137.4875211409617	1.27827474837539	0.16550564685692004	0.0313965132898861	0.7963542510145402	9.901808157712326	0.1405467389236146	1780.867066537384
-2142.806409354945	0.7802550977518443	0.14062251794668731	0.04833139900264056	0.9795552649212762	5.536927140653592	0.1028179079712671	2920.7408603546673
-2137.471119771805	1.2166814869713904	0.1886239399527441	0.031959528798803025	0.7220843219851061	9.318746810987744	0.14562106076061673	1867.693961266667
-2140.2830809866387	0.9999090024301414	0.10961862418299427	0.04011380220817927	1.1619552877655919	7.555910701542944	0.10261004812532967	2282.5342299298118
-2138.1004823264	1.3000418083769358	0.20705107742715811	0.029606438076464268	0.6552324052014242	9.98582766281095	0.15805266332221088	1750.5477389793766
-2169.5757484127903	1.1670060170165089	0.12459782159281602	0.043360010794016655	1.0650245286286901	9.11659300178199	0.10550517397876487	1938.9866703574858
-2138.036467451563	1.2166654552935043	0.19322969625168987	0.03166109692067491	0.701051959573326	9.282239769859038	0.14868990097934512	1870.5492441431945
-2137.2255413652333	1.0813622091340571	0.16207519808618398	0.03619112600040966	0.8408666535312755	8.16334584813391	0.12606712298447478	2104.830316473533
-2146.3095054593978	0.9827765144979426	0.18995534940687833	0.038765958060480006	0.7408123959978327	7.272240609332193	0.13069652619398323	2306.3382556291212
-2137.1900335762407	1.2855008707392592	0.19208420562331602	0.030357721863035026	0.700166770936316	9.913554947993461	0.15213649165785278	1768.5388612432976
-2137.4467567800066	1.2768629294570757	0.19614535245269893	0.03067483236967657	0.6913676662588949	9.835790413281726	0.15208018371310272	1779.4524806875693
-2141.8569323046595	1.0952275670564509	0.19631272483270754	0.03483577895231388	0.7035457048199212	8.24744294208829	0.14261012638775808	2070.7738933558126
-2142.130881606885	1.2703392591906477	0.1495486895108442	0.03409822631012523	0.8733717362453136	9.996949133586257	0.13199336102039488	1779.1219404398014
-2137.208532979756	1.2959380153505702	0.19459248155328587	0.030181999037096872	0.6942111392389765	9.986760886589588	0.15306661991273526	1755.6582298270419
-2139.3408734188665	1.2614518853646728	0.14048717552034867	0.03273241168185652	0.9173115886431834	9.820078287084192	0.12812000744043253	1805.417264173247
-2138.3428986799304	1.2709306080054288	0.15206712527267224	0.03199762794144941	0.857040772258885	9.868910223741642	0.13382268847432574	1791.9267830980436
-2166.1559415114016	1.0299266297259737	0.19978403156404034	0.03142629404689075	0.6450328686796301	7.6797651942227585	0.1541468434580858	2197.3793234164186
-2143.158768239427	1.2622954314978443	0.10067815124391294	0.034898648413340276	1.2068358848825849	9.971458861873602	0.10905364904964376	1804.4067321167854
-2142.870094748363	1.2563081197932442	0.10574830121818561	0.03514933953865339	1.1664599956893242	9.830181246988218	0.10998153692360377	1820.0615391051585
-2138.7387036747004	1.007936019605714	0.149452922200075	0.037377024373187455	0.880159633939639	7.5201287407486515	0.12222642425943353	2262.428353875041
-2143.856351930379	1.2553680084476468	0.2273433972022938	0.029510625793787833	0.5944912928405369	9.55698682855733	0.16981621148532952	1810.466363695391
-2142.6204650715376	1.0727711118312477	0.093368351149137	0.041132045460666296	1.325664559381336	8.291353789525456	0.09561172659317656	2122.961255714388
-2143.100744684908	1.1145491273300503	0.089467577009368	0.03984817914296372	1.3634232108958977	8.674951621296302	0.09591579846277004	2044.7744661974293
-2137.020244459076	1.172078851765379	0.1679511244613975	0.033653389780050426	0.7997514766064395	8.95912812058447	0.13487918667094503	1941.1049406792451
-2139.6211924186064	1.2643311330887541	0.13779262953331417	0.03272034557319813	0.9295027174832535	9.841574375862525	0.12726021969613846	1802.7263109081903
