# /home/maycon/.conda/envs/dadi-cli/bin/dadi-cli InferDM --fs All.cc_ei.folded.downproj.fs --model sec_contact_asym_mig --cpus 32 --output-prefix All.cc_ei.folded.downproj.sec_contact_asym_mig --lbounds 1e-3 1e-3 0 0 0 0 --ubounds 2 2 5 5 10 10 --global-optimization --optimizations 100
# Log(likelihood)	nu1	nu2	m12	m21	T1	T2	theta
-5460.015718553504	0.8082057766933762	1.2538500092669236	0.0386102458168329	0.16204107938852516	8.524110097402982	0.3427896289404773	2360.7496898150594
-5463.545336947159	0.8083013372302241	1.253673339856319	0.03850870014696106	0.1621320301255723	8.525238306160693	0.3427185724138389	2360.6477352696184
-5463.545336947159	0.8083013372302241	1.253673339856319	0.03850870014696106	0.1621320301255723	8.525238306160693	0.3427185724138389	2360.6477352696184
-5463.545336947159	0.8083013372302241	1.253673339856319	0.03850870014696106	0.1621320301255723	8.525238306160693	0.3427185724138389	2360.6477352696184
-5455.709429473307	0.8082803284040799	1.2528399674848698	0.03867762906492042	0.16246924035476365	8.53655761526479	0.3417068525151525	2359.662589255127
-5459.856365642213	0.8084349410658432	1.2546762804836542	0.0386260260548025	0.1618016213711558	8.516436266843705	0.341896559716399	2361.385753683336
-5444.176129383643	0.807389441484674	1.2545485940710144	0.03907993896168888	0.16191607165296232	8.516963731059395	0.34241760716076897	2361.8660104279625
-6331.62608571621	0.6713965885426529	1.3224514412670874	0.04735625874894641	0.12531904002026176	6.0559337126585895	0.3736692964964619	2799.329839283564
-5444.176129383643	0.807389441484674	1.2545485940710144	0.03907993896168888	0.16191607165296232	8.516963731059395	0.34241760716076897	2361.8660104279625
-5455.709429473307	0.8082803284040799	1.2528399674848698	0.03867762906492042	0.16246924035476365	8.53655761526479	0.3417068525151525	2359.662589255127
-5472.7926249246775	0.7972678824356267	1.2558326575745606	0.03898401805696694	0.16025445930801283	8.449941515949936	0.3407022702341236	2376.0771608439222
-5481.981642767679	0.7413861441143046	1.2785188914575236	0.04223460112850934	0.1659838799464978	8.187037453112959	0.3187476401897948	2436.203297821146
-8033.706613218026	0.020251959129676065	0.026698756918256763	1.0313530794597447	3.63357257320717	7.8130383735919	1.5517976359399233	85263.58409705371
-5500.158736706624	0.8074030677384715	1.258660968110114	0.0379319656914599	0.15983838611290666	8.415315206602623	0.34593478533049526	2373.20371231681
-5428.296132354546	0.742776502335071	1.2773537449197017	0.04361940141128185	0.16787310465010255	8.194426214978307	0.31644686170981756	2435.257990338094
-8101.736056505172	0.01422020476654188	0.019113622327669912	1.4491993211484457	4.95	3.3424059083555857	5.061601359108767	121782.26671752246
-8075.26080362165	0.014588883212518892	0.019681545546732845	1.42034602209693	4.8491632034969925	1.8755308149228325	4.808504552083666	118859.97070944302
-6321.903128045751	0.663032950361599	1.3329162983562404	0.03823758311468538	0.14895729985134487	6.54946387465599	0.35781154858846337	2711.665943175734
-8078.116089850137	0.01593612660430941	0.021477620693553134	1.2978647854161376	4.445527267609955	4.1364440771638495	4.622765111090097	108886.3673900367
-5481.981642767679	0.7413861441143046	1.2785188914575236	0.04223460112850934	0.1659838799464978	8.187037453112959	0.3187476401897948	2436.203297821146
-8085.859503500819	0.014545043680122337	0.01953159481135318	1.4157534503331255	4.890853515063708	2.263133757108733	7.729825505005359	119574.77013600693
-7109.183220637768	0.7408135168910421	1.3541056219823828	0.03317582578094508	0.1124175245281565	5.898458644467748	0.4856819998163774	2736.3002556853294
-6563.659245972778	0.6770098670500877	1.324444511836687	0.04846704435969587	0.11154117411820848	5.988701737769523	0.38613234448764117	2803.80767670222
-8272.379410983896	0.007031210492201956	0.016013324679564653	4.615505336313755	4.95	4.048534101780485	9.9	176927.79364799647
-7957.488851397632	0.012912821552783518	0.018731113706372825	1.7700101286800483	4.95	6.5932226015434745	5.142333922701558	127638.50332710064
