# /home/maycon/.conda/envs/dadi-cli/bin/dadi-cli InferDM --fs All.cc_ei.folded.downproj.fs --model no_mig --cpus 32 --output-prefix All.cc_ei.folded.downproj.no_mig --lbounds 1e-3 1e-3 0 --ubounds 2 2 10 --global-optimization --optimizations 100
# Log(likelihood)	nu1	nu2	T	theta
-25984.98117882604	0.06358432839056033	0.10269622894569598	0.10759278187817116	17407.622432256903
-25985.06805642267	0.06405475471305615	0.1035210474387043	0.10838780717989388	17368.676302872715
-25985.05290008996	0.06324134701023416	0.10225938624992671	0.10701105151645536	17426.816101449993
-25984.98077932289	0.06355565291983901	0.10275743216653975	0.10754277651539765	17403.71143430582
-25985.016186825756	0.06364802462690378	0.10279928095954904	0.10764105268563254	17400.173275078854
-25985.016676047253	0.06362596198186214	0.102754108341782	0.10760556166220205	17402.44494434316
-25985.041521139352	0.06374358863573476	0.1027864118781695	0.10760823055714322	17393.49829238069
-25985.01618961453	0.06364751478288354	0.10279845438162485	0.10763946381934811	17400.178978673423
-25984.97837535578	0.06354973332808624	0.10271661934532066	0.10753378689609898	17405.94595945038
-25985.10481629383	0.06312764808050637	0.10207528018189699	0.10682056988154738	17435.495995217752
-25985.01619312488	0.06364591235827394	0.10279554643580553	0.1076365843912369	17400.309545848344
-25984.974957190054	0.06362936980152463	0.10284018295047428	0.1076681555898051	17400.228214181723
-25984.980092552723	0.06368497166620236	0.10285355201384767	0.10776195930739253	17400.29718926843
-25985.00854052838	0.06348204675739175	0.10247184643039828	0.10741843455816974	17418.57097870047
-25985.01618702955	0.06364819177475617	0.10280009290239184	0.10764168747964939	17400.14639539638
-25985.016188537178	0.06364729396174626	0.10279743463949126	0.10763918610150955	17400.236839592435
-25985.01618848593	0.06364661640371447	0.10279688584081308	0.10763821852124927	17400.265382513055
-25984.981365083906	0.06369224772000728	0.10297806480725812	0.10777432432612463	17393.47602291542
-25985.016186779692	0.06364833428682119	0.10279987292134818	0.10764147318601011	17400.140239585155
-25984.974746759137	0.06362984743167927	0.10281127718761181	0.10766886155885251	17401.84162484702
-25984.97982176883	0.06371997901680584	0.10299158392779831	0.10782119568990388	17393.132492982768
-25985.016189981245	0.06365012711576783	0.10280322451291204	0.10764480158272091	17399.993509491705
-25985.01619135634	0.06364677031254205	0.10279869373233284	0.10764050450875966	17400.25828683237
-25985.016187119512	0.0636480347497983	0.10279952013662064	0.10764120042064343	17400.165989022862
-25985.01618835511	0.06364817895334812	0.10280053716390335	0.10764122654541367	17400.10163739901
-25984.985312753535	0.06370886195204216	0.10286993276985135	0.10780258484049696	17399.747683906648
-25985.016190170867	0.06364871760507214	0.10280226250653132	0.10764300000491411	17400.052406113948
-25985.016187545814	0.06364784583457624	0.10279945498844019	0.10764093243595207	17400.169131333205
-25984.988268958747	0.06357093430616735	0.10265238982854659	0.10756746991221962	17409.752079396938
-25986.11128836645	0.06229265913564416	0.10036890494572481	0.10515704380939561	17507.353833313264
-25984.99141856195	0.06380304521328231	0.10312413826368128	0.10796145522752967	17386.978040248785
-25985.026494490718	0.06395238625749429	0.10330683165025302	0.10821420900472233	17379.030493007456
-25985.01620230486	0.06364560904723887	0.10279572941182238	0.10763523031657717	17400.256894542254
-25984.975289632985	0.06365552746001228	0.1028810457956902	0.10771229315298986	17398.33559585484
-25985.016187352627	0.06364690120297743	0.10279762048586916	0.10763902520923657	17400.243339730656
-25985.016188027043	0.06364943984052153	0.10280241004698958	0.10764374837894186	17400.033592843414
-25985.015532429807	0.06337068572893864	0.1023605941950078	0.10723010786692598	17423.122949461533
-25984.979626505898	0.06373027546228179	0.10298739095870171	0.10783883301431137	17393.527616895226
-25984.98477866303	0.06349895903033666	0.10259292319086402	0.10744720005798901	17412.061079452084
-25984.975269703602	0.06366555391932797	0.10286936276284668	0.10772946493376245	17399.144577962892
-25984.977421419375	0.06368240668651307	0.10290842782374153	0.10775646895263831	17397.152658311497
-25985.016186922527	0.0636477796760589	0.1027987551306318	0.10764081957870629	17400.207103610257
-25984.987530780367	0.06377393529791923	0.10308648073202853	0.10791310091837317	17388.681455889244
-25985.016188463014	0.06364794412821007	0.10279959104391814	0.10764074545695491	17400.147080066217
-25985.11965465281	0.06411530380423106	0.10362526539856323	0.10850250172510058	17364.35247747267
-25985.0161899514	0.06364769495161487	0.10279745353900381	0.10763947562965766	17400.22422353534
-25985.153272518768	0.06350878678793723	0.10307762631157431	0.10771805085598213	17396.666966111476
-25984.97841913074	0.06369735577224517	0.10296102653297723	0.10778292271687841	17394.497677236377
-25984.98396779022	0.06365808072644341	0.10279215276399319	0.10771786342036047	17403.383563777377
-25984.97621435239	0.06366048415007551	0.10290019217071211	0.10772060120945041	17397.33952774883
-25985.01630582978	0.06363528690564273	0.10278744255496385	0.10762321030560289	17400.810334943606
-25984.990910036588	0.06345252209991237	0.10256141339934531	0.10736839896869067	17413.112642341664
-25985.016187976333	0.06364750708687071	0.10279875644164597	0.10764014860185427	17400.193504023515
-25985.01619081039	0.0636469539828932	0.10279681858735083	0.10763980621982554	17400.320013890156
-25985.01618864884	0.06364701616250966	0.10279734292605645	0.10763912937391452	17400.256447369356
-25985.016198367157	0.06364620709782555	0.10279643393197437	0.10763630515561645	17400.229394660524
-25985.158677615716	0.06423267691435422	0.10378718787200933	0.10868846682039847	17356.523963856067
-25985.35719980049	0.06277043570366767	0.10155758630665389	0.10621696765749221	17459.147848854154
-25984.97777115628	0.06355656602347504	0.1027078091961833	0.10754559261545757	17406.551127294413
-25984.9795826386	0.06359836231430271	0.10272170961971856	0.10761620383197538	17406.395174277037
-25985.016186907804	0.06364800395595238	0.10279937786694844	0.10764099674484719	17400.166620681266
-25985.016213811676	0.06364196273383416	0.10279180116554187	0.10763030177431976	17400.47739170696
-25985.02015002503	0.06391712290912543	0.10320907273731435	0.10815583883113591	17383.994882639076
-25985.242925769293	0.0629225316593251	0.10165217663034333	0.10647245107922222	17456.109125622595
-25985.016197130935	0.0636470558182357	0.10279863792438387	0.10764163348552515	17400.29478659744
-25984.999017277987	0.06384747096454924	0.10317598122877142	0.10803779703508341	17384.80468549908
-25984.974987475103	0.06361060062482674	0.10279641513330162	0.10763571047940532	17402.357158227238
-25985.100455500924	0.06313932317475317	0.10212142019360332	0.10683850508221555	17432.99822887186
-25985.016193606883	0.06364869770929035	0.10279820440002325	0.1076421585010864	17400.241815732494
-25985.016187814865	0.0636477589524205	0.1027986217895376	0.10763996981777758	17400.177480116203
-25985.016246758147	0.06365295297806325	0.10280999142535273	0.10764699179439093	17399.541732559388
-25984.9922496171	0.06348067648865827	0.10253534001488758	0.10741755447431713	17415.063940745895
-25985.036654927957	0.06397139979578807	0.10339747049531123	0.10824681765565983	17374.30677400094
-25984.9749176127	0.06365041846292448	0.10285254337555233	0.10770414863129066	17399.869881947827
-25985.016187362016	0.06364815632102436	0.10279996470681775	0.10764163016853788	17400.15313307935
