# /home/maycon/.conda/envs/dadi-cli/bin/dadi-cli InferDM --fs All.ei_cm.folded.downproj.fs --model sec_contact_sym_mig --cpus 32 --output-prefix All.ei_cm.folded.downproj.sec_contact_sym_mig --lbounds 1e-3 1e-3 0 0 0 --ubounds 2 2 5 10 10 --global-optimization --optimizations 100
# Log(likelihood)	nu1	nu2	m	T1	T2	theta
-8166.027378511593	0.03540060745655676	0.10550489462316992	0.9705626599191729	5.016864407020801	8.182530041451145	59351.393229842965
-8165.240504069423	0.02675548645052102	0.07966381544983639	1.2858159598950352	3.5057864575050237	7.0858381609586925	78602.730824887
-8165.829209315682	0.015842916965461983	0.04720100547920798	2.1686510414288214	5.5602665180864355	5.387239618748387	132634.30650033941
-8167.618041925061	0.01678728955291052	0.05013873522948103	2.043761959305608	3.450859042995959	3.245196756787909	124968.67138415124
-8166.479548872904	0.022377650541884578	0.06673953530091649	1.5346768831928654	7.53039989778227	5.463384870718907	93847.64003186733
-8165.270095566974	0.018855174463448567	0.05615041054301817	1.8257726279213382	7.485351905856386	9.02184508182849	111565.15194534349
-8165.136731291394	0.022709786644720942	0.06759579429741949	1.5141049101331485	6.383599808637716	5.8338881928941015	92593.7692320255
-8167.636600346306	0.011883901465524635	0.0355159351679396	2.8914235634315584	3.5025769898438353	3.5418405531190107	176635.98220479602
-8167.452509823893	0.015238023968674562	0.0455196272600157	2.253366044122887	3.4371970340440297	7.117570505193404	137731.20331276447
-8166.545895641233	0.008404806995731507	0.025076507118031638	4.089812391121464	2.345953023532032	3.0779137316360554	249942.77138688037
-8168.570111329561	0.011725921754028671	0.03505968278512786	2.9274939854293387	3.337303798225365	2.060957489606179	178834.04734604817
-8164.690562297056	0.011493040354060695	0.034165217461311216	2.989035287672774	5.42271863943689	4.3549533452918885	182965.01387772884
-8164.46354496293	0.008099618223716673	0.024082371940808558	4.247115151698684	4.193564881206154	5.868600434518439	259768.26425227095
-8167.917126532715	0.008196321220593392	0.024503772943919346	4.189989565774688	4.206781037560969	4.776461740785314	256008.60828372734
-8168.848180711247	0.015033030068437179	0.04480859637622914	2.2903067512147994	5.517787291102939	2.2253817603251584	139564.7415161978
-8166.0040281175725	0.011849129526563352	0.03532359398617259	2.9019941719277775	5.187967456511886	5.740532910709258	177369.93080083356
-8170.16523404074	0.01069400085148094	0.03206966744550328	3.205403895029904	6.196926196246374	6.782742490037173	195831.34706104067
-8166.106818377516	0.008863070470448304	0.02642047601935032	3.877660962735699	4.973697040130265	8.513910612708159	237073.63518160203
-8167.861829458228	0.012791592445268722	0.03820586418352025	2.678133583539365	9.276236512088044	4.871766323426776	163903.67604497267
-8164.65144350434	0.012644076945514561	0.037580371631746996	2.7163479785694933	8.017943382174627	4.016376619176063	166302.2991840434
-8166.484260980117	0.00835873462063267	0.024949585083511912	4.123416403812982	6.153231008739881	3.6177650218784803	251599.0542811077
-8164.005385803093	0.013600193814537614	0.04040849160324363	2.5305524793058143	7.953917978627446	4.952439168447054	154777.61260022462
-8163.391608407558	0.012256705196622482	0.036398433394326093	2.8144310752391286	7.627959750169513	7.187196675754738	171959.9555806357
-8167.488924327156	0.011389447071288682	0.034035994924964674	3.02051116190726	8.43469331501136	6.811630867524706	184410.69422544722
-8166.088877966988	0.01112264022618759	0.03316967302898441	3.0945933941633337	8.279039536124243	4.768418215920243	189018.80151343596
