# /home/maycon/.conda/envs/dadi-cli/bin/dadi-cli InferDM --fs All.cc_lo.folded.downproj.fs --model asym_mig --cpus 32 --output-prefix All.cc_lo.folded.downproj.asym_mig --lbounds 1e-3 1e-3 0 0 0 --ubounds 2 2 10 5 5 --global-optimization --optimizations 100
# Log(likelihood)	nu1	nu2	m12	m21	T	theta
-3006.309578499968	0.049964624808610796	0.015250137523466503	0.4054365918981533	4.969455793928694	0.319146270447667	38976.958006732115
-3006.6875109451544	0.050130433828553915	0.015296889767013546	0.4038650210192749	4.950903936266512	0.31976416932845647	38864.27194010883
-3005.692821249905	0.0497217502006979	0.015165852781399716	0.40718599912587267	5.0	0.31829647022593127	39164.18124511829
-3006.3444357870594	0.04988775659703108	0.015257720077970868	0.4057269172688077	4.966960120957831	0.3197409412641315	39033.43715808775
-3005.7038963113023	0.04963240974080713	0.015157069302223198	0.4077005305206761	5.0	0.3187224042785182	39230.10261766406
-3006.4478226953825	0.04993338490350212	0.015267290876374356	0.40538746601452547	4.963054570543286	0.32012105213038006	39021.997293922585
-3006.9184583147994	0.050097727037039304	0.015330466120358495	0.40412680863395234	4.940181396367161	0.3210195492081439	38905.55620751571
-3005.6984066840287	0.04973633756633493	0.015151474305791425	0.40678324861750464	4.999710097280086	0.31830068101720177	39161.465708413736
-3006.6577639057937	0.05030429003640648	0.015301179927144703	0.4016207758200089	4.9535937339053575	0.31868580528789947	38735.95958251314
-3006.555362748723	0.05009375378266556	0.015291618224240355	0.40365106979061394	4.9562495881385304	0.31928910742120964	38870.274202435496
-3006.8282414543237	0.050198391885365956	0.01532670812085715	0.4020723913047523	4.944100054527607	0.3200181091541745	38817.79290002026
-3006.518428095383	0.05004007386508161	0.015274507717459775	0.40464116396487315	4.959018464639326	0.31997105731247494	38952.19910038933
-3005.9307367613083	0.04990516562907468	0.015203488501718173	0.40477741065990125	4.988070134440879	0.31842039248584786	39040.577443992705
-3005.694546951009	0.049813561734708175	0.015161732134526396	0.40537564793496456	5.0	0.318385854836956	39134.589528469485
-3007.189239878209	0.05031546664508901	0.015376082114095479	0.4011181391682298	4.9269234979674845	0.3211033412577189	38759.43989707816
-3005.690112249195	0.04972428975702043	0.01516732377396722	0.406690276907586	5.0	0.31887843534050836	39201.18970468091
-3007.5925656052054	0.050521037907680706	0.015441864125976678	0.3995175681792901	4.9074527784012	0.3206329646773326	38553.3576060611
-3007.2769563960046	0.05021177491762366	0.015386191751676109	0.4035345917016716	4.9217654548848735	0.32151020250304263	38802.65327446224
-3005.68743403632	0.049873003224989755	0.015167548486841924	0.4052886107156493	5.0	0.3175478272856363	39054.0881112451
-3008.216988526437	0.05076494231074708	0.015537835605150652	0.397524715649295	4.878168326066271	0.32132150441936086	38360.41646977441
-3005.838978760352	0.0501902431910104	0.015190459280772225	0.39947619528653466	5.0	0.3168069399466754	38872.82573574804
-3006.9998888793502	0.0502042026950097	0.015349100994470666	0.4030109534574132	4.935593885496432	0.3204275511053563	38801.89979054141
-3005.703402438409	0.04990288721063457	0.015170167644556207	0.40418918765175177	4.999938188090085	0.3177794438991154	39056.31887995543
-3005.6944044531247	0.04982294648317693	0.015167724093019938	0.40520854054679306	5.0	0.31776610871738403	39087.9080810613
-3007.7096180605636	0.05032112829753487	0.01543787398961461	0.4026637063124168	4.9022300397677565	0.3220945629619277	38704.20347525537
-3005.6719670306693	0.049814116332019244	0.015164207403436408	0.40627695164493	5.0	0.31772086980118697	39089.9115553211
-3005.696174239781	0.049870591468314664	0.015170898159495313	0.4046969697367322	5.0	0.317797058460099	39070.3227294612
-3006.512396212257	0.050007930130757515	0.015281132933464805	0.4048848843551477	4.959536864025545	0.31986273086606865	38957.841266894015
-3005.693578971493	0.049729502009255015	0.015148410592303397	0.4066109903085764	5.0	0.3183567194502862	39169.805026235765
-3005.709789048083	0.04961369626602386	0.015159911708631577	0.40845384846627647	5.0	0.31871889769584555	39236.80899463871
-3005.7025831361493	0.04982030459073094	0.015182487760322013	0.4063569134734902	5.0	0.31839946807942804	39127.566542018176
-3008.810670565928	0.051009724457037366	0.015613748222100252	0.3951556169614156	4.849434518705885	0.32295493058243147	38234.896154663256
-3008.4409129466226	0.0507361186469286	0.015558860471769015	0.398829613491312	4.86677962075685	0.32243556094479087	38390.72507652338
-3005.767405432354	0.0500795838663138	0.015179211401317937	0.40077821445685635	5.0	0.31682095536852306	38920.12895305382
-3008.966136422724	0.05081355330484298	0.015620260199723684	0.39958135400859096	4.843284431746608	0.32295529115879323	38283.43275586825
-3006.3327481901188	0.04996052569139028	0.015245109178308229	0.40386249077921704	4.969036808350214	0.3200839449323101	39038.92752824478
-3007.868882864695	0.0504933865639121	0.015467099066239873	0.4012319235354309	4.893568098452434	0.32159254151336725	38563.00125611444
-3006.022138086152	0.05013448092582059	0.01521657228765953	0.40051357132891113	4.987292771540717	0.317781467457891	38900.70541809416
-3005.7046299822123	0.049995494340344185	0.015181577596239438	0.40281629462766355	5.0	0.317234417908523	38980.49004351929
-3008.5603714333356	0.05056354639628911	0.015554262725582206	0.4026684578906866	4.864043034303271	0.322519926295941	38452.83186137508
-3005.7091450192747	0.04990073288475431	0.015156614042457689	0.40400594080972063	5.0	0.3181044593470401	39082.755783271816
-3006.9405351853147	0.050121177242320646	0.015332425795008455	0.40415600101330595	4.938825739620207	0.3206266012346679	38864.9922168993
-3005.8573949227775	0.0498450670273152	0.015172149827481362	0.405331871096571	4.991891085007717	0.31818371452360567	39072.885252354456
-3007.0194042022044	0.050154452323728366	0.015344462466339543	0.4051583837655309	4.936732001120923	0.3192868045661398	38753.872998168656
-3006.9918212441694	0.04975298235019678	0.015285806247108197	0.4113968563018482	4.94622490352571	0.3212465121902129	39094.623859801526
-3006.394376521205	0.05006919204970045	0.015273565337155046	0.40374274619820555	4.965208663698716	0.31896885981869344	38900.26627192206
-3005.6966602857133	0.049824000185295154	0.015179891796050003	0.4049978951372044	5.0	0.31804272866026934	39102.325133727856
-3005.700756643965	0.049628323871887585	0.015153718172413571	0.4091475258646561	5.0	0.3190770275223882	39257.12429195194
-3005.6902308081376	0.04974934194180939	0.01516133544238026	0.40679085390500774	5.0	0.31820586178378935	39148.48407007628
-3005.787563707255	0.050010756815327496	0.0151883251879143	0.4034214167413166	4.998280651964535	0.31615231115875153	38894.127572067744
-3005.7197375150167	0.0498286326638551	0.015168942975470388	0.4069372462812935	4.9999835304406774	0.3168479432363575	39025.13360358439
-3006.2219348109766	0.049352229033189185	0.015131993804671834	0.4106085963254429	4.99978916200746	0.32436974940646934	39722.94831146162
-3007.501518837058	0.05046994218477185	0.015433318410437784	0.39961477226098696	4.91067919329042	0.32076633807812877	38596.56181682418
-3005.697971599316	0.04985090100986805	0.01518096933529684	0.40475811184986704	5.0	0.31782257661153857	39076.81423018736
-3006.789224294823	0.05011595342646097	0.015320270356687054	0.40382675340384144	4.945894409803851	0.31988635666795423	38850.80042065364
-3005.750570902583	0.050041341316634055	0.015184938400745	0.40266085672090485	4.9999894002829155	0.3164527117082154	38909.786308685
-3006.7864261703025	0.050187368415555655	0.015305744061494932	0.4018997062702765	4.9465862774209075	0.31945914127949443	38801.41865819979
-3007.5416650414586	0.050474216827675195	0.015401493432149312	0.3995491564607975	4.910404559181404	0.32089785462784465	38611.087394939634
-3005.6994633860236	0.049785700389334164	0.01516816905275919	0.40710280831445306	4.999984577399147	0.31755759916893683	39089.3848118742
-3005.7340456610764	0.049828823944414374	0.015181917999485373	0.40733552735706957	5.0	0.31669042512586454	39011.17532148064
-3005.712328911043	0.04970027879201911	0.015180415921654615	0.40934407368454484	5.0	0.318121147838849	39157.96422973571
-3005.6683248940703	0.04981291887867332	0.015160581476990542	0.4060143833130864	5.0	0.3177661162618202	39094.256457507705
-3005.69974398646	0.04967172117649628	0.015143596386527531	0.4063028734231083	5.0	0.3185007651109604	39203.01792763285
-3006.3042589334677	0.049930713120626836	0.015250790273914752	0.4061875988963458	4.970014930908315	0.31922920813249317	38998.010209352884
-3005.69024257743	0.0497955582347933	0.01516292638502193	0.40600490056690103	5.0	0.3178118494656732	39103.398181981436
-3005.6980215398803	0.04968062490033385	0.015158326285531428	0.4078143864201285	5.0	0.3184439214233067	39192.50997491207
-3007.071627787981	0.050268536532041816	0.015372231977269418	0.40250852818490507	4.932176814450647	0.3203572315281615	38752.24673319762
-3005.6873536581134	0.04987175957848853	0.015193707512460613	0.40493256218921464	5.0	0.31754894609819717	39046.99156415618
-3007.0718094916583	0.05022324923909858	0.015377163171391851	0.402404424250842	4.932821295821384	0.3210696505725999	38816.79571567017
-3005.7076296495698	0.049931999342769866	0.015175801063175242	0.4038582228140625	5.0	0.3175973481950504	39031.41690731027
-3006.75370321425	0.05008371773689184	0.01530382502827989	0.4041119726626679	4.9477413190119925	0.3201478343762047	38892.478342175506
-3005.695906604208	0.049852975631032685	0.015174240866140557	0.40512238255908317	4.999982644116312	0.3175053427297394	39056.949264414965
-3005.673997958196	0.0498414604198345	0.01516116397786792	0.4055057762092071	4.999903699744626	0.31796032572771726	39095.27665785793
-3005.694076405748	0.049778033855656885	0.01516102219230503	0.40688981565386356	5.0	0.3182498835993826	39140.43530458548
-3005.6999082812918	0.04980102161964631	0.0151895058995964	0.40620745234432276	5.0	0.31764237105901677	39082.5594985611
