# /home/maycon/.conda/envs/dadi-cli/bin/dadi-cli InferDM --fs All.cm_lo.folded.downproj.fs --model sec_contact_asym_mig --cpus 32 --output-prefix All.cm_lo.folded.downproj.sec_contact_asym_mig --lbounds 1e-3 1e-3 0 0 0 0 --ubounds 2 2 5 5 10 10 --global-optimization --optimizations 100
# Log(likelihood)	nu1	nu2	m12	m21	T1	T2	theta
-4015.3199657571154	0.050761822466415335	0.012434975254383408	2.249622312649603	1.3107183819808164	2.047390082831296	4.628474568353623	101780.59022478126
-4015.2941185996087	0.05038076048901969	0.012263338508558548	2.265345216807142	1.3342826149839617	7.524922668218835	7.529858675569953	102785.62853072572
-4014.4913217929607	0.04787904133819119	0.011717880742510614	2.3874287427682077	1.3919843982017728	3.2836300010002057	2.914165784236667	107939.65276735881
-4015.2884199479154	0.04297770179675053	0.010485446296055972	2.6565854260847037	1.5583836334574372	5.951345262211925	4.294355215864992	120399.86560708066
-4015.3438241128024	0.030842638619146205	0.0074794786972468994	3.6951566461703447	2.195494284674677	2.6256399123981806	6.059500182877849	168097.57376228314
-3769.257733568428	0.0430714241985091	0.009456987956903752	2.8683468345914043	2.2237097449789176	3.343158797592869	0.8077044397141612	98858.3585928388
-4015.2904919470247	0.05384143978764004	0.013137847002927453	2.1204568486543773	1.2437020887326082	7.309191968013283	5.82681637268432	96100.05195526558
-4015.2930388290497	0.034248421995604655	0.008358480173263677	3.3344337299959275	1.9539896679369846	5.444189039945612	7.313217872236971	151072.59208212484
-4015.3068151108946	0.048984635992626036	0.011906555253765019	2.3273470916404992	1.3759045476772382	4.321476182068231	5.094838736948427	105737.45420074764
-4015.3781134059086	0.02454769183922336	0.006026138775590976	4.659059012101143	2.697596441739232	3.9848416962634445	4.0797561142604835	210365.3806281845
-4015.3640045127495	0.039705767698993144	0.00973176786661091	2.881200875282756	1.6706910817543965	7.3441911076500945	7.261866368192987	130130.82055802725
-4015.3717231695605	0.04105387403886523	0.010077382151100139	2.7854915550619377	1.6137434182509838	6.15537946472747	8.906405724572739	125791.49190068118
-4015.2914633494147	0.055978325104735695	0.013639299097925921	2.0381313676066304	1.199479983906543	8.109485025500138	7.10615673852487	92467.63784383204
-4015.297509091556	0.02902076362889253	0.0070884249612701315	3.9350920207381566	2.3021690722007935	5.872527766981934	4.497391579829542	178218.0900820573
-3769.2374459589428	0.054826228699082116	0.012018900688015782	2.2497911512412334	1.7537367697939998	9.778379500449295	1.2275153163935297	77768.961699757
-4016.6231851984485	0.022743684582254148	0.005460012983836662	4.95	3.0332483062343316	2.583771308363574	9.275394314537628	227949.7803986064
-4015.543002092153	0.03047292004418189	0.007357218046843187	3.7313629279895326	2.2460167816667056	6.221755759329796	4.24003942065199	170405.0522002965
-4016.223237310436	0.02965451708495373	0.0070821281371398655	3.8213567680169582	2.352827631517039	5.282673603744492	8.585960545113572	175710.64249551305
-4015.286183404766	0.039346029301634264	0.00957384918752396	2.899907248563629	1.7102481364319275	9.068252275624127	3.7021479293440884	131628.31250381007
-4015.2952867223294	0.028260225703296192	0.006890334913475235	4.042082973094347	2.370813089662656	8.403053799617082	3.551652574743278	183159.09287984116
-4015.92437640271	0.023363948554681914	0.005801240008264826	4.913005483275568	2.7755372171255166	7.007814435876868	3.2671326567018717	220248.9617093894
-4015.3002103822682	0.03134452878159524	0.007627628414098456	3.63838117580081	2.1479275313991675	8.087606307700629	6.980455584901259	165214.7625897095
-4015.6897984542575	0.03905736444097604	0.009389767029783771	2.9079805503313345	1.7617455387189656	9.23929218157052	4.787631977778078	133083.83619695503
-4131.626591456832	0.020950951410404917	0.004033836134149676	4.95	4.775876672334337	6.698820330781965	5.011307394029176	267081.8398644705
-4019.558658267121	0.022555317654849572	0.00529427501910711	4.95	3.1853707201399337	8.111757346439438	6.226642793698397	231471.61807819534
