# /home/maycon/.conda/envs/dadi-cli/bin/dadi-cli InferDM --fs All.cc_lo.folded.downproj.fs --model sec_contact_sym_mig --cpus 32 --output-prefix All.cc_lo.folded.downproj.sec_contact_sym_mig --lbounds 1e-3 1e-3 0 0 0 --ubounds 2 2 5 10 10 --global-optimization --optimizations 100
# Log(likelihood)	nu1	nu2	m	T1	T2	theta
-5427.798898684701	0.029195197543118806	0.03630841741526893	1.4102987992011098	3.2012213637168023	1.677685839583388	40246.983897046055
-5389.802764985785	0.6430346074794947	0.8012539292888574	0.06344682559224935	9.9	5.290800821646559	1860.4913361207646
-5389.9196423117155	0.6429741011079385	0.8014080198083463	0.06351764191343894	9.9	5.288550701217048	1860.8882746648048
-5440.662417230819	0.030026206851048214	0.03739916111811362	1.3755274760442935	3.634077997324332	1.7193156555119222	38907.95302112803
-5389.701391388889	0.6404708839934334	0.7922233060991063	0.06405606304126356	9.9	5.270950422146993	1869.1479839335393
-5429.399862135886	0.036062640664036895	0.044837019449126	1.143039407444099	6.994857371517101	2.289869610653114	32562.896622006338
-5390.020899824804	0.6429214148625579	0.8012902950441597	0.06346236833530812	9.9	5.290259530456363	1860.6410842060989
-5429.757323763768	0.04333336267794288	0.053878624779066235	0.9510788690255149	7.190519933073922	2.6518551159878236	27093.66747983849
-5389.701391388889	0.6404708839934334	0.7922233060991063	0.06405606304126356	9.9	5.270950422146993	1869.1479839335393
-5429.44996836076	0.03047414759228937	0.03787679616968271	1.3526740070857832	8.455893928464922	2.0793253863819956	38533.04898059883
-5427.451694083685	0.023352891954478955	0.02896255277875273	1.7655996045386118	7.728945173075853	1.6551665105485442	50332.801626261695
-5390.020899824804	0.6429214148625579	0.8012902950441597	0.06346236833530812	9.9	5.290259530456363	1860.6410842060989
-5389.956927351354	0.642643114648575	0.800233033039181	0.06353120876762336	9.9	5.28806249353597	1861.6238021472245
-5430.828124496899	0.029886666109403735	0.03717750896075063	1.3787522589283863	9.621087373119357	2.0948322251930507	39262.31398740789
-5390.020899824804	0.6429214148625579	0.8012902950441597	0.06346236833530812	9.9	5.290259530456363	1860.6410842060989
-5308.88256693516	0.024762897938682124	0.030794277938404755	1.5841445862946095	6.215517709574698	5.473805615865816	50367.34507732002
-5309.675564774229	0.022926506423300633	0.028533598805792797	1.7101709435407602	7.00498493121319	4.232611447868672	54376.516474561395
-5390.0032395469125	0.6429147685046517	0.8012630811529113	0.06347257202997092	9.9	5.290204231781845	1860.7190023799772
-5389.997644018084	0.6429266380966339	0.801300360769445	0.06347195876215078	9.9	5.290290935462017	1860.6945274342104
-5310.301402668736	0.017983983671035007	0.022388532852341398	2.1787202777425065	7.681833167393672	3.703845974722848	69293.15450600174
-5390.0032395469125	0.6429147685046517	0.8012630811529113	0.06347257202997092	9.9	5.290204231781845	1860.7190023799772
-5389.817375384987	0.6421029188156225	0.7982322770767301	0.06369287690093554	9.9	5.283715514842057	1863.6889398547428
-5389.988846413879	0.6429094856936445	0.8012320136548365	0.0634767048095026	9.9	5.290118019350237	1860.758844865272
-5390.021225557684	0.6429229998316176	0.8012969587612677	0.06346188408100675	9.9	5.290262589716404	1860.6345209816388
-5390.018540213489	0.6427661594502411	0.800735950758683	0.06349124160293475	9.9	5.289013429279589	1861.1156647383195
