# /home/maycon/.conda/envs/dadi-cli/bin/dadi-cli InferDM --fs All.ei_lo.folded.downproj.fs --model sec_contact_sym_mig --cpus 16 --output-prefix All.ei_lo.folded.downproj.sec_contact_sym_mig --lbounds 1e-3 1e-3 0 0 0 --ubounds 2 2 5 10 10 --global-optimization --optimizations 100
# Log(likelihood)	nu1	nu2	m	T1	T2	theta
-4567.811439217519	0.05165262775997053	0.027862203854140576	1.4274686273788784	4.077076906575948	3.2597671728480275	51652.88560606813
-4568.443580784383	0.0628517373416664	0.03394692595424804	1.1713764556141129	3.2097396037079986	3.8837858292788914	42429.12933420549
-4566.771198599242	0.035453585138953164	0.01913939864608666	2.07457420989084	3.7379459828768953	4.026162885633816	75302.4200542018
-4565.8931184703215	0.042423189419792326	0.022872191659866325	1.7367689321948336	5.502597019993461	3.366513172871653	62972.040166470666
-4569.318462531608	0.05881173632787067	0.03178266766438317	1.2517196604422471	6.0323783145078815	3.801457234678767	45316.572253794744
-4566.87900002036	0.07429697557150618	0.040124464285382556	0.9902074785205836	9.017619730010274	6.389563951187831	35930.70964606492
-4568.231916162999	0.0996303856707204	0.0538602332444057	0.7392738026312976	7.918424536203887	6.437807907250801	26770.027837884933
-4566.617700801576	0.025995743771496403	0.014035497560519325	2.830094515033382	3.6363269156518547	5.543461267841752	102710.47881735221
-4566.343461753194	0.048518433900049646	0.026196294946676416	1.5169374828281144	9.9	6.656165194564818	55041.494658462296
-4566.601903918116	0.041455688460534934	0.02237467532219882	1.7751892622288754	9.631552505385265	3.731473763621531	64408.86636029717
-4566.628370137926	0.023028765399993597	0.012436666273574929	3.194881246068432	2.117572920819779	4.746525434592585	115942.04757466631
-4568.7364023575765	0.10920676996824669	0.059222604556269445	0.6725912153858942	7.048850457660017	9.36854643128563	24412.81644648136
-4566.895981709462	0.04231503283657731	0.022843540619901317	1.7393209035534352	4.481875691347839	3.2927611743621257	63087.57317069802
-4566.952535311407	0.08062622533376446	0.043530477196452144	0.912551392437562	9.872482695707605	6.515468534919759	33108.26124023699
-4567.000753492798	0.01725589904791832	0.00931220491546709	4.260550173917791	3.9969415231539265	3.7612750669907	154691.76128591626
-4566.535565113011	0.017877755024043977	0.009654576817079376	4.115885398767567	3.562018670969241	3.9595354591494063	149356.6259856352
-4567.107270420704	0.021593557666689817	0.01166051452177351	3.4047683861389304	5.2354812614759245	8.089786200346568	123607.16743215942
-4566.127871150462	0.027340385811992787	0.014757813009163208	2.6927187294660024	5.065535554305962	7.112618800596481	97694.11729160718
-4566.890045673365	0.02933527223346047	0.015842875262575364	2.5071166135122325	4.085595181678549	3.718767835899795	91000.3370713369
-4567.566305493965	0.038027913220783	0.020543745269869847	1.9344766261067343	8.90893176444196	3.0847684580801804	70166.68621914773
-4567.025544621556	0.016199907628984375	0.008743636006017604	4.538306736363577	2.4902245704996093	4.987895633938248	164772.34418985207
-4567.7724691219855	0.02367041554731246	0.012795632819714858	3.103956239404405	7.840668485730538	5.633815705322968	112708.10009669932
-4567.13370609494	0.01619729577887935	0.008761608263340081	4.541276142401857	5.0975949899403465	5.64846982962013	164784.1853946739
-4566.69584054483	0.018764627524058126	0.010130432885588698	3.9201935349493184	5.806630545539332	8.677689644818697	142284.07608510103
-4566.667093055911	0.019910031384825794	0.010741651063193419	3.6940695535833554	9.857593240826452	3.8169751521098014	134101.1480740134
