# /home/maycon/.conda/envs/dadi-cli/bin/dadi-cli InferDM --fs All.cc_ei.folded.downproj.fs --model sec_contact_sym_mig --cpus 16 --output-prefix All.cc_ei.folded.downproj.sec_contact_sym_mig --lbounds 1e-3 1e-3 0 0 0 --ubounds 2 2 5 10 10 --global-optimization --optimizations 100
# Log(likelihood)	nu1	nu2	m	T1	T2	theta
-6313.98051371487	0.30554369651503344	0.8011979449420029	0.20015374241361697	4.4367363522193015	0.2224822236475719	4260.929883283031
-6316.0963624241895	0.19824025590386013	0.5176389501705306	0.3098400638056736	2.524460038939881	0.1427637336075329	6576.337684301952
-6313.822875469285	0.3330403690093771	0.8712314833215296	0.18417740409360062	4.918039029982123	0.24117155013955754	3915.400349389539
-6313.7697804961335	0.3439478121103014	0.9002384671543319	0.17836880005036135	5.111650926470364	0.24907081099957698	3790.7767537135737
-6313.597662073025	0.41654364972288394	1.089198660517402	0.14756006791037438	6.401926193175524	0.3016375434049649	3131.0950287408523
-6315.476038720478	0.21334317207834125	0.5570843681023805	0.28816352685072055	2.789829471877467	0.15363932148303858	6114.5840373490055
-6313.920549586761	0.3213303534949205	0.8409444394478341	0.1912404414753821	4.700803741266334	0.23140603852259284	4061.6545647596517
-6313.874230985594	0.32174577010836714	0.8433060222687893	0.19024337364891014	4.725451969814905	0.23427919823679513	4046.832225024761
-6314.230439890618	0.2753506340658804	0.720895625592655	0.22275098989416492	3.8960856306113816	0.19939552371451538	4732.381795045491
-6313.851514053886	0.3262012175151613	0.8544209147645319	0.18798014385951256	4.796765850769486	0.2362195780338173	3995.8849389025936
-6313.779595974902	0.3409507876580851	0.8938187873538856	0.179524467686399	5.068748633624528	0.24826353512506316	3818.2153818663087
-6313.533269767371	0.4370008067921913	1.1443895125994035	0.14036125671746977	6.7726873128769185	0.31645663364437154	2981.700012139033
-6313.521892416115	0.4410112146366829	1.1548653585027577	0.1390508358149033	6.831712128341329	0.31935803087322656	2957.20863698455
-6314.426784876767	0.2639237480708267	0.6925040900849131	0.23150982472628018	3.7138438450009663	0.19323195372219762	4920.523174128277
-6313.812124186974	0.3338327731023566	0.8749410729900822	0.18336379357379406	4.941220657018879	0.2430811070523482	3900.1814589818223
-6313.563836597865	0.415573130569209	1.0884363418856955	0.14758902138286997	6.383999205652679	0.30093847554121733	3137.074736262353
-6313.7191627019365	0.35620024578637693	0.933688969714545	0.1718449384406415	5.338298955105053	0.25936690289739456	3655.539389232693
-6313.885331683352	0.3278037706332702	0.8575317335217333	0.18743118434253805	4.815347921407498	0.23607001005106698	3982.074770127476
-6316.090580747722	0.20204842173279083	0.5308961905118171	0.301424465563816	2.6212423278314527	0.14873754314916932	6409.090559683312
-6314.400937965437	0.26171968661648004	0.6855494105794245	0.2338678603051445	3.6590768283316004	0.19057115602668018	4974.1325622534805
-6313.57243629819	0.4134559207558332	1.083269128591135	0.14823791614395765	6.3508602983640845	0.2994048864340054	3151.7381540219776
-6313.9739754019	0.3056295233374937	0.7998641574700528	0.20073639037963092	4.43032127111566	0.22132236776472256	4266.135117174724
-6314.528409178915	0.2523815430709211	0.6608601297399762	0.2430026286590643	3.4903337268653023	0.18276287714583153	5160.723666863373
-6315.31528095109	0.21742903357591675	0.5687874236904872	0.2820647660445694	2.8688046126719184	0.15745220105759897	5990.484047679867
-6313.890118686732	0.3196181352908904	0.836420714642041	0.19204044417538388	4.679801732277072	0.23145257093358787	4079.2159105906244
-6315.603325526877	0.20907860084202912	0.5471409578421	0.2933129401732823	2.7254531083217737	0.1514046630166749	6223.739619566826
-6315.021516831839	0.22792611615423966	0.5963254479891062	0.26892813330187026	3.0549779470419045	0.16505375036519257	5715.2924889967435
-6314.9492796337845	0.23764525703768685	0.6187282742711628	0.25925697893439653	3.201738454851066	0.1701918589422628	5509.990513135888
-6314.252035683134	0.28464901368575773	0.7439801089150818	0.216424112703678	4.047961347413997	0.20385386690037363	4588.0591968328445
-6313.68114479564	0.37397222347235615	0.9801103199532464	0.16356455363794675	5.6639743813777645	0.27230914448384297	3479.2775553875904
-6313.771327280331	0.34374221273294164	0.9000470054329427	0.17842877855522427	5.112381127017785	0.24892310628657963	3791.0954428284717
-6314.032993639051	0.297206246492812	0.7784960382605935	0.20631203711758636	4.285042934826543	0.2152222172116663	4383.828018711601
-6314.172664633112	0.2813504093540872	0.7367272914202895	0.21784805779079444	4.00272992199249	0.2037402136275339	4631.330670959826
-6314.340045683957	0.2888457071952028	0.7537311342300655	0.21363414463568142	4.109089781286257	0.20570582723403857	4530.673026318728
-6313.908306376507	0.3157408128746034	0.8271721061053611	0.1942375101388905	4.614002520064352	0.22864412942483	4126.701892293194
-6313.833862478382	0.33834419049222036	0.8852720905893907	0.18168431772004537	5.008189482999522	0.24366043024390002	3855.762315270708
-6314.309914545445	0.2683196407401109	0.702727183053469	0.22853560648779855	3.773734698580052	0.19430410219649852	4854.2863003555585
-6313.698758059791	0.36342548875451486	0.9526425970109857	0.16845819935433975	5.47319799377603	0.2646272243351444	3580.9102260005666
-6313.979796402539	0.3084876161384523	0.8084822247924427	0.19908949300107925	4.493505423993106	0.2233923064394028	4219.567746252485
-6313.439372988507	0.5182586155364779	1.3562488084147548	0.11813869235530652	8.207888935583432	0.3773697910767713	2516.011261542794
-6314.5800171973915	0.24972531485707233	0.6544846590441619	0.2450854883424673	3.449727447285215	0.1818375100530771	5209.248193714025
-6313.644033956969	0.3814391746840611	0.9988759713623546	0.1607605632524232	5.775112198694666	0.2762193540225032	3418.562757301047
-6315.312329099932	0.2175288434417836	0.5696834787665611	0.2818802734376091	2.872832468968047	0.15752401878642078	5983.852089126885
-6318.032310875545	0.17163966563671354	0.44746030759847705	0.35870974341858186	2.0529836344466044	0.12292028637719898	7594.217060598194
-6315.954230410186	0.22678606859166314	0.5974596292200101	0.2732704553397251	3.043437833330878	0.16060559818611095	5728.165181461587
-6313.673646984988	0.3849896218083319	1.0072773546037386	0.1591969336370871	5.82134157821312	0.27879451373981384	3392.591606916578
-6313.695761100594	0.364183531374683	0.9539592265586891	0.16837844954603776	5.476685104976114	0.26372368157321124	3577.6992271617746
-6313.521779891522	0.4375199111947	1.1474292600530236	0.13990081988164021	6.7895368321770695	0.3185804763946175	2974.916911609154
-6314.406325693984	0.2608090984690158	0.6827747987298828	0.23520305170794778	3.64039955161069	0.18886508528804627	4994.379444255082
-6315.300486356541	0.21792116917338217	0.5700279277060618	0.2815160787323446	2.87770714456578	0.15780686747636904	5977.001219510316
-6314.463149086694	0.2605580435618172	0.6807303742970429	0.23524547089627237	3.6374632672206033	0.18972550165047833	5000.644159726519
-6314.7936304401455	0.23780430094796065	0.622242126817554	0.25801177410179144	3.230781495352364	0.17220623655942086	5477.983498079937
-6313.515875895426	0.44209446858638185	1.159502507359693	0.13844023089237054	6.863835492670801	0.3219111698728596	2945.581175098352
-6314.199129916176	0.2783934425403069	0.7291058584527399	0.22030123753496592	3.9528498926601308	0.20159900292503632	4678.836636418055
-6315.118093364938	0.2299786326921865	0.6026617984830294	0.2657915837511485	3.117268732180128	0.1683785653291841	5640.594527676312
-6314.000401519668	0.3017623733530266	0.7900472253391638	0.203228764909884	4.362011799299806	0.21852139325702252	4320.110515751344
-6314.847742616427	0.24396408075928017	0.6376580743754792	0.251788887056379	3.355977306545313	0.17764287695180123	5330.240508769222
-6314.923208539351	0.23395970722278006	0.6125500582257837	0.2612126830821386	3.1609003587146853	0.1703509226455908	5567.356968114285
-6313.784148343948	0.34023395101084414	0.891935974889	0.17996794474888778	5.055727531675712	0.24774174255200404	3826.355025181272
-6313.785389571152	0.34135526901360586	0.8937275724375925	0.17974283766404703	5.072278274948878	0.24719241527850927	3816.858847858093
-6313.995673197022	0.30302782264577593	0.7952456522559644	0.2019138345494783	4.399569748776249	0.22064979978859484	4291.8933566843
-6315.6501357306115	0.20873673565199627	0.5448965578458952	0.2945035810040631	2.705457594313261	0.15032194119981976	6252.16475109606
-6313.742152530011	0.3508786602745081	0.9203819124866303	0.17449630921897763	5.248940474430344	0.25549212255288706	3708.4371493712797
-6313.762166228539	0.3455655130934216	0.9054388390942446	0.17709072821297836	5.146779677017044	0.25162449321603547	3769.2310309807476
-6314.482225112937	0.4918579593467293	1.297555621182027	0.1226816792647032	7.815448343678411	0.37191477143513607	2629.810834300937
-6313.737771221307	0.3517773694388033	0.9216072746694424	0.17434023769157295	5.255239025874708	0.2547406009697074	3703.9311317044103
-6313.899037228713	0.3209500424801422	0.8431608992953613	0.19056251280487185	4.726955769059151	0.23370090402325772	4047.9341909480577
-6314.1821037261725	0.2816990181169059	0.7361310174905072	0.21781404578306304	4.000389038114451	0.20399344800320932	4632.778401150205
-6314.286726707829	0.2714094227182935	0.7104964161934171	0.22545507023360956	3.8281103655664426	0.19762725011920704	4799.471817475246
-6313.7102138297105	0.35884138633994456	0.9411405905079333	0.17053630155110194	5.389145640055926	0.2612909615233462	3626.8262522136433
-6313.859147326088	0.32486607862276207	0.8508085109620116	0.1887187692077574	4.776662164517113	0.23525386616846133	4011.0492109698835
-6314.113457570935	0.29158715039932515	0.7646141897607652	0.21050115226100702	4.1997289714652535	0.21115059017331056	4459.815691261606
-6313.449801089149	0.4991025138106625	1.3077019571217399	0.122905972911445	7.871480849630256	0.361426693593286	2611.3058960577196
-6314.601307002771	0.24812520780087158	0.6496943718551742	0.247192026043399	3.4182106248524255	0.17967942520509356	5246.812130381908
-6314.02320689564	0.3160109023066739	0.8314703692626761	0.19332740361895678	4.620388376400397	0.2301049669217128	4116.847030382677
