# /home/maycon/.conda/envs/dadi-cli/bin/dadi-cli InferDM --fs All.ei_cm.folded.downproj.fs --model split_mig --cpus 32 --output-prefix All.ei_cm.folded.downproj.split_mig --lbounds 1e-3 1e-3 0 0 --ubounds 2 2 10 5 --global-optimization --optimizations 100
# Log(likelihood)	nu1	nu2	T	m	theta
-8166.948055368501	0.04315777374542618	0.12884022487939586	5.906084260086428	0.7967251155923043	48668.58441560674
-8168.17944685388	0.029028794848245255	0.08672078234351313	3.5742867186733376	1.1829524261713702	72263.37532796986
-8167.738675852886	0.020024957696598865	0.059818736954621116	3.011690341381657	1.7144132038785982	104778.95770761791
-8167.39124464143	0.029394444917823375	0.0878037454886228	4.739005219674048	1.1692495847815898	71429.0617184276
-8165.0915620517235	0.019813324003867653	0.05897718950064789	4.677227476165965	1.7361485764023987	106148.36359040972
-8165.65839003705	0.016333969254322452	0.0486339026871173	3.3769678143811683	2.1021658351782246	128636.814815701
-8166.06019901609	0.011628076623725463	0.034673959381570384	2.568977602304282	2.959860324357487	180800.94518390586
-8166.888138459191	0.020768773896061098	0.061995976304097165	8.51296980315161	1.6545860898153086	101116.28286652024
-8168.9535274407735	0.01758991575277034	0.052637082691752275	5.865334694077844	1.9472789137111912	119104.83099503601
-8165.70714590557	0.007447791271842252	0.02220327364237661	3.872411302487399	4.631639328568528	282606.00879216
-8168.051021374301	0.012406321648365796	0.03711397571461063	3.3588466651304265	2.7779469526195397	169375.31423719667
-8167.022250818838	0.012888110938728253	0.0384860534239057	4.873678599061328	2.669013974814759	163001.85903124968
-8168.893946585966	0.023956949408309072	0.07169921313199801	8.947559201678528	1.4309695724902927	87481.51635067389
-8165.89380519314	0.008743483041092895	0.026071455691764542	2.8442622388842076	3.9415599461668935	240602.63189319003
-8166.166707869258	0.01329056328155898	0.03964258247966484	5.609109846117045	2.591603586686777	158227.0226976255
-8166.920917706594	0.008652579263205663	0.025832536248441045	4.024288824494021	3.9743394925681823	242777.30717736672
-8166.1872481954515	0.01523979952458457	0.04544771444738805	9.788594845905102	2.2565960231515487	137897.46089990655
-8168.473447086377	0.012605564657587484	0.0377013815378967	6.8428691583347465	2.7201307897577434	166314.23291095
-8164.89447122447	0.007007405887224869	0.020852991221130997	2.7816380544880186	4.910873085825287	300217.02660519676
-8165.322419779756	0.007157060185061377	0.02131231251809573	3.2889033355879342	4.805710224357811	293800.5262959048
-8166.929749672937	0.011623784709909607	0.03469593182927555	6.6627641325574585	2.9554768456396214	180648.2360300063
-8166.184566862008	0.01293439121510402	0.03857089711517321	9.23501036350727	2.658675744655621	162474.90013542311
-8168.654070996982	0.010476541164311404	0.031364284707453914	8.207163339710402	3.283961342611035	200359.67959600876
-8167.038738098724	0.010093307160103567	0.03013298487783518	9.9	3.4053115335396416	208076.2349718226
-8169.602403966383	0.007994883728513941	0.023964172816242742	9.52536618004565	4.296405431378254	262241.2730861634
