# /home/maycon/.conda/envs/dadi-cli/bin/dadi-cli InferDM --fs All.cc_ei.folded.downproj.fs --model no_mig --cpus 32 --output-prefix All.cc_ei.folded.downproj.no_mig --lbounds 1e-3 1e-3 0 --ubounds 2 2 10 --global-optimization --optimizations 100
# Log(likelihood)	nu1	nu2	T	theta
-25984.981751679774	0.06374390105159716	0.10297532628125632	0.10786221393973698	17394.414665987828
-25984.978974239155	0.06359234875609528	0.10280617169562677	0.1076041700731484	17401.512084801077
-25984.982783959942	0.06372375942166005	0.10301755987641556	0.10782715677414241	17391.72455326731
-25984.981505424446	0.06371429890493151	0.10300229407978408	0.10781176638564234	17392.460903688003
-25985.016190197148	0.06364720203463799	0.10279802435789873	0.10764075321227283	17400.280299108916
-25985.79723183535	0.06491357543345093	0.10484055461176882	0.10984114349657509	17308.327941810458
-25984.989752179736	0.06377418588322145	0.10310279087009323	0.10791294887390196	17387.75322060133
-25984.98194037896	0.0636021135261212	0.10271190336820023	0.1076222397740137	17406.984156367136
-25985.02425350929	0.06391530960055693	0.10332662636536179	0.10815425199409986	17377.51992893998
-25984.976095298756	0.06359412475473747	0.10279250427083013	0.10760880506791526	17402.372946063264
-25984.97554420159	0.06363708757602857	0.10280811040383399	0.10768110695999623	17402.125683202357
-25985.016188065198	0.06364695528312385	0.10279750155018608	0.10763946701912235	17400.26657462914
-25985.003293517402	0.06342995128798709	0.10259468127502144	0.10733126083723736	17410.95969909531
-25985.016186466477	0.06364854679246722	0.10280025007650902	0.10764220177076331	17400.13903564424
-25984.989007399025	0.06351592848223295	0.10272354828958163	0.1074757687777931	17405.015077548742
-25985.016210955146	0.06364160831114704	0.1027885298124108	0.10763027421061218	17400.68023379183
-25985.112615245685	0.06311677719791431	0.10199648369889429	0.10680174743114844	17439.741522486456
-25985.000032500982	0.06345765616541826	0.10247721336513649	0.10737683398202687	17417.888535998136
-25984.975559072685	0.06367057259225185	0.10287513799388859	0.10773734054293989	17398.869840349955
-25985.01618784471	0.06364824458323912	0.10280017497672872	0.10764164805625179	17400.136802523313
-25985.016187171623	0.06364770704248787	0.10279914998027508	0.10764072163515997	17400.18514150185
-25985.016190098224	0.06364660562402741	0.10279644563025325	0.10763794116555515	17400.278065461505
-25984.979571165804	0.06359553559987137	0.1028272610071442	0.10761083526514416	17400.440439406382
-25985.0161881018	0.0636484471625326	0.10279946025350571	0.10764184848635897	17400.173233152538
-25985.01618696272	0.06364857271408823	0.10280027011903549	0.10764195303159234	17400.12510853954
-25985.027959810348	0.06330791816168928	0.10233829184374928	0.10712495217301314	17423.465937429202
-25985.016189234604	0.06365048668213298	0.1028036119251677	0.1076452575055082	17399.97040959266
-25985.000218782017	0.06350916919422639	0.10252661520499275	0.10746446811609701	17415.921074098376
-25985.01622663136	0.06365115118071366	0.10280944611763285	0.10764680802948501	17399.674445765
-25984.984886973107	0.06368634048364474	0.10283223131599667	0.1077636141641076	17401.476051597343
-25984.98026522076	0.0635386460197923	0.10271225474007115	0.10751526697101702	17406.034307598915
-25985.240546964953	0.06433505740446743	0.1040120577785449	0.10886248640780415	17345.63901020062
-25984.991049498978	0.06380790151201295	0.10307092910457351	0.10797020258773586	17390.02859969246
-25985.01620904899	0.06364326878196261	0.10278991912405572	0.10763362926470049	17400.65218688839
-25984.976410014144	0.06360323384821141	0.1027506870652328	0.1076237814102561	17404.82113922368
-25984.992696473357	0.06372165258675505	0.10286546782041148	0.10782484893159021	17400.2136462632
-25986.03504304383	0.06507559048570485	0.10516108000704627	0.1101146260390389	17293.07134793626
-25984.97545102611	0.06358952469974384	0.10276677811979266	0.10760073198282516	17403.725652319048
-25984.986980742324	0.06375547290582935	0.10306205188414538	0.10788013038901871	17389.690101761833
-25984.978115300477	0.06371404518332947	0.10296169733861284	0.10781117764543587	17394.70823327681
-25984.975551420444	0.06362982290695957	0.10284594016774831	0.10766817967293865	17399.88102744195
-25984.98556999007	0.0637517633996591	0.10306097222482037	0.10787515330424045	17389.75238705887
-25985.016186393434	0.06364795747722742	0.10279967544887617	0.10764127231338784	17400.165319295025
-25985.02950948381	0.06393918575566583	0.10336603071405992	0.1081917365389111	17375.55356160405
-25984.974604493298	0.06362265441682124	0.10281134829319716	0.10765686985316388	17401.73859669364
-25985.0161883522	0.06364717056057864	0.10279777536643404	0.10763898678634849	17400.21643811178
-25985.01621478282	0.06365401572298725	0.10281122935566551	0.10765163460790483	17399.616880081216
-25985.0013692503	0.06382687475158766	0.10318778803503754	0.1080041579033617	17383.902788038846
-25984.981022746015	0.06367977129525317	0.10283909299048023	0.1077536134941004	17401.04601009489
-25984.994460936745	0.06355453864452718	0.10281811528503138	0.10754208149417799	17400.36472405272
-25984.976219419073	0.06358472920198249	0.10277495828777503	0.10759230108249601	17403.183573368
-25985.0161882348	0.06364866178369284	0.10280138293342586	0.10764263865493552	17400.08854909162
-25984.981552108486	0.0636072034830622	0.10285674358528106	0.10763130705835719	17399.004900179665
-25985.01618731865	0.06364797846246434	0.10279912693547087	0.10764084602386224	17400.17537069989
-25986.55155522159	0.06206546550143117	0.099913491848718	0.10477281375542179	17529.740154605708
-25985.016188493923	0.06364802200998519	0.10280048914837167	0.10764127135843059	17400.11597162651
-25985.016192191928	0.06364979122692359	0.10280166429596647	0.10764507243755148	17400.113291190304
-25985.016187792346	0.06364759788261924	0.1027987217478113	0.10764003353720127	17400.184673220334
-25985.016210430065	0.06364247061057074	0.102789514068394	0.10763257580723808	17400.676253179572
-25985.015667262684	0.06335064665723153	0.10242798598661848	0.1071963858570154	17419.051527867345
-25985.0161862138	0.06364877334173506	0.1028005289994728	0.10764235807126854	17400.116633659778
-25984.9748932838	0.06360767133657609	0.10279748963256505	0.10763138124393239	17402.281584693686
-25985.01618782645	0.06364890418338019	0.10280165085789453	0.1076429325982429	17400.07199360645
-25984.977418458453	0.06364628928094236	0.10280490372220288	0.10769624943532587	17402.422203205828
-25984.993121050626	0.06356126274652153	0.10282600262109537	0.10755274965430314	17399.993682138225
-25985.234017544677	0.06434063917151583	0.103973415656708	0.108873124312434	17347.89496437887
-25985.110802189025	0.06319030643312762	0.10199238972826281	0.10692431303883063	17441.021191181477
-25984.993956067796	0.0636263906280984	0.10270137702245451	0.10766310996444863	17407.92391464031
-25985.016188494727	0.06364644502480386	0.10279738725353058	0.10763863530370202	17400.266760659208
-25985.01618695942	0.06364764174230432	0.10279873214078483	0.10764051064359496	17400.202919674444
-25984.98231016701	0.06375108879085216	0.10298972834057803	0.10787422513718865	17393.712873287794
-25984.99791635925	0.06342153405655958	0.10253320214308709	0.10731604414978901	17414.225454205465
-25984.97693115058	0.06358103272926956	0.10276694933502115	0.10758730621960519	17403.63218520816
-25985.02789409983	0.06349712081823314	0.10255933042859447	0.10738416816565331	17411.230518031898
-25984.982503697236	0.06356287008331235	0.10278364492737913	0.10755613515475318	17402.409316609584
