# /home/maycon/.conda/envs/dadi-cli/bin/dadi-cli InferDM --fs All.cm_lo.folded.downproj.fs --model sec_contact_asym_mig --cpus 32 --output-prefix All.cm_lo.folded.downproj.sec_contact_asym_mig --lbounds 1e-3 1e-3 0 0 0 0 --ubounds 2 2 5 5 10 10 --global-optimization --optimizations 100
# Log(likelihood)	nu1	nu2	m12	m21	T1	T2	theta
-2247.7873932876423	0.9312051594916826	0.1312666192660178	0.32635348154555266	0.19371542053005136	4.899263129702402	0.23945930840823676	6453.719880566406
-2248.2692994623853	0.8014993920090016	0.11181447230367514	0.37995183589266424	0.22859582972238998	4.083563879625613	0.2053186197989364	7494.874897906388
-2247.5748628159154	1.0313457875471839	0.14433075023656974	0.29473939410238487	0.17652814590683832	5.532321760049569	0.2650270264077284	5830.2525088572675
-2248.1709674631493	0.816045167276139	0.11448442502557929	0.3725019856589011	0.22265833368858487	4.177347089192353	0.20976272700444712	7357.619609497642
-2247.8246076693076	0.9164001920243021	0.12921383607631923	0.33252643534162085	0.19733573879968713	4.805773877978856	0.23468519941620128	6558.043021171353
-2247.3628290611164	1.1951986778968737	0.16835833892081736	0.25480826511198257	0.15127117669077744	6.566069374617778	0.30645420349233565	5031.878464890544
-2247.4500548970927	1.1197574890866087	0.15785891154797602	0.27220986732573943	0.16145044396871924	6.0881785685887175	0.2867123672842196	5370.867924552872
-2247.2657727888327	1.316453181409436	0.18536333931093452	0.2314020688741107	0.13747045161514157	7.332928426820742	0.3374095081793391	4568.9332286410345
-2247.6882405341703	0.9691464951082237	0.13610958238158127	0.3138664489315232	0.18715572641574804	5.139363846417854	0.2488423966769431	6202.597348441347
-2249.13547991079	0.6726019819152894	0.09463770065821692	0.4527375529843455	0.2695959913251866	3.269459006574614	0.17226751819002145	8920.428897522277
-2247.7343528727506	0.9496892218202084	0.13317231058376003	0.32016110473735826	0.19128779254707728	5.017583192492139	0.24400403021227937	6328.8668073542585
-2247.268771971791	1.3046380797064352	0.1832606917149488	0.23318399842474155	0.13895754837028793	7.2589144604075395	0.3350453713589656	4610.341753935177
-2248.264524476531	0.7951400158824765	0.11173670439816782	0.38286017430369634	0.22825437800430495	4.042497034363375	0.20383602839553702	7552.958111297114
-2248.1251451502694	0.8287167997434989	0.1171058164872766	0.3676883417236632	0.21766489748983842	4.25201161177243	0.2122287637755921	7248.900892883599
-2248.4437478975015	0.7642079830520968	0.10685289547703748	0.3978817054780758	0.23872259340915367	3.8480794053497487	0.1962077874329739	7857.885275235434
-2247.416583523279	1.1439365997294144	0.16114666736502	0.2662748665127034	0.15816057334996067	6.244306379572121	0.29333545208162803	5255.869574443079
-2247.5145601475115	1.0678844566663843	0.1503084224240456	0.2853377146826384	0.16956750601617832	5.762353946198261	0.2735987755704652	5630.492679333904
-2248.425785799008	0.7655805613770472	0.10734909088857902	0.396995345023122	0.2374688588516396	3.8555791557124963	0.19669237810535173	7844.122709190539
-2247.602107725652	1.0176579050773733	0.14337997306771036	0.2996107658656825	0.17786614747580695	5.444374380527803	0.2604159245105291	5908.0521737820245
-2247.865277674446	0.9040996825887598	0.1278103874281629	0.33646973098431	0.19926603704391985	4.728703992281716	0.2321401827101895	6645.453700703762
-2247.513468077488	1.0667364928450813	0.1496721873812768	0.28493564473746513	0.17012029940050907	5.756462520408818	0.2742333343438004	5636.227175997384
-2247.2767674698043	1.293391356872778	0.18170805878155943	0.23517258693273274	0.14016478805434474	7.187572941280636	0.3322101826644266	4650.440233604111
-2247.6426787464425	0.9930503230494286	0.13983562787044634	0.3067092779410534	0.18216592464807216	5.288321598575741	0.2545289872940465	6054.5137870987855
-2247.3756656124538	1.1773371456036272	0.16540044438615964	0.25837217879286567	0.15395255004097066	6.454830717355597	0.30239777164946113	5107.775412704472
-2247.483578802736	1.0900495094567302	0.15341515778149678	0.27958136846291065	0.16613424274101854	5.903490997567961	0.27925111533752817	5515.637341961865
-2247.715244747127	0.9585820212474448	0.13494828275113752	0.3177223203929795	0.1889297739962745	5.0722909751932	0.2456399145043836	6270.552480512179
-2247.94352265989	0.877048284394122	0.12271418739917561	0.3466081181942751	0.20766359627276293	4.55819079915664	0.22532996054239432	6852.572183949708
-2247.387798501587	1.1659693470137358	0.16364462375597377	0.2610330011971668	0.15569723588640624	6.381682682270496	0.2991837020760215	5158.443523136472
-2247.2626034684818	1.3213778818891306	0.18609985357857248	0.23051789965963498	0.13690107281133898	7.363426874925501	0.3387472056580131	4552.107883490337
-2247.2816009698204	1.288245919732652	0.18080084115685072	0.2359349627314859	0.14080208536607883	7.1568734749832945	0.33126905506130855	4668.372440707818
-2248.725119666855	0.7200954299762901	0.1010455082109316	0.4226591600027077	0.2521223556939245	3.5699534572067106	0.18473440705561844	8335.089826176283
-2247.9848516178536	0.8772499306486562	0.12206157014882206	0.3457724292642903	0.20877528405189544	4.562088348696202	0.22608379900928324	6850.098718335273
-2247.909131077533	0.887193002225063	0.12427365788217641	0.34241712195906293	0.20498717947234146	4.623363235449138	0.22819453154859762	6773.066225163116
-2248.289577307921	0.7916751142024487	0.11097530355725613	0.3847376555809231	0.2300024616296336	4.022317620951148	0.20288374016101524	7584.949004230104
-2247.583798383179	1.0321601392340174	0.14577572953678358	0.29535365004474595	0.17482550648146836	5.536582046978889	0.26418744462471516	5824.185427295029
-2247.357379901321	1.6035312443666854	0.22040447272055846	0.1891097069326134	0.1155590706010598	9.177504191329504	0.41384717354934364	3747.5449757219803
-2249.1378507340223	0.6740227302634505	0.09511668202028568	0.45289327858125655	0.26841744202534873	3.276658100620274	0.17199548995752262	8903.671716574652
-2248.5913412687823	0.7401028377263488	0.1043406112420178	0.41221015639544206	0.24463351915560572	3.693670418852213	0.18908954521067015	8112.912363694168
-2248.485468659939	0.7561731922246326	0.10688408862607512	0.4022790744248228	0.23834305695883296	3.7975375930474664	0.1941203289380908	7936.923016517216
-2248.5849065569737	0.7482613077253266	0.10602749767145807	0.408830773662176	0.24076480827290717	3.7434015702324173	0.19046331583224005	8025.620687337217
-2247.4141710177323	1.1434199207699276	0.1602240069409543	0.2660663253963013	0.1590230085421843	6.240074893316495	0.2935691728436634	5259.870012447374
-2248.883127467961	0.7023077791697054	0.09850759056148242	0.43459311565236486	0.259459580550223	3.4567556487042395	0.17931262615436563	8547.113440874642
-2248.944359132978	0.695393252331829	0.09719941010680964	0.43784360718197224	0.26282357238053017	3.413990316704629	0.17809166357758324	8631.34683101547
-2247.4835207158435	1.0865250734640521	0.1525916880615433	0.27999015135001104	0.16690130045680704	5.880816372013094	0.2789719704077339	5534.054340013946
-2247.73300309876	0.9519943743240646	0.13346758554080812	0.31989672511191913	0.19120723627425745	5.031154518179787	0.24401259970827846	6314.639570740341
-2248.1763857743053	0.8162493855199279	0.11420094864121133	0.37241038298927814	0.22329452162426777	4.175907952494595	0.20969880495170748	7359.500109876568
-2247.7113778862795	0.9741963213994836	0.1359727940513263	0.3111424011690454	0.18739224610482721	5.173313099442923	0.251315696613953	6170.368139598607
-2248.125170700734	0.825983564744737	0.11616357607920803	0.3683725505622452	0.21962629905321798	4.236651031946173	0.21191587237716397	7272.299551784711
-2247.933213860996	0.8775544266956303	0.12344158959800429	0.3467598629336965	0.20636565951595348	4.561030101396185	0.22518799195818562	6847.433380731972
-2247.416617979024	1.143891674917329	0.16020600190805517	0.26564403475747356	0.15903024227477158	6.245174023182757	0.2941880668250625	5256.604698109726
-2247.902222005584	0.8881862924235112	0.12453454367271245	0.34225021748841566	0.20460748748120502	4.627955699602268	0.22817825296903052	6766.776395756161
-2247.973252074933	0.8663482783128302	0.12194712621673572	0.3515695420200195	0.20895146140128046	4.489309147744648	0.2219722311902343	6936.5162062841155
-2247.5273267995317	1.0578278623481716	0.14840290499858338	0.28775123692979904	0.17178309861970545	5.698045091970167	0.271318425813702	5685.119783746495
-2248.880602588799	0.7000115866928648	0.09847460460014908	0.43437330325494417	0.258899808608062	3.442229656488562	0.17964376255893358	8573.219944311075
-2248.0252173702847	0.8527785260063907	0.12021451480194557	0.3573572408798734	0.21203940965918472	4.403684260027085	0.21834075361415378	7046.0895231987415
-2248.4946116863634	0.7556621911072126	0.10694583356161132	0.4028041944886501	0.23816622090653286	3.792701422436338	0.19381292090332536	7943.818135022943
-2247.6351651476753	1.0361873380880207	0.14380180543985857	0.2936741696427279	0.17776858565075582	5.566388221707988	0.26577742812848276	5803.258648140736
-2252.1942962474272	0.5152241398507368	0.0720806691804778	0.5916008220466855	0.35558675578334054	2.2865345697505717	0.13149193425245329	11598.888434512151
-2249.0820017308633	0.6810721450533243	0.09617678207103665	0.4486884417960505	0.26569455107442475	3.321751274489904	0.1735309450102703	8811.107508382604
-2247.69374326242	0.966857000270312	0.13598204517786205	0.3147648368727125	0.1873992910681735	5.1257193043242575	0.24807168918462147	6216.333006011577
-2248.507359963436	0.751259923826965	0.10582430302779211	0.4051345194815184	0.24086664259949261	3.7650269583549516	0.1926264052446886	7991.727496260943
-2250.4405657609223	0.5810326843518975	0.08219817964113559	0.5251324585708359	0.31091147346999204	2.6958301920456837	0.14831102761052975	10305.519962325257
-2247.5940346717243	1.035026156754922	0.14458851480647758	0.29286994617761397	0.17596860752351332	5.561548502745487	0.2672282080650645	5805.849920992973
-2251.4737062259856	0.5382147795014631	0.07652561503925333	0.5680543658925691	0.33416292265574976	2.4267361129969256	0.13684980032106067	11112.925430899973
-2247.454235645242	1.1096951732502727	0.15567077662540071	0.2739784539565736	0.16355935535754518	6.027003533796398	0.28522242425832134	5419.039572618613
-2248.034545009529	0.8499195147780034	0.11951009229374498	0.35855664817398913	0.2134948776387086	4.385978886973401	0.21753996860408514	7070.228626185534
-2249.1219288670536	0.675848143606294	0.09486548937899442	0.451269292529522	0.2696372121612502	3.291261565751604	0.1726784833560857	8877.236074970207
-2248.029715591726	0.8521031340174702	0.11928429114635747	0.3565992850966238	0.21369997951914887	4.402590098134222	0.2190360498943363	7050.494321964526
-2249.909169802603	0.6115273098821267	0.08618908504146514	0.49863920367336206	0.2966412956462847	2.886349916320776	0.15619525223648045	9800.764073405939
-2247.6155115140846	1.0071502768642948	0.14174688434460825	0.3024724647053836	0.17982442413652294	5.377931244018681	0.25802282582872216	5969.769379477722
-2248.4567726200735	0.7602130258162427	0.10661478374511209	0.40045681988651033	0.23924514756220683	3.822223209343783	0.1949133245132252	7898.828200804506
-2248.609142956425	0.7362768840079071	0.10351652725517897	0.41398440925349517	0.24648833412063034	3.6709207039604035	0.18842308496522847	8153.930958828433
-2247.6951716703184	0.9701103069116482	0.1366913861520615	0.31427025759371185	0.18655028299921284	5.144526434275305	0.24826986588460576	6196.529562850451
-2248.619607783731	0.7348475481359084	0.10353075815909919	0.41485719276727007	0.24642623698227248	3.6622292032707002	0.1880344970689076	8168.558999283918
-2247.473292472585	1.0972510464333778	0.1545326174017879	0.2775627449299894	0.16482117430495472	5.948252347515333	0.2812925037737633	5479.691290687308
