Model	Replicate	log-likelihood	AIC	chi-squared	theta	optimized_params(nu1, nu2, T)
no_mig	Round_1_Replicate_1	-85831.72	171669.44	514911.42	11115.33	1.3733,0.1673,0.3599
no_mig	Round_1_Replicate_2	-45738.62	91483.24	203704.86	5292.07	1.7484,1.7601,2.3467
no_mig	Round_1_Replicate_3	-88972.84	177951.68	213745665902.68	2922.42	3.5283,0.4188,8.7007
no_mig	Round_1_Replicate_4	-66603.04	133212.08	369023.3	2465.35	5.9662,2.0656,4.5486
no_mig	Round_1_Replicate_5	-129790.69	259587.38	1365505.64	8466.91	4.3779,0.1179,0.2328
no_mig	Round_1_Replicate_6	-217963.56	435933.12	56096711.48	5993.61	3.0297,2.5609,0.6089
no_mig	Round_1_Replicate_7	-95208.38	190422.76	1058929.79	15732.49	0.2445,1.0473,0.172
no_mig	Round_1_Replicate_8	-36245.08	72496.16	379401.55	4237.52	1.0788,3.6848,4.2776
no_mig	Round_1_Replicate_9	-51114.21	102234.42	245568.93	16691.59	0.5218,0.1634,0.4298
no_mig	Round_1_Replicate_10	-79009.55	158025.1	2213198.07	3433.94	4.078,0.5872,4.3661
no_mig	Round_2_Replicate_1	-34736.97	69479.94	6620959.5	4405.06	0.7762,2.6001,6.104
no_mig	Round_2_Replicate_2	-33478.25	66962.5	1455346.03	8193.45	0.5405,1.0172,3.0784
no_mig	Round_2_Replicate_3	-36153.56	72313.12	18043923.53	3412.35	0.9292,3.4931,8.1935
no_mig	Round_2_Replicate_4	-32579.88	65165.76	752860.97	2837.64	1.881,3.8562,8.1726
no_mig	Round_2_Replicate_5	-79370.02	158746.04	611969.04	5013.2	1.7238,3.6226,1.7134
no_mig	Round_2_Replicate_6	-36468.04	72942.08	799147.46	3028.13	2.354,2.3105,7.9394
no_mig	Round_2_Replicate_7	-52586.86	105179.72	247764.35	7776.77	0.8527,2.1141,1.1648
no_mig	Round_2_Replicate_8	-66215.53	132437.06	338656.96	5327.53	2.488,1.2391,1.6385
no_mig	Round_2_Replicate_9	-62585.76	125177.52	1.6663817293010698e+19	2999.83	0.2498,5.1227,9.9971
no_mig	Round_2_Replicate_10	-42648.18	85302.36	2239187.76	5136.94	0.4959,3.6725,3.7699
no_mig	Round_3_Replicate_1	-32463.42	64932.84	770247.61	4159.27	1.0719,3.0109,5.3357
no_mig	Round_3_Replicate_2	-45760.14	91526.28	611819.61	4006.14	2.3449,1.2036,5.0416
no_mig	Round_3_Replicate_3	-30505.09	61016.18	314468.24	5976.99	0.9833,1.6752,3.274
no_mig	Round_3_Replicate_4	-33331.29	66668.58	954601.3	1886.15	3.0326,5.3769,12.8451
no_mig	Round_3_Replicate_5	-33501.72	67009.44	1746295.4	1395.05	3.8094,7.3715,18.475
no_mig	Round_4_Replicate_1	-35354.92	70715.84	379161.07	6064.22	1.2397,1.1125,3.2989
no_mig	Round_4_Replicate_2	-32596.14	65198.28	228374.77	6247.56	1.1536,1.3568,2.8211
no_mig	Round_4_Replicate_3	-32047.11	64100.22	686812.0	3644.61	1.5287,2.7122,6.3897
no_mig	Round_4_Replicate_4	-26618.74	53243.48	122934.69	11365.32	0.5308,0.8033,1.1951
no_mig	Round_4_Replicate_5	-30857.28	61720.56	364468.09	5412.99	1.0673,1.8791,3.7431
Model	Replicate	log-likelihood	AIC	chi-squared	theta	optimized_params(nu1, nu2, T)
no_mig	Round_1_Replicate_1	-257411.49	514828.98	176687820.99	8099.04	3.1736,0.9935,0.2578
no_mig	Round_1_Replicate_2	-84854.87	169715.74	336401368.93	5033.03	2.2879,0.2946,3.8753
no_mig	Round_1_Replicate_3	-60036.61	120079.22	4858557.17	11787.36	0.6572,0.226,1.821
no_mig	Round_1_Replicate_4	-120812.52	241631.04	1768193.46	6376.82	3.2088,0.8369,0.6485
no_mig	Round_1_Replicate_5	-50913.64	101833.28	280668.89	2225.98	4.6165,3.8747,6.52
no_mig	Round_1_Replicate_6	-51354.49	102714.98	195492.03	15265.94	0.5382,0.2963,0.3363
no_mig	Round_1_Replicate_7	-38990.58	77987.16	144884.17	12261.07	0.7007,0.4846,0.72
no_mig	Round_1_Replicate_8	-39191.65	78389.3	47151201.54	4101.19	0.618,3.338,6.468
no_mig	Round_1_Replicate_9	-62272.67	124551.34	288974.94	12898.36	0.169,4.9928,0.3071
no_mig	Round_1_Replicate_10	-45702.1	91410.2	324279.59	8323.53	1.1697,0.5251,1.8066
no_mig	Round_2_Replicate_1	-23735.43	47476.86	120945.2	13657.92	0.3281,0.7759,0.9687
no_mig	Round_2_Replicate_2	-86822.45	173650.9	591374.6	11497.71	1.2679,0.1326,0.4034
no_mig	Round_2_Replicate_3	-21246.73	42499.46	95025.91	19750.49	0.1508,0.5097,0.4755
no_mig	Round_2_Replicate_4	-27225.58	54457.16	192397.36	9606.64	0.524,1.1361,1.7157
no_mig	Round_2_Replicate_5	-35758.0	71522.0	193503.38	8130.96	1.0347,0.809,1.8386
no_mig	Round_2_Replicate_6	-39484.73	78975.46	139477.1	14555.23	0.2346,1.1799,0.4192
no_mig	Round_2_Replicate_7	-59629.37	119264.74	1463061.58	6232.36	1.6281,0.4656,3.0904
no_mig	Round_2_Replicate_8	-50414.96	100835.92	1149750216.24	13529.79	0.1822,0.4837,2.2549
no_mig	Round_2_Replicate_9	-28591.13	57188.26	230879.39	8270.89	0.5982,1.4062,2.0919
no_mig	Round_2_Replicate_10	-21296.15	42598.3	111247.43	17360.14	0.2411,0.5089,0.7172
no_mig	Round_3_Replicate_1	-26084.16	52174.32	159534.73	11042.15	0.4264,1.019,1.3681
no_mig	Round_3_Replicate_2	-26029.3	52064.6	104537.49	14726.44	0.2397,0.9025,0.6846
no_mig	Round_3_Replicate_3	-46535.76	93077.52	184774.06	15366.97	0.1045,1.8395,0.314
no_mig	Round_3_Replicate_4	-42142.31	84290.62	815537.59	15702.91	0.3588,0.2963,1.3165
no_mig	Round_3_Replicate_5	-25467.25	50940.5	134732.63	12016.99	0.3747,0.9664,1.148
no_mig	Round_4_Replicate_1	-20836.69	41679.38	106487.34	18528.84	0.2294,0.4364,0.655
no_mig	Round_4_Replicate_2	-19664.76	39335.52	83833.02	19024.04	0.2208,0.4263,0.5567
no_mig	Round_4_Replicate_3	-26153.7	52313.4	119339.72	13603.31	0.2711,0.9769,0.8473
no_mig	Round_4_Replicate_4	-25616.79	51239.58	114284.58	14422.91	0.2454,0.9063,0.765
no_mig	Round_4_Replicate_5	-16671.62	33349.24	59360.56	24872.47	0.1264,0.2566,0.2954
Model	Replicate	log-likelihood	AIC	chi-squared	theta	optimized_params(nu1, nu2, T)
no_mig	Round_1_Replicate_1	-44975.46	89956.92	209395.64	9068.53	0.2946,3.1541,1.0716
no_mig	Round_1_Replicate_2	-107269.95	214545.9	1305660.03	9217.45	1.5348,0.6703,0.4468
no_mig	Round_1_Replicate_3	-39042.98	78091.96	186059.0	6633.51	1.3679,1.0857,2.096
no_mig	Round_1_Replicate_4	-439149.66	878305.32	57071750891.19	6900.4	3.4323,6.3909,0.3166
no_mig	Round_1_Replicate_5	-52109.97	104225.94	234160.63	7389.41	0.6153,3.5908,1.2221
no_mig	Round_1_Replicate_6	-72543.79	145093.58	5296109.86	4020.12	2.9916,0.5408,4.5102
no_mig	Round_1_Replicate_7	-62779.12	125564.24	311261.11	10551.63	0.3201,4.1382,0.5125
no_mig	Round_1_Replicate_8	-169245.33	338496.66	10455569.15	7982.62	2.289,0.969,0.3964
no_mig	Round_1_Replicate_9	-103415.98	206837.96	5371036285598.2	2357.91	5.2267,0.345,8.509
no_mig	Round_1_Replicate_10	-36530.73	73067.46	385925.26	8789.95	0.8414,0.6581,2.1904
no_mig	Round_2_Replicate_1	-56070.38	112146.76	780448.72	9410.18	1.0167,0.3219,1.8096
no_mig	Round_2_Replicate_2	-35019.78	70045.56	1962788.97	10488.97	0.3833,0.7542,2.3941
no_mig	Round_2_Replicate_3	-73525.08	147056.16	2423984906.74	4197.49	2.0038,0.4735,6.8366
no_mig	Round_2_Replicate_4	-34631.27	69268.54	1181583.4	6756.14	0.4672,2.1709,3.0207
no_mig	Round_2_Replicate_5	-58207.33	116420.66	269493.89	6541.32	1.9904,0.7177,1.4494
no_mig	Round_2_Replicate_6	-49191.6	98389.2	10658205933.96	9237.77	0.2152,0.9244,3.5028
no_mig	Round_2_Replicate_7	-78064.52	156135.04	1927399.53	4605.05	2.9332,0.4274,3.1935
no_mig	Round_2_Replicate_8	-46641.09	93288.18	84900665.62	10219.1	0.3603,0.566,3.0505
no_mig	Round_2_Replicate_9	-51552.57	103111.14	1180915.97	8519.74	0.985,0.4132,2.4639
no_mig	Round_2_Replicate_10	-42729.44	85464.88	3839881.85	10013.78	0.51,0.5363,2.7132
no_mig	Round_3_Replicate_1	-23522.01	47050.02	94063.54	14841.43	0.2876,0.7462,0.729
no_mig	Round_3_Replicate_2	-28308.97	56623.94	217540.76	10657.88	0.5608,0.7498,1.6266
no_mig	Round_3_Replicate_3	-57767.11	115540.22	4.302514841800589e+17	3641.12	0.2756,3.1122,9.6633
no_mig	Round_3_Replicate_4	-22376.6	44759.2	112499.28	15612.27	0.3076,0.5561,0.832
no_mig	Round_3_Replicate_5	-38559.12	77124.24	37524062.89	6531.93	0.3768,1.9201,3.9757
no_mig	Round_4_Replicate_1	-23818.8	47643.6	126540.91	13946.02	0.3702,0.6303,1.0
no_mig	Round_4_Replicate_2	-18881.78	37769.56	73936.51	20346.37	0.1782,0.4132,0.4515
no_mig	Round_4_Replicate_3	-24209.34	48424.68	130295.41	13064.35	0.3859,0.7299,1.0834
no_mig	Round_4_Replicate_4	-23567.96	47141.92	108308.79	14171.6	0.3037,0.7766,0.8602
no_mig	Round_4_Replicate_5	-23505.57	47017.14	117808.28	13978.35	0.315,0.7595,0.9286
