Model	Replicate	log-likelihood	AIC	chi-squared	theta	optimized_params(nu1, nu2, m, T)
sym_mig	Round_1_Replicate_1	-409464.34	818936.68	21095387166.19	15005.83	0.6848,0.2913,5.9582,2.0412
sym_mig	Round_1_Replicate_2	-64573.47	129154.94	332859.53	18622.76	0.3107,0.3134,0.7234,0.3959
sym_mig	Round_1_Replicate_3	-92093.65	184195.3	1077533.94	5477.39	0.67,3.4166,0.2916,3.5891
sym_mig	Round_1_Replicate_4	-150035.23	300078.46	7778005.04	16913.91	0.1341,1.3722,2.2068,4.4144
sym_mig	Round_1_Replicate_5	-84940.6	169889.2	522272.39	11045.05	0.845,0.2065,0.4302,3.3525
sym_mig	Round_1_Replicate_6	-15667.51	31343.02	37145.14	7329.63	0.6194,0.7096,0.1214,7.4012
sym_mig	Round_1_Replicate_7	-224554.67	449117.34	44723349.16	20069.56	0.34,0.1188,4.1986,0.1824
sym_mig	Round_1_Replicate_8	-52055.11	104118.22	205294.1	26153.6	0.161,0.2466,1.2991,0.5554
sym_mig	Round_1_Replicate_9	-594851.26	1189710.52	7329830806055.29	7372.93	2.4301,4.2198,1.9002,0.311
sym_mig	Round_1_Replicate_10	-429853.73	859715.46	47949520206.8	4680.48	1.4652,1.7139,1.9975,7.7462
sym_mig	Round_2_Replicate_1	-49257.97	98523.94	192309.08	7993.91	1.2102,0.4678,0.125,2.3295
sym_mig	Round_2_Replicate_2	-36481.52	72971.04	134095.79	8012.06	1.1295,0.4988,0.0624,2.4167
sym_mig	Round_2_Replicate_3	-8981.2	17970.4	21197.01	14335.62	0.1767,0.3923,0.1767,4.2891
sym_mig	Round_2_Replicate_4	-16840.91	33689.82	50639.2	10674.44	0.528,0.7098,0.0618,1.9241
sym_mig	Round_2_Replicate_5	-86580.29	173168.58	570352.67	5243.89	1.7279,0.5536,0.2235,8.2663
sym_mig	Round_2_Replicate_6	-35656.88	71321.76	103693.1	12464.54	0.3623,0.5551,0.4184,12.0293
sym_mig	Round_2_Replicate_7	-93570.95	187149.9	930130.26	5799.09	1.0499,1.1177,0.3601,21.8295
sym_mig	Round_2_Replicate_8	-17540.84	35089.68	50766.14	7945.14	0.6387,1.2635,0.0417,2.588
sym_mig	Round_2_Replicate_9	-30273.12	60554.24	79878.85	7521.98	0.3743,1.4341,0.2322,6.8056
sym_mig	Round_2_Replicate_10	-52469.56	104947.12	229196.64	4178.95	1.2007,2.1641,0.1524,8.535
sym_mig	Round_3_Replicate_1	-8383.81	16775.62	17782.46	5413.54	0.487,1.1086,0.082,16.0424
sym_mig	Round_3_Replicate_2	-32326.62	64661.24	91262.77	18788.3	0.2251,0.4392,0.553,1.0638
sym_mig	Round_3_Replicate_3	-22910.58	45829.16	65810.52	13517.31	0.332,0.198,0.2157,24.4382
sym_mig	Round_3_Replicate_4	-8161.89	16331.78	16846.4	35361.83	0.0631,0.1694,0.5731,6.7057
sym_mig	Round_3_Replicate_5	-21267.21	42542.42	57842.54	14825.28	0.3081,0.2049,0.2517,27.3663
sym_mig	Round_4_Replicate_1	-9202.52	18413.04	19415.51	22691.01	0.0725,0.3148,0.3761,6.6489
sym_mig	Round_4_Replicate_2	-8180.32	16368.64	16398.41	31353.29	0.0717,0.199,0.5253,6.0762
sym_mig	Round_4_Replicate_3	-8152.51	16313.02	16790.7	58436.97	0.0378,0.1034,0.9489,5.911
sym_mig	Round_4_Replicate_4	-8123.32	16254.64	16627.32	21910.44	0.1018,0.2906,0.3488,3.8305
sym_mig	Round_4_Replicate_5	-8196.69	16401.38	17176.62	21577.36	0.0976,0.2791,0.3432,18.4893
Model	Replicate	log-likelihood	AIC	chi-squared	theta	optimized_params(nu1, nu2, m, T)
sym_mig	Round_1_Replicate_1	-203305.9	406619.8	26954613.59	10659.18	1.7931,0.3921,0.1993,0.1688
sym_mig	Round_1_Replicate_2	-24229.82	48467.64	54839.2	27174.77	0.1231,0.2332,0.8299,0.3874
sym_mig	Round_1_Replicate_3	-328930.79	657869.58	1341881858.58	11774.49	1.5298,0.2221,2.881,0.1561
sym_mig	Round_1_Replicate_4	-383620.99	767249.98	12811252600.48	8737.34	0.3971,4.0472,3.5676,2.1447
sym_mig	Round_1_Replicate_5	-448412.44	896832.88	81949990431.43	9675.64	1.6383,5.6425,0.1275,0.1718
sym_mig	Round_1_Replicate_6	-713373.15	1426754.3	251999199179747.38	1848.68	5.2938,5.153,2.5137,7.881
sym_mig	Round_1_Replicate_7	-213440.57	426889.14	58397478.9	12935.18	0.4865,1.379,0.873,0.2191
sym_mig	Round_1_Replicate_8	-211069.71	422147.42	15621084.21	5354.19	3.3447,0.1457,0.6641,4.8381
sym_mig	Round_1_Replicate_9	-191931.87	383871.74	14110868.51	7709.86	2.9279,0.2937,0.5672,0.5046
sym_mig	Round_1_Replicate_10	-46862.45	93732.9	179634.14	13764.16	0.6407,0.2123,0.2127,1.2204
sym_mig	Round_2_Replicate_1	-15834.5	31677.0	31708.6	26920.0	0.0647,0.3222,0.4666,0.3729
sym_mig	Round_2_Replicate_2	-21648.99	43305.98	44021.09	30183.02	0.0506,0.2831,0.9259,0.3744
sym_mig	Round_2_Replicate_3	-12764.25	25536.5	32078.32	24757.11	0.1711,0.2236,0.2859,0.5882
sym_mig	Round_2_Replicate_4	-22552.47	45112.94	46024.77	41609.41	0.0452,0.1999,1.4943,0.6152
sym_mig	Round_2_Replicate_5	-22752.87	45513.74	49592.79	22827.85	0.0873,0.4691,0.4965,0.4614
sym_mig	Round_2_Replicate_6	-11079.08	22166.16	23671.13	31825.71	0.0991,0.1523,0.5238,0.3415
sym_mig	Round_2_Replicate_7	-8954.8	17917.6	16812.97	31883.29	0.0681,0.2238,0.5798,1.0331
sym_mig	Round_2_Replicate_8	-9892.2	19792.4	21852.23	35700.17	0.0623,0.1147,0.4787,0.2055
sym_mig	Round_2_Replicate_9	-37308.71	74625.42	98533.66	39667.5	0.0955,0.1123,1.8777,0.4003
sym_mig	Round_2_Replicate_10	-13758.08	27524.16	29234.59	29638.45	0.0575,0.2209,0.3548,0.2334
sym_mig	Round_3_Replicate_1	-8413.71	16835.42	17820.13	56948.55	0.0341,0.1012,0.9367,1.4201
sym_mig	Round_3_Replicate_2	-13094.17	26196.34	24521.93	57296.39	0.0304,0.1556,1.2353,2.6384
sym_mig	Round_3_Replicate_3	-12814.53	25637.06	24418.64	54902.17	0.0574,0.1134,1.2258,1.4436
sym_mig	Round_3_Replicate_4	-16789.27	33586.54	31924.05	52297.03	0.0512,0.1413,1.4632,0.9946
sym_mig	Round_3_Replicate_5	-14357.89	28723.78	28097.34	16995.78	0.1555,0.5648,0.3234,1.8365
sym_mig	Round_4_Replicate_1	-8190.19	16388.379999999997	16402.04	72789.87	0.0297,0.0841,1.2466,1.657
sym_mig	Round_4_Replicate_2	-9103.72	18215.44	20555.47	41114.11	0.045,0.1346,0.6059,1.5755
sym_mig	Round_4_Replicate_3	-8506.96	17021.92	16127.0	66062.79	0.0337,0.0916,1.2625,1.131
sym_mig	Round_4_Replicate_4	-8824.68	17657.36	19723.5	34557.05	0.0523,0.1825,0.4962,0.8934
sym_mig	Round_4_Replicate_5	-8154.16	16316.32	16535.64	35425.05	0.0628,0.1737,0.5861,2.218
Model	Replicate	log-likelihood	AIC	chi-squared	theta	optimized_params(nu1, nu2, m, T)
sym_mig	Round_1_Replicate_1	-59270.28	118548.56	266608.35	15007.66	0.5284,0.3484,0.1217,0.3455
sym_mig	Round_1_Replicate_2	-148880.23	297768.46	5037567.91	7840.06	2.0461,0.6641,0.2752,0.6102
sym_mig	Round_1_Replicate_3	-15444.07	30896.14	31149.86	7047.95	0.3518,1.5757,0.1197,5.3342
sym_mig	Round_1_Replicate_4	-324478.0	648964.0	2001586457.34	13189.58	0.3972,2.7967,2.2178,0.1555
sym_mig	Round_1_Replicate_5	-51411.99	102831.98	175614.68	8463.15	0.2214,4.5386,0.127,1.1743
sym_mig	Round_1_Replicate_6	-169170.96	338349.92	14841706.94	7231.58	0.4825,2.298,0.9163,4.8651
sym_mig	Round_1_Replicate_7	-167252.98	334513.96	12875560.16	19886.99	0.1374,0.5579,3.4103,0.2115
sym_mig	Round_1_Replicate_8	-160821.11	321650.22	11146249.07	11587.64	0.2593,4.062,1.1769,0.4667
sym_mig	Round_1_Replicate_9	-341085.56	682179.12	2563997746.19	19985.96	0.3962,0.2412,6.0906,0.8394
sym_mig	Round_1_Replicate_10	-266417.94	532843.88	315844394.92	21929.97	0.1771,0.5111,5.5708,0.6745
sym_mig	Round_2_Replicate_1	-12313.94	24635.88	29368.89	3974.79	0.3716,2.4542,0.0451,12.7827
sym_mig	Round_2_Replicate_2	-48382.31	96772.62	192710.18	5887.7	0.7226,4.3365,0.0351,1.923
sym_mig	Round_2_Replicate_3	-33417.68	66843.36	94131.13	8054.06	0.3146,1.6359,0.2343,4.2418
sym_mig	Round_2_Replicate_4	-9997.1	20002.2	21905.93	17419.85	0.165,0.5197,0.1924,1.3643
sym_mig	Round_2_Replicate_5	-51348.92	102705.84	168260.58	7389.27	0.11,3.8016,0.1704,2.4771
sym_mig	Round_2_Replicate_6	-11283.26	22574.52	23554.39	6723.54	0.2398,1.3691,0.1043,9.0611
sym_mig	Round_2_Replicate_7	-17694.67	35397.34	52583.31	4829.19	0.1679,1.8601,0.0694,16.5886
sym_mig	Round_2_Replicate_8	-17015.47	34038.94	43233.57	7734.11	0.669,0.752,0.1072,4.7496
sym_mig	Round_2_Replicate_9	-24325.65	48659.3	55682.74	5521.16	0.3764,2.7227,0.0996,5.4324
sym_mig	Round_2_Replicate_10	-18975.63	37959.26	50224.21	8818.51	0.1909,0.3945,0.0946,15.1105
sym_mig	Round_3_Replicate_1	-8463.43	16934.86	17346.43	32041.62	0.0802,0.1898,0.5041,0.5827
sym_mig	Round_3_Replicate_2	-34739.51	69487.02	108334.84	16694.89	0.1181,1.0853,0.0408,0.3741
sym_mig	Round_3_Replicate_3	-9556.06	19120.12	21766.92	23914.7	0.1419,0.2693,0.3113,0.9703
sym_mig	Round_3_Replicate_4	-19294.41	38596.82	52470.4	13341.11	0.2913,0.9173,0.0605,1.0027
sym_mig	Round_3_Replicate_5	-8667.6	17343.2	19670.26	16693.85	0.1206,0.3729,0.2212,4.1118
sym_mig	Round_4_Replicate_1	-8169.66	16347.32	17313.35	27975.07	0.0879,0.2402,0.3944,0.9703
sym_mig	Round_4_Replicate_2	-9266.76	18541.52	22514.03	26506.01	0.1074,0.2592,0.2364,0.5233
sym_mig	Round_4_Replicate_3	-8238.24	16484.48	16594.07	42126.86	0.0488,0.1407,0.7381,1.0002
sym_mig	Round_4_Replicate_4	-8547.39	17102.78	17244.01	37517.32	0.0584,0.1401,0.664,0.3933
sym_mig	Round_4_Replicate_5	-9137.32	18282.64	20011.5	32713.53	0.0751,0.1587,0.4155,0.2921
