Model	Replicate	log-likelihood	AIC	chi-squared	theta	optimized_params(nu1, nu2, m, T1, T2)
sec_contact_sym_mig	Round_1_Replicate_1	-388985.28	777980.56	14990176458.07	4822.88	3.3248,2.9889,0.6849,0.2454,0.7351
sec_contact_sym_mig	Round_1_Replicate_2	-71528.22	143066.44	408863.63	16722.23	0.3794,0.3277,0.8043,1.2802,6.5959
sec_contact_sym_mig	Round_1_Replicate_3	-164577.46	329164.92	6045096.79	8994.01	1.9031,0.2614,0.6636,0.3209,0.23
sec_contact_sym_mig	Round_1_Replicate_4	-133014.65	266039.3	2624302.64	4496.91	3.6725,0.8209,0.1933,0.9021,1.0728
sec_contact_sym_mig	Round_1_Replicate_5	-311683.2	623376.4	488604883.94	6153.06	4.1954,0.1542,1.9623,0.796,0.5872
sec_contact_sym_mig	Round_1_Replicate_6	-734210.11	1468430.22	413223654536935.94	2966.28	3.8188,1.9972,5.6665,0.6364,6.6393
sec_contact_sym_mig	Round_1_Replicate_7	-407776.19	815562.38	28171205815.77	6131.3	1.7708,2.7036,1.213,0.1437,0.7789
sec_contact_sym_mig	Round_1_Replicate_8	-205031.82	410073.64	35844491.53	4580.73	3.3229,1.4661,0.3826,1.0338,0.6117
sec_contact_sym_mig	Round_1_Replicate_9	-351188.19	702386.38	2585047874.17	6490.46	3.6023,0.2852,2.1162,0.6435,0.2248
sec_contact_sym_mig	Round_1_Replicate_10	-255989.32	511988.64	98580970.57	10227.28	0.4245,0.2111,3.8752,3.5101,0.2307
sec_contact_sym_mig	Round_2_Replicate_1	-42747.85	85505.7	135989.74	67592.43	0.088,0.07,2.1935,3.9818,11.2823
sec_contact_sym_mig	Round_2_Replicate_2	-209557.67	419125.34	20943113.84	10143.49	1.4136,0.1459,1.2495,3.5336,22.5456
sec_contact_sym_mig	Round_2_Replicate_3	-45627.24	91264.48	169195.26	26171.61	0.136,0.3619,1.0895,3.3803,19.2476
sec_contact_sym_mig	Round_2_Replicate_4	-27190.51	54391.02	85536.07	18248.57	0.2236,0.1116,0.2745,4.8003,6.5962
sec_contact_sym_mig	Round_2_Replicate_5	-26422.89	52855.78	64047.0	12965.66	0.2851,0.5888,0.3912,1.5243,5.0095
sec_contact_sym_mig	Round_2_Replicate_6	-50900.08	101810.16	181773.62	7645.99	0.9006,0.4637,0.2473,0.5122,19.3016
sec_contact_sym_mig	Round_2_Replicate_7	-13389.23	26788.46	24839.85	21099.99	0.0871,0.4245,0.4631,1.7407,15.7493
sec_contact_sym_mig	Round_2_Replicate_8	-110231.05	220472.1	1178671.53	16684.05	0.545,0.1726,0.9716,0.4746,3.0929
sec_contact_sym_mig	Round_2_Replicate_9	-10245.44	20500.88	19106.87	9716.58	0.2819,0.7101,0.1888,0.9944,9.762
sec_contact_sym_mig	Round_2_Replicate_10	-44634.08	89278.16	140070.7	7599.99	0.7178,0.5563,0.2962,3.5219,1.7304
sec_contact_sym_mig	Round_3_Replicate_1	-43991.43	87992.86	136070.12	8294.32	0.1352,1.7977,0.3264,1.8197,16.944
sec_contact_sym_mig	Round_3_Replicate_2	-12094.65	24199.3	22967.55	13072.49	0.1306,0.6753,0.2628,1.5883,2.2335
sec_contact_sym_mig	Round_3_Replicate_3	-29653.91	59317.82	73005.56	8275.07	0.1178,1.5216,0.2388,2.8377,6.0533
sec_contact_sym_mig	Round_3_Replicate_4	-20103.32	40216.64	41048.94	5725.12	0.2827,1.8902,0.1443,2.2759,12.3014
sec_contact_sym_mig	Round_3_Replicate_5	-17377.83	34765.66	34319.03	5969.03	0.2927,1.7804,0.1334,2.4162,7.5405
sec_contact_sym_mig	Round_4_Replicate_1	-9298.25	18606.5	19343.82	8066.1	0.2273,1.0,0.1197,1.1456,6.7346
sec_contact_sym_mig	Round_4_Replicate_2	-8217.44	16444.88	17994.65	5212.72	0.4881,1.2051,0.0718,0.5833,13.2886
sec_contact_sym_mig	Round_4_Replicate_3	-8588.39	17186.78	17709.98	7503.49	0.2617,0.9813,0.1141,1.0751,9.0241
sec_contact_sym_mig	Round_4_Replicate_4	-9779.41	19568.82	20918.48	6909.46	0.2756,1.2879,0.0892,2.0489,4.8196
sec_contact_sym_mig	Round_4_Replicate_5	-11294.32	22598.64	26458.78	7077.95	0.1951,1.1813,0.0995,0.7804,8.9239
Model	Replicate	log-likelihood	AIC	chi-squared	theta	optimized_params(nu1, nu2, m, T1, T2)
sec_contact_sym_mig	Round_1_Replicate_1	-39288.35	78586.7	120453.83	21145.29	0.1267,0.4501,1.0852,0.427,0.2433
sec_contact_sym_mig	Round_1_Replicate_2	-156238.18	312486.36	5213703.75	7539.2	0.5076,0.3618,1.4821,7.3932,0.9758
sec_contact_sym_mig	Round_1_Replicate_3	-203596.73	407203.46	16818044.46	4183.31	3.5094,0.3331,0.6478,3.2208,0.377
sec_contact_sym_mig	Round_1_Replicate_4	-92562.77	185135.54	861789.22	4225.9	0.941,2.1859,0.794,6.5542,0.225
sec_contact_sym_mig	Round_1_Replicate_5	-177312.05	354634.1	8556863.53	4792.91	2.6353,0.4214,0.4416,1.6921,4.1365
sec_contact_sym_mig	Round_1_Replicate_6	-240814.2	481638.4	75955036.71	4217.23	3.2812,0.5711,0.6277,2.0298,3.2637
sec_contact_sym_mig	Round_1_Replicate_7	-43516.02	87042.04	145925.66	14656.37	0.3115,0.5042,0.6182,0.9429,0.5104
sec_contact_sym_mig	Round_1_Replicate_8	-27456.83	54923.66	75878.87	7869.87	0.1855,0.2166,0.1502,6.3705,0.7395
sec_contact_sym_mig	Round_1_Replicate_9	-109459.17	218928.34	1159761.66	4310.55	1.6642,0.7276,0.3576,6.2761,1.3475
sec_contact_sym_mig	Round_1_Replicate_10	-72669.57	145349.14	464011.01	10922.99	0.1544,2.3463,0.5525,0.3229,0.9763
sec_contact_sym_mig	Round_2_Replicate_1	-40931.23	81872.46	137987.81	5309.49	0.2565,0.1583,0.1379,13.8916,2.1405
sec_contact_sym_mig	Round_2_Replicate_2	-8047.49	16104.98	15090.39	11141.53	0.2209,0.6822,0.2506,2.5092,0.2676
sec_contact_sym_mig	Round_2_Replicate_3	-17965.29	35940.58	44407.57	9439.8	0.1196,0.2649,0.2206,6.1476,1.2734
sec_contact_sym_mig	Round_2_Replicate_4	-33469.94	66949.88	112623.54	14850.45	0.1908,0.1127,0.1801,2.4079,0.191
sec_contact_sym_mig	Round_2_Replicate_5	-54753.55	109517.1	258083.36	7652.55	0.281,0.1414,0.0557,6.0713,0.4366
sec_contact_sym_mig	Round_2_Replicate_6	-21806.68	43623.36	56585.63	9479.3	0.1011,0.2956,0.249,4.9109,0.2126
sec_contact_sym_mig	Round_2_Replicate_7	-51256.92	102523.84	192330.16	3692.6	0.1879,0.2501,0.0709,18.9196,2.7956
sec_contact_sym_mig	Round_2_Replicate_8	-26784.18	53578.36	102791.16	9748.3	0.6704,0.3776,0.0577,2.407,0.2534
sec_contact_sym_mig	Round_2_Replicate_9	-8725.69	17461.38	18042.54	16784.86	0.1159,0.338,0.3421,1.6653,0.2212
sec_contact_sym_mig	Round_2_Replicate_10	-26918.71	53847.42	66390.34	4764.02	0.1529,0.2336,0.5559,12.0571,0.2484
sec_contact_sym_mig	Round_3_Replicate_1	-25358.62	50727.24	71351.77	8382.76	0.5283,0.458,0.6508,4.0637,0.0411
sec_contact_sym_mig	Round_3_Replicate_2	-9930.95	19871.9	26215.9	12032.07	0.2817,0.5281,0.1154,1.8311,0.6773
sec_contact_sym_mig	Round_3_Replicate_3	-12403.47	24816.94	26107.76	9773.64	0.2444,1.2393,0.2371,2.2401,0.155
sec_contact_sym_mig	Round_3_Replicate_4	-25570.02	51150.04	82251.12	8104.91	0.5912,0.3197,0.1181,4.2762,0.1803
sec_contact_sym_mig	Round_3_Replicate_5	-9307.24	18624.48	20386.25	11714.44	0.2658,0.4897,0.1903,2.2921,0.4978
sec_contact_sym_mig	Round_4_Replicate_1	-8036.95	16083.9	15779.45	14271.89	0.1387,0.5483,0.2508,1.6736,0.4852
sec_contact_sym_mig	Round_4_Replicate_2	-8202.53	16415.06	16144.82	11820.26	0.1632,0.7294,0.2738,2.3324,0.2004
sec_contact_sym_mig	Round_4_Replicate_3	-13480.82	26971.64	26780.9	12041.12	0.1184,0.9588,0.2711,1.8044,0.4358
sec_contact_sym_mig	Round_4_Replicate_4	-8413.99	16837.98	15299.89	12339.89	0.1872,0.6649,0.2486,1.9891,0.4222
sec_contact_sym_mig	Round_4_Replicate_5	-7809.35	15628.7	15934.53	11928.33	0.2182,0.6194,0.2093,2.1969,0.3388
Model	Replicate	log-likelihood	AIC	chi-squared	theta	optimized_params(nu1, nu2, m, T1, T2)
sec_contact_sym_mig	Round_1_Replicate_1	-614309.78	1228629.56	12761633415019.31	5433.48	1.1743,1.7118,5.6095,1.3411,3.9151
sec_contact_sym_mig	Round_1_Replicate_2	-189343.51	378697.02	24905825.61	4006.93	1.671,3.3858,1.318,3.3383,0.1284
sec_contact_sym_mig	Round_1_Replicate_3	-762637.77	1525285.54	974406504053133.1	2023.74	4.7422,3.2694,4.6686,6.8215,3.2935
sec_contact_sym_mig	Round_1_Replicate_4	-238864.68	477739.36	128794813.24	3144.24	1.4452,4.9824,0.9363,5.4318,0.4569
sec_contact_sym_mig	Round_1_Replicate_5	-366918.84	733847.68	8022397667.73	5576.76	1.3434,2.4896,1.299,0.7704,1.2957
sec_contact_sym_mig	Round_1_Replicate_6	-346875.83	693761.66	2781087790.83	4978.43	7.367,1.0492,1.2376,0.4753,0.1191
sec_contact_sym_mig	Round_1_Replicate_7	-63568.92	127147.84	361164.34	7929.96	0.5083,1.8803,0.7492,1.8561,0.1432
sec_contact_sym_mig	Round_1_Replicate_8	-362184.6	724379.2	6260874246.87	9575.81	0.554,1.087,3.2192,0.7296,5.2995
sec_contact_sym_mig	Round_1_Replicate_9	-25404.69	50819.38	47127.25	11964.36	0.1517,0.3472,0.7716,4.3314,0.7464
sec_contact_sym_mig	Round_1_Replicate_10	-203593.07	407196.14	34988432.63	4573.7	1.6157,1.511,0.6057,3.5496,1.4236
sec_contact_sym_mig	Round_2_Replicate_1	-134844.84	269699.68	3016363.35	6073.19	0.0449,1.2074,2.7271,13.5812,0.6905
sec_contact_sym_mig	Round_2_Replicate_2	-161495.62	323001.24	4861105.45	21136.95	0.4273,0.0874,2.1361,1.8449,1.0874
sec_contact_sym_mig	Round_2_Replicate_3	-29368.24	58746.48	79282.05	7643.14	0.221,0.1384,0.3445,7.0882,0.5019
sec_contact_sym_mig	Round_2_Replicate_4	-36062.83	72135.66	89999.89	7839.79	0.2273,0.7989,0.5437,5.685,1.0819
sec_contact_sym_mig	Round_2_Replicate_5	-30330.4	60670.8	60633.27	6291.58	0.3649,1.001,0.4668,5.8555,0.4423
sec_contact_sym_mig	Round_2_Replicate_6	-26216.11	52442.22	60552.36	11074.32	0.2878,0.176,0.456,3.457,0.3089
sec_contact_sym_mig	Round_2_Replicate_7	-135304.88	270619.76	2414957.62	8151.82	0.4406,0.287,1.5046,5.8741,0.6342
sec_contact_sym_mig	Round_2_Replicate_8	-153438.33	306886.66	7166031.33	7654.25	0.5601,0.89,1.0493,4.9932,1.9158
sec_contact_sym_mig	Round_2_Replicate_9	-32500.09	65010.18	82203.06	4443.56	0.5603,0.27,0.2516,11.2774,0.511
sec_contact_sym_mig	Round_2_Replicate_10	-17445.13	34900.26	44190.33	23198.98	0.0957,0.1181,0.367,1.1962,0.4509
sec_contact_sym_mig	Round_3_Replicate_1	-9576.64	19163.28	19959.55	27055.44	0.0576,0.1651,0.613,1.0035,0.4976
sec_contact_sym_mig	Round_3_Replicate_2	-10853.8	21717.6	28547.49	19059.09	0.1435,0.4709,0.1262,0.6018,0.3162
sec_contact_sym_mig	Round_3_Replicate_3	-16790.91	33591.82	40605.34	15618.92	0.1229,0.2379,0.2923,2.2134,0.1207
sec_contact_sym_mig	Round_3_Replicate_4	-15711.23	31432.46	43011.18	17260.42	0.0975,0.324,0.1355,1.3951,0.6075
sec_contact_sym_mig	Round_3_Replicate_5	-8424.66	16859.32	18339.84	20429.8	0.1008,0.2846,0.314,1.0248,0.5346
sec_contact_sym_mig	Round_4_Replicate_1	-7757.91	15525.82	15881.0	12985.07	0.1764,0.5474,0.208,1.9463,0.542
sec_contact_sym_mig	Round_4_Replicate_2	-8784.19	17578.38	15476.63	25559.84	0.0771,0.2693,0.5918,0.5694,0.2429
sec_contact_sym_mig	Round_4_Replicate_3	-7792.04	15594.08	15610.08	17433.34	0.1159,0.4024,0.3539,1.3843,0.1922
sec_contact_sym_mig	Round_4_Replicate_4	-8319.88	16649.76	16375.01	24474.28	0.081,0.2442,0.4554,0.7984,0.871
sec_contact_sym_mig	Round_4_Replicate_5	-7775.38	15560.76	16117.18	18905.43	0.1305,0.3803,0.3006,0.9962,0.2853
