Model	Replicate	log-likelihood	AIC	chi-squared	theta	optimized_params
no_mig	Round_4_Replicate_5	-16671.62	33349.24	59360.56	24872.47	0.1264,0.2566,0.2954	
no_mig	Round_4_Replicate_2	-18881.78	37769.56	73936.51	20346.37	0.1782,0.4132,0.4515	
no_mig	Round_4_Replicate_2	-19664.76	39335.52	83833.02	19024.04	0.2208,0.4263,0.5567	
no_mig	Round_4_Replicate_1	-20836.69	41679.38	106487.34	18528.84	0.2294,0.4364,0.655	
no_mig	Round_2_Replicate_3	-21246.73	42499.46	95025.91	19750.49	0.1508,0.5097,0.4755	
sec_contact_sym_mig	Round_4_Replicate_1	-7757.91	15525.82	15881.0	12985.07	0.1764,0.5474,0.208,1.9463,0.542	
sec_contact_sym_mig	Round_4_Replicate_5	-7775.38	15560.76	16117.18	18905.43	0.1305,0.3803,0.3006,0.9962,0.2853	
sec_contact_sym_mig	Round_4_Replicate_3	-7792.04	15594.08	15610.08	17433.34	0.1159,0.4024,0.3539,1.3843,0.1922	
sec_contact_sym_mig	Round_4_Replicate_5	-7809.35	15628.7	15934.53	11928.33	0.2182,0.6194,0.2093,2.1969,0.3388	
sec_contact_sym_mig	Round_4_Replicate_1	-8036.95	16083.9	15779.45	14271.89	0.1387,0.5483,0.2508,1.6736,0.4852	
sym_mig	Round_4_Replicate_4	-8123.32	16254.64	16627.32	21910.44	0.1018,0.2906,0.3488,3.8305	
sym_mig	Round_4_Replicate_3	-8152.51	16313.02	16790.7	58436.97	0.0378,0.1034,0.9489,5.911	
sym_mig	Round_4_Replicate_5	-8154.16	16316.32	16535.64	35425.05	0.0628,0.1737,0.5861,2.218	
sym_mig	Round_3_Replicate_4	-8161.89	16331.78	16846.4	35361.83	0.0631,0.1694,0.5731,6.7057	
sym_mig	Round_4_Replicate_1	-8169.66	16347.32	17313.35	27975.07	0.0879,0.2402,0.3944,0.9703	
