Model	Replicate	log-likelihood	AIC	chi-squared	theta	optimized_params(nu1, nu2, T)
no_mig	Round_1_Replicate_1	-31564.9	63135.8	157163.51	4300.16	0.3639,3.1717,0.8237
no_mig	Round_1_Replicate_2	-104909.21	209824.42	32368899.86	3148.4	1.4086,6.3993,0.5159
no_mig	Round_1_Replicate_3	-16469.93	32945.86	153070.83	5567.84	0.681,0.2725,0.8286
no_mig	Round_1_Replicate_4	-129793.09	259592.18	192016843.03	4582.3	0.9858,1.996,0.2
no_mig	Round_1_Replicate_5	-11105.17	22216.34	40139.65	10898.3	0.1728,0.1374,0.2181
no_mig	Round_1_Replicate_6	-124085.87	248177.74	130781756.62	3363.92	2.9718,0.8069,0.218
no_mig	Round_1_Replicate_7	-39662.9	79331.8	4201097.23	1914.36	4.0127,0.1966,1.6162
no_mig	Round_1_Replicate_8	-40842.61	81691.22	307012.89	3456.61	0.7243,3.6789,0.8997
no_mig	Round_1_Replicate_9	-32897.97	65801.94	226427.77	2410.26	2.6336,0.6914,1.2061
no_mig	Round_1_Replicate_10	-85082.34	170170.68	8439480.42	1679.02	5.1488,2.2063,1.0115
no_mig	Round_2_Replicate_1	-23243.51	46493.02	5857554.06	12955.15	0.1554,0.0526,0.4761
no_mig	Round_2_Replicate_2	-10889.74	21785.48	50381.02	12891.14	0.1287,0.0723,0.166
no_mig	Round_2_Replicate_3	-26023.25	52052.5	118299.0	8495.53	0.2575,0.2126,0.1712
no_mig	Round_2_Replicate_4	-31058.16	62122.32	548178.23	7507.56	0.5002,0.0441,0.2338
no_mig	Round_2_Replicate_5	-14275.35	28556.7	317702.45	11207.38	0.2069,0.1003,0.4109
no_mig	Round_2_Replicate_6	-9419.86	18845.72	45029.22	15895.77	0.0605,0.0585,0.1101
no_mig	Round_2_Replicate_7	-9621.36	19248.72	38043.43	15319.24	0.0603,0.0593,0.0982
no_mig	Round_2_Replicate_8	-37689.38	75384.76	285824.98	7324.49	0.299,0.4738,0.2067
no_mig	Round_2_Replicate_9	-10142.71	20291.42	70824.5	10078.41	0.1983,0.2193,0.4135
no_mig	Round_2_Replicate_10	-10859.89	21725.78	63786.36	9618.6	0.2482,0.1744,0.3799
no_mig	Round_3_Replicate_1	-9190.04	18386.08	41917.63	13877.58	0.0907,0.0947,0.1601
no_mig	Round_3_Replicate_2	-9402.04	18810.08	41555.71	15484.9	0.0622,0.0635,0.1101
no_mig	Round_3_Replicate_3	-11385.26	22776.52	62578.04	18806.2	0.0301,0.033,0.0658
no_mig	Round_3_Replicate_4	-9254.36	18514.72	39757.97	14384.22	0.0811,0.0783,0.1352
no_mig	Round_3_Replicate_5	-9888.19	19782.38	48300.6	14073.38	0.0782,0.1105,0.1634
no_mig	Round_4_Replicate_1	-9178.54	18363.08	49894.86	12821.86	0.12,0.1203,0.2228
no_mig	Round_4_Replicate_2	-9301.05	18608.1	43512.43	15339.35	0.0693,0.0633,0.1203
no_mig	Round_4_Replicate_3	-9118.9	18243.8	48223.54	13310.44	0.1087,0.108,0.2001
no_mig	Round_4_Replicate_4	-9237.13	18480.26	49536.28	12513.53	0.1294,0.1228,0.2314
no_mig	Round_4_Replicate_5	-9245.17	18496.34	46005.62	15290.69	0.0712,0.0686,0.1304
Model	Replicate	log-likelihood	AIC	chi-squared	theta	optimized_params(nu1, nu2, T)
no_mig	Round_1_Replicate_1	-26768.83	53543.66	158465.06	5117.57	0.2574,1.9486,0.8167
no_mig	Round_1_Replicate_2	-23164.54	46335.08	461979.82	1140.92	4.2222,1.7861,5.6201
no_mig	Round_1_Replicate_3	-66855.08	133716.16	2669688.95	4182.44	1.3348,0.6349,0.3108
no_mig	Round_1_Replicate_4	-74557.57	149121.14	3673315.61	3227.44	5.0167,0.2081,0.1749
no_mig	Round_1_Replicate_5	-25758.27	51522.54	126246.56	7162.39	0.1548,1.0921,0.4221
no_mig	Round_1_Replicate_6	-127206.69	254419.38	153899739.6	5278.04	0.6469,2.3368,0.1556
no_mig	Round_1_Replicate_7	-232628.94	465263.88	145757888304.46	2373.13	5.3473,6.3021,0.3325
no_mig	Round_1_Replicate_8	-53325.07	106656.14	640053.51	5489.42	0.277,7.8059,0.285
no_mig	Round_1_Replicate_9	-33221.32	66448.64	69178120.0	3436.12	0.2034,2.4682,2.5972
no_mig	Round_1_Replicate_10	-36107.48	72220.96	275477.01	1770.45	2.2771,3.1724,2.4671
no_mig	Round_2_Replicate_1	-50006.44	100018.88	723598.94	889.07	9.0403,2.5299,3.0211
no_mig	Round_2_Replicate_2	-58376.83	116759.66	1176532.62	617.75	15.78,3.2248,3.6259
no_mig	Round_2_Replicate_3	-28021.01	56048.02	950384985675.0	701.93	5.7619,0.8277,16.2645
no_mig	Round_2_Replicate_4	-55143.31	110292.62	917223.0	828.61	11.9773,2.0922,2.5591
no_mig	Round_2_Replicate_5	-17619.94	35245.88	1732225.57	635.39	4.5089,4.8247,17.8812
no_mig	Round_2_Replicate_6	-26872.78	53751.56	174006.47	1858.51	1.9444,2.6869,2.9088
no_mig	Round_2_Replicate_7	-20881.35	41768.7	61396301.53	1432.38	2.2911,0.9336,8.487
no_mig	Round_2_Replicate_8	-26506.23	53018.46	4951183822.93	1432.42	2.7132,0.525,7.6831
no_mig	Round_2_Replicate_9	-36568.3	73142.6	302348.89	1908.5	2.7067,1.8265,1.9289
no_mig	Round_2_Replicate_10	-18760.59	37527.18	7156152.47	1666.14	1.8822,1.0344,7.0504
no_mig	Round_3_Replicate_1	-17860.77	35727.54	3785215.71	955.14	3.1592,2.3714,12.464
no_mig	Round_3_Replicate_2	-20065.3	40136.6	1797314.78	1229.04	1.4881,4.1887,9.2018
no_mig	Round_3_Replicate_3	-17608.87	35223.74	1680235.58	648.93	4.4809,4.6317,17.4007
no_mig	Round_3_Replicate_4	-17287.93	34581.86	1267605.51	1297.5	1.8709,2.7676,8.8142
no_mig	Round_3_Replicate_5	-16549.13	33104.26	508360.87	1934.03	1.419,1.8302,4.997
no_mig	Round_4_Replicate_1	-16559.5	33125.0	408410.54	2913.1	0.7852,1.4483,3.162
no_mig	Round_4_Replicate_2	-16397.21	32800.42	669101.87	1899.24	1.4538,1.6791,5.3902
no_mig	Round_4_Replicate_3	-15856.53	31719.06	519569.56	2681.38	1.1502,1.0036,3.3793
no_mig	Round_4_Replicate_4	-16369.54	32745.08	596126.6	1926.93	1.5005,1.6132,5.1152
no_mig	Round_4_Replicate_5	-16810.81	33627.62	1514601.35	2333.79	1.0028,1.3211,4.9783
Model	Replicate	log-likelihood	AIC	chi-squared	theta	optimized_params(nu1, nu2, T)
no_mig	Round_1_Replicate_1	-42661.51	85329.02	6811379.12	3002.56	0.1863,5.7983,1.9426
no_mig	Round_1_Replicate_2	-47662.86	95331.72	3.578105802464151e+16	1620.19	0.2139,5.5299,6.9888
no_mig	Round_1_Replicate_3	-22226.82	44459.64	1401484.06	3860.7	1.14,0.2464,1.5844
no_mig	Round_1_Replicate_4	-77593.71	155193.42	5707248.38	5505.59	0.77,0.4263,0.1569
no_mig	Round_1_Replicate_5	-29602.41	59210.82	316580050.01	1670.49	0.5377,4.2186,6.9878
no_mig	Round_1_Replicate_6	-34834.81	69675.62	185583.19	4175.83	0.4183,3.6167,0.7582
no_mig	Round_1_Replicate_7	-160202.57	320411.14	1426433218.63	3126.18	2.5472,2.6668,0.2992
no_mig	Round_1_Replicate_8	-31667.27	63340.54	244552.46	2953.42	2.2879,0.2865,0.8672
no_mig	Round_1_Replicate_9	-61590.86	123187.72	1839496.4	5679.84	0.7061,0.3825,0.1827
no_mig	Round_1_Replicate_10	-34172.77	68351.54	255485.3	1295.89	2.9613,4.5136,3.8897
no_mig	Round_2_Replicate_1	-22307.23	44620.46	91970.11	6132.17	0.3252,0.9367,0.5511
no_mig	Round_2_Replicate_2	-28182.24	56370.48	96538168515836.81	2842.99	0.9533,0.216,5.0196
no_mig	Round_2_Replicate_3	-23428.19	46862.38	122352.79	3987.86	1.1846,0.4535,0.849
no_mig	Round_2_Replicate_4	-12729.34	25464.68	104298.76	6621.64	0.4462,0.3366,0.7745
no_mig	Round_2_Replicate_5	-12738.98	25483.96	108915.93	6976.54	0.4283,0.285,0.7105
no_mig	Round_2_Replicate_6	-20975.14	41956.28	270171.51	2265.55	2.0287,0.8769,2.5481
no_mig	Round_2_Replicate_7	-32422.92	64851.84	7605632068728140.0	4070.29	0.3147,0.2329,4.4574
no_mig	Round_2_Replicate_8	-12676.46	25358.92	102987.47	6807.14	0.4348,0.3131,0.7362
no_mig	Round_2_Replicate_9	-20874.59	41755.18	2800979.14	1737.49	2.3364,0.7537,5.2283
no_mig	Round_2_Replicate_10	-19991.24	39988.48	658703.42	3999.32	1.0716,0.3016,1.4613
no_mig	Round_3_Replicate_1	-25909.28	51824.56	265590.9	3499.23	1.5831,0.2779,1.0
no_mig	Round_3_Replicate_2	-15130.17	30266.34	435813.51	4491.71	0.7172,0.4614,1.6955
no_mig	Round_3_Replicate_3	-18280.63	36567.26	304267.55	3354.47	1.2421,0.5296,1.797
no_mig	Round_3_Replicate_4	-10549.88	21105.76	85613.83	9381.2	0.2276,0.2463,0.4952
no_mig	Round_3_Replicate_5	-15388.35	30782.7	300346.53	3266.27	0.938,0.9251,2.4064
no_mig	Round_4_Replicate_1	-11423.25	22852.5	96493.16	7851.95	0.308,0.3231,0.6555
no_mig	Round_4_Replicate_2	-10422.22	20850.44	74530.22	9465.45	0.2246,0.2414,0.4627
no_mig	Round_4_Replicate_3	-10908.58	21823.16	97059.82	9163.18	0.224,0.2794,0.54
no_mig	Round_4_Replicate_4	-10344.49	20694.98	74273.89	9629.63	0.2176,0.2347,0.4508
no_mig	Round_4_Replicate_5	-10383.93	20773.86	81573.96	9757.82	0.2094,0.2354,0.4604
