Model	Replicate	log-likelihood	AIC	chi-squared	theta	optimized_params(nu1, nu2, m, T)
sym_mig	Round_1_Replicate_1	-42837.5	85683.0	255995.9	2582.17	0.3889,5.5334,0.1953,2.7098
sym_mig	Round_1_Replicate_2	-58777.6	117563.2	1263522.53	4072.62	0.4032,1.6954,0.6094,2.2146
sym_mig	Round_1_Replicate_3	-176510.85	353029.7	5380304844.13	1590.43	3.3317,1.3942,0.893,3.326
sym_mig	Round_1_Replicate_4	-114321.55	228651.1	71618468.34	7904.26	0.266,0.3171,3.5537,0.1842
sym_mig	Round_1_Replicate_5	-82757.44	165522.88	9308290.7	1363.68	3.4799,2.117,0.1972,3.9511
sym_mig	Round_1_Replicate_6	-299556.2	599120.4	12057834752999.31	2325.12	5.7482,8.0056,0.5285,0.3087
sym_mig	Round_1_Replicate_7	-228276.42	456560.84	137129844108.21	2962.82	0.9344,4.5342,2.2886,0.9055
sym_mig	Round_1_Replicate_8	-73768.17	147544.34	3414904.54	5708.46	0.2576,2.1656,1.0135,0.4581
sym_mig	Round_1_Replicate_9	-82193.84	164395.68	6859104.67	2458.83	6.0792,0.3113,0.1786,0.3463
sym_mig	Round_1_Replicate_10	-219074.22	438156.44	83993049280.45	3244.51	3.2805,0.2699,4.0056,0.4714
sym_mig	Round_2_Replicate_1	-52026.95	104061.9	763118.1	2653.02	1.2353,3.9232,0.0428,1.2132
sym_mig	Round_2_Replicate_2	-38614.29	77236.58	167343.23	3776.88	0.2049,3.2401,0.2628,1.9518
sym_mig	Round_2_Replicate_3	-37803.29	75614.58	189761.74	1054.17	1.1022,10.749,0.0687,8.8444
sym_mig	Round_2_Replicate_4	-67036.33	134080.66	2463728.34	2312.78	1.1216,3.7579,0.2432,2.1802
sym_mig	Round_2_Replicate_5	-35694.7	71397.4	106149.06	2205.0	0.3198,10.0224,0.043,2.6363
sym_mig	Round_2_Replicate_6	-88765.98	177539.96	9912102.4	2777.5	1.1709,12.6406,0.1067,0.7836
sym_mig	Round_2_Replicate_7	-28967.39	57942.78	73956.61	1767.53	0.3876,6.7191,0.0457,5.1876
sym_mig	Round_2_Replicate_8	-38767.49	77542.98	127236.77	2777.9	0.2156,8.9366,0.0891,1.9284
sym_mig	Round_2_Replicate_9	-27395.76	54799.52	131949.56	2830.33	1.0622,1.5619,0.1088,2.3171
sym_mig	Round_2_Replicate_10	-56639.88	113287.76	753810.84	3725.23	0.2941,8.8463,0.3742,0.9594
sym_mig	Round_3_Replicate_1	-7095.29	14198.58	13201.08	1811.3	1.2285,1.5054,0.0324,8.1795
sym_mig	Round_3_Replicate_2	-32937.61	65883.22	203669.57	2993.34	0.7761,1.4357,0.2306,3.5059
sym_mig	Round_3_Replicate_3	-39711.98	79431.96	367649.68	1771.71	1.5301,1.4303,0.1975,13.1179
sym_mig	Round_3_Replicate_4	-30653.09	61314.18	185500.49	3015.35	1.2244,0.7364,0.1846,2.6598
sym_mig	Round_3_Replicate_5	-23333.89	46675.78	94485.68	2278.61	1.2056,0.9887,0.1562,7.8615
sym_mig	Round_4_Replicate_1	-5946.47	11900.94	14043.95	1212.8	1.3862,0.8485,0.0294,28.0357
sym_mig	Round_4_Replicate_2	-5643.32	11294.64	10514.02	1601.7	0.7819,1.3354,0.0398,18.7447
sym_mig	Round_4_Replicate_3	-5351.46	10710.92	11182.53	1205.83	1.4069,1.0883,0.0301,25.872
sym_mig	Round_4_Replicate_4	-5812.21	11632.42	13113.81	1118.12	1.5278,1.8288,0.0144,18.0526
sym_mig	Round_4_Replicate_5	-6426.7	12861.4	17729.86	1673.54	1.3984,0.9058,0.0202,10.2897
Model	Replicate	log-likelihood	AIC	chi-squared	theta	optimized_params(nu1, nu2, m, T)
sym_mig	Round_1_Replicate_1	-298579.23	597166.46	12773672413785.68	2788.7	5.3256,1.759,2.3661,0.217
sym_mig	Round_1_Replicate_2	-177792.3	355592.6	4495316595.19	5176.68	0.3094,3.8078,3.874,0.4411
sym_mig	Round_1_Replicate_3	-68114.58	136237.16	3191895.65	4097.0	1.0552,0.5022,0.5686,1.0099
sym_mig	Round_1_Replicate_4	-16666.94	33341.88	44857.43	4051.27	0.4923,0.7042,0.2461,5.8746
sym_mig	Round_1_Replicate_5	-20136.71	40281.42	68717.3	7454.23	0.343,0.2695,0.5085,2.4149
sym_mig	Round_1_Replicate_6	-147820.2	295648.4	793417994.93	6479.67	0.9091,0.1279,3.578,1.5521
sym_mig	Round_1_Replicate_7	-57961.31	115930.62	1447730.39	5769.47	0.6257,0.4732,0.1182,0.227
sym_mig	Round_1_Replicate_8	-7782.22	15572.44	19357.57	6313.6	0.3891,0.1607,0.1732,2.7732
sym_mig	Round_1_Replicate_9	-191532.2	383072.4	11643515602.27	3543.39	1.6395,6.4932,0.2922,0.2676
sym_mig	Round_1_Replicate_10	-168493.74	336995.48	3187483576.62	2713.84	2.0469,0.4148,1.8059,7.887
sym_mig	Round_2_Replicate_1	-12695.71	25399.42	53604.77	5631.46	0.5715,0.0937,0.1099,2.1239
sym_mig	Round_2_Replicate_2	-5318.25	10644.5	9640.25	13021.61	0.1255,0.121,0.3947,1.1264
sym_mig	Round_2_Replicate_3	-6392.95	12793.9	10976.05	4913.31	0.2575,0.5283,0.1393,4.945
sym_mig	Round_2_Replicate_4	-5890.94	11789.88	11361.78	4360.41	0.2495,0.4523,0.1363,12.886
sym_mig	Round_2_Replicate_5	-12695.52	25399.04	54840.13	4121.72	0.5765,0.0812,0.115,7.307
sym_mig	Round_2_Replicate_6	-6574.02	13156.04	12520.13	5907.49	0.2005,0.4557,0.1165,3.1451
sym_mig	Round_2_Replicate_7	-5766.06	11540.12	12499.76	8813.64	0.1385,0.1338,0.2481,7.9821
sym_mig	Round_2_Replicate_8	-13184.83	26377.66	42719.33	7771.53	0.0957,0.0778,0.1516,6.2771
sym_mig	Round_2_Replicate_9	-32720.64	65449.28	198989.81	5305.43	0.7202,0.0994,0.4174,4.506
sym_mig	Round_2_Replicate_10	-13521.46	27050.92	40929.47	2541.06	1.3061,0.3552,0.0843,6.0848
sym_mig	Round_3_Replicate_1	-16913.36	33834.72	50270.32	8364.36	0.3224,0.2134,0.4713,1.1462
sym_mig	Round_3_Replicate_2	-5720.91	11449.82	10269.19	14063.52	0.0876,0.1495,0.4224,0.9668
sym_mig	Round_3_Replicate_3	-5468.89	10945.78	12028.6	10622.58	0.142,0.1309,0.2226,1.5951
sym_mig	Round_3_Replicate_4	-7249.82	14507.64	16157.52	7636.29	0.327,0.2858,0.0926,0.9239
sym_mig	Round_3_Replicate_5	-40675.84	81359.68	388118.92	8492.31	0.2871,0.3304,1.0201,3.1368
sym_mig	Round_4_Replicate_1	-5320.78	10649.56	9556.9	20135.83	0.0681,0.078,0.6942,1.7528
sym_mig	Round_4_Replicate_2	-5112.57	10233.14	9735.66	9788.22	0.1584,0.1719,0.2398,1.8124
sym_mig	Round_4_Replicate_3	-5125.53	10259.06	9702.62	13000.8	0.1156,0.1324,0.3198,0.8851
sym_mig	Round_4_Replicate_4	-5141.01	10290.02	9765.19	11934.47	0.1216,0.1421,0.3025,1.3212
sym_mig	Round_4_Replicate_5	-5120.35	10248.7	9819.82	11916.5	0.1257,0.1348,0.3055,1.3553
Model	Replicate	log-likelihood	AIC	chi-squared	theta	optimized_params(nu1, nu2, m, T)
sym_mig	Round_1_Replicate_1	-163560.27	327128.54	1908912705.08	6172.46	0.3568,1.1118,3.2969,0.1602
sym_mig	Round_1_Replicate_2	-61720.19	123448.38	1774677.82	10235.56	0.2031,0.3071,2.0655,0.7582
sym_mig	Round_1_Replicate_3	-175028.63	350065.26	4677169867.69	4994.01	0.7247,0.474,3.3372,1.3576
sym_mig	Round_1_Replicate_4	-76683.81	153375.62	3875142.89	1398.33	4.5427,0.1416,0.2545,6.8997
sym_mig	Round_1_Replicate_5	-39264.98	78537.96	321021.26	4983.57	0.4942,1.2221,0.2381,0.6864
sym_mig	Round_1_Replicate_6	-184776.94	369561.88	9036552824.79	5270.54	1.5987,0.1265,4.9581,1.9822
sym_mig	Round_1_Replicate_7	-83903.55	167815.1	9306296.11	8622.17	0.4893,0.1376,1.9138,4.1447
sym_mig	Round_1_Replicate_8	-183447.0	366902.0	8525477470.65	1714.97	3.4525,0.7837,1.2484,4.5853
sym_mig	Round_1_Replicate_9	-97175.9	194359.8	17540473.68	3523.95	0.357,2.8936,1.1778,4.1987
sym_mig	Round_1_Replicate_10	-344291.06	688590.12	235087370292396.75	1147.29	3.7495,4.6648,3.229,3.0789
sym_mig	Round_2_Replicate_1	-19944.35	39896.7	48096.89	7423.68	0.1559,0.8719,0.072,0.5349
sym_mig	Round_2_Replicate_2	-15073.98	30155.96	33276.76	8120.78	0.1849,0.4635,0.4244,1.5426
sym_mig	Round_2_Replicate_3	-10793.41	21594.82	19039.6	5727.91	0.239,0.6798,0.1966,2.5353
sym_mig	Round_2_Replicate_4	-11859.3	23726.6	25242.44	7029.01	0.2931,0.4271,0.2784,1.4431
sym_mig	Round_2_Replicate_5	-30402.08	60812.16	132816.22	7522.2	0.2083,0.7298,0.168,0.2846
sym_mig	Round_2_Replicate_6	-84394.96	168797.92	8528250.15	4674.73	0.6129,2.118,0.3911,0.3881
sym_mig	Round_2_Replicate_7	-12977.62	25963.24	26906.16	4485.36	0.4676,1.034,0.074,1.7116
sym_mig	Round_2_Replicate_8	-49080.75	98169.5	750467.8	5395.49	0.6733,0.6034,0.0768,0.3184
sym_mig	Round_2_Replicate_9	-52382.21	104772.42	991697.37	4925.52	0.8437,0.3538,0.5266,0.8011
sym_mig	Round_2_Replicate_10	-41469.1	82946.2	226758.82	5942.67	0.1449,2.0294,0.4796,0.706
sym_mig	Round_3_Replicate_1	-5868.99	11745.98	11394.63	3028.65	0.4072,0.7354,0.0642,8.2756
sym_mig	Round_3_Replicate_2	-6906.38	13820.76	12913.49	5852.6	0.3514,0.5016,0.0808,1.7347
sym_mig	Round_3_Replicate_3	-8078.04	16164.08	13752.26	1256.96	1.3881,2.423,0.0368,15.5061
sym_mig	Round_3_Replicate_4	-34401.06	68810.12	138329.67	5194.07	0.1474,1.2339,0.5106,11.8064
sym_mig	Round_3_Replicate_5	-6414.82	12837.64	12408.95	3277.19	0.6705,0.7616,0.0514,4.2257
sym_mig	Round_4_Replicate_1	-5337.23	10682.46	10137.04	2985.34	0.4476,0.6373,0.0723,9.6124
sym_mig	Round_4_Replicate_2	-5178.75	10365.5	9754.16	1685.58	0.843,1.0543,0.0423,18.3137
sym_mig	Round_4_Replicate_3	-5207.31	10422.62	10755.78	1546.16	1.0862,1.0496,0.0314,16.0654
sym_mig	Round_4_Replicate_4	-5181.16	10370.32	9693.46	3539.81	0.4018,0.425,0.1078,13.0597
sym_mig	Round_4_Replicate_5	-5121.52	10251.04	9747.81	3973.9	0.4024,0.4386,0.0927,6.0667
