Model	Replicate	log-likelihood	AIC	chi-squared	theta	optimized_params(nu1, nu2, m, T1, T2)
sec_contact_sym_mig	Round_1_Replicate_1	-186436.44	372882.88	10244742957.81	1517.66	5.1438,0.4708,1.442,2.2015,0.6518
sec_contact_sym_mig	Round_1_Replicate_2	-22408.92	44827.84	80434.43	8860.78	0.229,0.3226,0.6953,5.1191,7.2017
sec_contact_sym_mig	Round_1_Replicate_3	-42426.44	84862.88	464490.54	1112.74	4.8063,2.2966,0.19,4.1421,0.1359
sec_contact_sym_mig	Round_1_Replicate_4	-29276.46	58562.92	159543.23	2851.21	1.7745,0.3339,0.1859,1.637,0.2852
sec_contact_sym_mig	Round_1_Replicate_5	-148372.06	296754.12	840980963.23	3425.73	1.4971,0.4484,1.5977,0.2248,1.2865
sec_contact_sym_mig	Round_1_Replicate_6	-167973.07	335956.14	2918364806.98	3011.39	1.1605,0.7562,1.9252,1.1619,6.2085
sec_contact_sym_mig	Round_1_Replicate_7	-63179.54	126369.08	1894952.56	1384.17	4.7216,0.5279,0.1549,0.5228,3.1874
sec_contact_sym_mig	Round_1_Replicate_8	-152576.29	305162.58	1033997595.74	875.33	3.5603,6.8048,0.3402,1.0777,6.6288
sec_contact_sym_mig	Round_1_Replicate_9	-159232.6	318475.2	1692786658.75	1287.48	3.1332,3.7619,0.4971,2.0788,1.6594
sec_contact_sym_mig	Round_1_Replicate_10	-71721.76	143453.52	2872926.4	2432.57	0.43,2.7,0.831,4.1675,0.6633
sec_contact_sym_mig	Round_2_Replicate_1	-33052.54	66115.08	118131.27	6252.98	0.1087,1.0303,0.576,15.1012,16.3217
sec_contact_sym_mig	Round_2_Replicate_2	-105277.31	210564.62	41562301.71	3674.34	0.9021,0.4752,1.2263,9.9292,4.7471
sec_contact_sym_mig	Round_2_Replicate_3	-117259.7	234529.4	83495748.86	3625.54	0.5338,1.2157,1.5472,26.1868,7.5203
sec_contact_sym_mig	Round_2_Replicate_4	-7881.2	15772.4	17691.62	8924.21	0.0832,0.2194,0.4284,4.9693,2.5794
sec_contact_sym_mig	Round_2_Replicate_5	-24398.95	48807.9	69530.89	5206.73	0.1863,0.9503,0.4038,2.7001,7.0347
sec_contact_sym_mig	Round_2_Replicate_6	-5518.34	11046.68	11490.1	9309.48	0.1343,0.1348,0.2739,10.6587,20.749
sec_contact_sym_mig	Round_2_Replicate_7	-34624.03	69258.06	130304.62	13001.68	0.0494,0.4986,1.2786,11.5941,4.1661
sec_contact_sym_mig	Round_2_Replicate_8	-27252.07	54514.14	77471.11	6816.08	0.1029,0.8425,0.527,4.3132,15.3528
sec_contact_sym_mig	Round_2_Replicate_9	-13307.53	26625.06	32571.96	6183.77	0.3827,0.2611,0.3439,1.8335,8.5425
sec_contact_sym_mig	Round_2_Replicate_10	-41126.36	82262.72	347157.17	3056.57	0.4877,0.9634,0.5161,18.8205,5.0783
sec_contact_sym_mig	Round_3_Replicate_1	-8203.53	16417.06	14102.95	8581.23	0.1363,0.3192,0.3562,11.4279,18.9282
sec_contact_sym_mig	Round_3_Replicate_2	-5328.23	10666.46	9604.04	4444.89	0.3086,0.3433,0.1557,22.8582,16.7007
sec_contact_sym_mig	Round_3_Replicate_3	-33022.32	66054.64	195424.0	9977.53	0.1883,0.365,1.0328,5.9989,13.3696
sec_contact_sym_mig	Round_3_Replicate_4	-23466.31	46942.62	94243.87	13685.83	0.2273,0.0805,0.9819,11.2223,17.5544
sec_contact_sym_mig	Round_3_Replicate_5	-5228.69	10467.38	9818.73	24352.8	0.0562,0.0596,0.7833,9.5575,10.1791
sec_contact_sym_mig	Round_4_Replicate_1	-5352.12	10714.24	10503.68	20901.32	0.0701,0.0595,0.6632,11.8958,11.0561
sec_contact_sym_mig	Round_4_Replicate_2	-5356.73	10723.46	9776.42	40982.99	0.037,0.0347,1.3875,9.932,14.2826
sec_contact_sym_mig	Round_4_Replicate_3	-5230.59	10471.18	9817.56	30215.54	0.0458,0.0476,0.9745,6.6084,5.7276
sec_contact_sym_mig	Round_4_Replicate_4	-5370.3	10750.6	10844.18	12698.01	0.1035,0.1009,0.3845,10.0038,15.5097
sec_contact_sym_mig	Round_4_Replicate_5	-5228.7	10467.4	9814.49	23441.66	0.0585,0.0619,0.7545,16.1862,14.9583
Model	Replicate	log-likelihood	AIC	chi-squared	theta	optimized_params(nu1, nu2, m, T1, T2)
sec_contact_sym_mig	Round_1_Replicate_1	-248895.33	497800.66	545351596369.55	3003.23	1.2133,0.7416,4.7095,2.313,6.6629
sec_contact_sym_mig	Round_1_Replicate_2	-90041.93	180093.86	12309940.31	2147.73	1.7627,0.5539,0.9237,4.3098,0.2511
sec_contact_sym_mig	Round_1_Replicate_3	-173836.55	347683.1	3245136442.67	2704.86	0.3493,6.9044,3.1813,2.0129,0.4496
sec_contact_sym_mig	Round_1_Replicate_4	-287552.63	575115.26	6457393943156.55	1759.5	2.7831,1.0215,4.253,0.4098,8.0827
sec_contact_sym_mig	Round_1_Replicate_5	-54014.28	108038.56	846237.51	5563.69	0.2388,0.9384,0.9831,5.12,3.8715
sec_contact_sym_mig	Round_1_Replicate_6	-38127.78	76265.56	321391.81	3505.07	0.8416,0.4956,0.3951,5.5148,6.7794
sec_contact_sym_mig	Round_1_Replicate_7	-54352.8	108715.6	993215.67	3523.54	1.2927,0.1964,0.4362,0.5386,2.7354
sec_contact_sym_mig	Round_1_Replicate_8	-87354.15	174718.3	10308724.47	9448.86	0.1895,0.5596,2.6041,8.0268,6.3753
sec_contact_sym_mig	Round_1_Replicate_9	-110423.01	220856.02	58561988.91	1707.28	4.8738,2.0868,0.2727,0.8413,0.1774
sec_contact_sym_mig	Round_1_Replicate_10	-222191.05	444392.1	95081389721.78	3158.36	5.8258,0.1594,5.5321,0.1479,4.966
sec_contact_sym_mig	Round_2_Replicate_1	-34685.75	69381.5	242125.95	1588.0	1.5647,1.4278,0.176,21.3077,16.5656
sec_contact_sym_mig	Round_2_Replicate_2	-19796.95	39603.9	57204.14	3373.63	0.4791,1.0304,0.2413,1.9311,11.4872
sec_contact_sym_mig	Round_2_Replicate_3	-8745.07	17500.14	18385.23	2659.47	0.8304,0.4515,0.1135,2.1905,20.3999
sec_contact_sym_mig	Round_2_Replicate_4	-43451.13	86912.26	429383.48	3444.25	1.18,0.1546,0.3588,13.151,12.3575
sec_contact_sym_mig	Round_2_Replicate_5	-46084.49	92178.98	476504.47	1399.1	2.3356,0.1881,0.1881,19.6754,6.886
sec_contact_sym_mig	Round_2_Replicate_6	-36055.4	72120.8	255601.44	3631.54	1.0346,0.1964,0.3319,4.2037,15.6299
sec_contact_sym_mig	Round_2_Replicate_7	-37594.7	75199.4	289386.84	1925.56	2.1813,0.3529,0.162,2.231,5.0012
sec_contact_sym_mig	Round_2_Replicate_8	-72761.54	145533.08	3233112.61	3031.72	1.656,0.1025,0.5592,3.9072,4.8951
sec_contact_sym_mig	Round_2_Replicate_9	-71515.73	143041.46	3170129.2	2246.98	0.6358,1.7141,0.6347,16.4317,5.3296
sec_contact_sym_mig	Round_2_Replicate_10	-48259.69	96529.38	689928.38	1615.5	1.5082,1.8411,0.2256,8.7399,25.1563
sec_contact_sym_mig	Round_3_Replicate_1	-53397.89	106805.78	981502.21	1580.81	1.5301,1.162,0.2974,10.106,3.8765
sec_contact_sym_mig	Round_3_Replicate_2	-9120.05	18250.1	25564.27	2035.3	0.9973,0.2783,0.0731,8.8496,9.4762
sec_contact_sym_mig	Round_3_Replicate_3	-5161.7	10333.4	9717.56	2352.82	0.5987,0.6611,0.0684,3.5972,12.5004
sec_contact_sym_mig	Round_3_Replicate_4	-5165.12	10340.24	9620.1	1742.91	0.9042,0.8988,0.0489,3.9216,14.5718
sec_contact_sym_mig	Round_3_Replicate_5	-10780.56	21571.12	27213.55	1838.98	0.3288,1.6053,0.0546,1.7445,21.8932
sec_contact_sym_mig	Round_4_Replicate_1	-5113.23	10236.46	9765.53	2579.06	0.6022,0.6286,0.0652,2.4664,8.2802
sec_contact_sym_mig	Round_4_Replicate_2	-5174.25	10358.5	9851.87	1862.77	0.8881,0.8356,0.049,2.7845,12.8215
sec_contact_sym_mig	Round_4_Replicate_3	-5259.93	10529.86	9808.27	3734.63	0.3875,0.3756,0.1221,1.9448,25.4932
sec_contact_sym_mig	Round_4_Replicate_4	-5317.09	10644.18	10296.46	2189.31	0.6806,0.5873,0.0692,5.5006,20.9548
sec_contact_sym_mig	Round_4_Replicate_5	-5329.36	10668.72	11110.44	1683.79	1.1302,1.0026,0.0322,1.7289,10.9827
Model	Replicate	log-likelihood	AIC	chi-squared	theta	optimized_params(nu1, nu2, m, T1, T2)
sec_contact_sym_mig	Round_1_Replicate_1	-116569.95	233149.9	78730526.5	1421.04	3.6765,0.7054,1.2037,4.5402,0.1218
sec_contact_sym_mig	Round_1_Replicate_2	-65650.6	131311.2	2119331.03	1394.15	5.4989,0.4477,0.1491,0.4712,2.1695
sec_contact_sym_mig	Round_1_Replicate_3	-322844.93	645699.86	64130697244827.67	1137.54	5.763,4.3535,2.8266,1.6767,0.2256
sec_contact_sym_mig	Round_1_Replicate_4	-157890.95	315791.9	1551033687.72	1265.51	5.1058,0.5649,0.8347,3.8721,1.7115
sec_contact_sym_mig	Round_1_Replicate_5	-59820.36	119650.72	1735744.26	3395.42	1.4381,1.0222,0.1699,0.2927,0.421
sec_contact_sym_mig	Round_1_Replicate_6	-257827.52	515665.04	1098059040502.24	848.3	4.9255,3.6974,1.3081,6.4941,0.6146
sec_contact_sym_mig	Round_1_Replicate_7	-37437.13	74884.26	154694.95	3025.17	0.2033,2.4657,0.2982,0.3334,8.4357
sec_contact_sym_mig	Round_1_Replicate_8	-145230.76	290471.52	647249639.58	3015.11	1.4748,0.269,1.8329,7.6526,2.5973
sec_contact_sym_mig	Round_1_Replicate_9	-296442.27	592894.54	11224637572379.95	2264.54	1.5553,6.0243,2.8094,0.3702,0.5882
sec_contact_sym_mig	Round_1_Replicate_10	-26958.69	53927.38	71509.3	3730.94	0.166,1.8929,0.2187,1.3129,2.4833
sec_contact_sym_mig	Round_2_Replicate_1	-42244.23	84498.46	158820.43	3568.99	0.0952,4.8421,0.302,1.2108,0.5936
sec_contact_sym_mig	Round_2_Replicate_2	-49552.55	99115.1	537815.51	2663.13	0.4123,2.552,0.3916,1.0627,9.6775
sec_contact_sym_mig	Round_2_Replicate_3	-10366.89	20743.78	21414.16	2696.44	0.2812,1.159,0.1108,5.7551,4.349
sec_contact_sym_mig	Round_2_Replicate_4	-6483.93	12977.86	12454.45	2378.26	0.4569,1.0371,0.0595,3.5497,7.5615
sec_contact_sym_mig	Round_2_Replicate_5	-48483.74	96977.48	525268.94	5362.89	0.2324,1.2555,0.729,0.3471,1.8756
sec_contact_sym_mig	Round_2_Replicate_6	-34189.89	68389.78	108012.02	3053.78	0.1383,2.9838,0.1999,1.8807,2.1003
sec_contact_sym_mig	Round_2_Replicate_7	-58553.67	117117.34	440236.19	4526.33	0.0595,5.1549,0.7306,0.453,1.033
sec_contact_sym_mig	Round_2_Replicate_8	-52393.51	104797.02	618601.2	1772.37	0.601,5.5899,0.2338,1.5891,4.9512
sec_contact_sym_mig	Round_2_Replicate_9	-11285.19	22580.38	25593.82	5549.22	0.4803,0.4681,0.1655,0.7401,0.6728
sec_contact_sym_mig	Round_2_Replicate_10	-18409.74	36829.48	46151.53	4091.19	0.4248,1.338,0.1457,0.5362,1.5921
sec_contact_sym_mig	Round_3_Replicate_1	-6297.24	12604.48	11953.51	1803.64	1.111,1.517,0.026,5.2213,2.8615
sec_contact_sym_mig	Round_3_Replicate_2	-5598.35	11206.7	10847.38	1746.04	0.6454,0.9978,0.056,12.1733,27.3208
sec_contact_sym_mig	Round_3_Replicate_3	-6488.42	12986.84	11382.68	2036.05	0.672,1.4372,0.0402,4.6824,4.2676
sec_contact_sym_mig	Round_3_Replicate_4	-11630.75	23271.5	30038.8	2098.66	1.4327,0.599,0.0729,3.2387,3.9894
sec_contact_sym_mig	Round_3_Replicate_5	-7449.93	14909.86	18465.17	2731.5	0.3768,0.3381,0.0703,8.5961,27.2981
sec_contact_sym_mig	Round_4_Replicate_1	-5497.41	11004.82	10271.68	1614.77	0.733,1.0553,0.0552,20.7048,29.5313
sec_contact_sym_mig	Round_4_Replicate_2	-6086.52	12183.04	14012.63	1579.76	1.1219,0.6222,0.0434,7.6249,11.8617
sec_contact_sym_mig	Round_4_Replicate_3	-5164.52	10339.04	10266.67	1386.55	1.1279,1.0597,0.035,5.4917,16.3642
sec_contact_sym_mig	Round_4_Replicate_4	-5503.37	11016.74	10885.93	3195.37	0.3561,0.4885,0.1032,14.068,18.5747
sec_contact_sym_mig	Round_4_Replicate_5	-5545.09	11100.18	11233.63	1420.28	1.134,0.8164,0.0439,8.0169,25.0791
