Model	Replicate	log-likelihood	AIC	chi-squared	theta	optimized_params
no_mig	Round_4_Replicate_3	-9118.9	18243.8	48223.54	13310.44	0.1087,0.108,0.2001	
no_mig	Round_4_Replicate_1	-9178.54	18363.08	49894.86	12821.86	0.12,0.1203,0.2228	
no_mig	Round_3_Replicate_1	-9190.04	18386.08	41917.63	13877.58	0.0907,0.0947,0.1601	
no_mig	Round_4_Replicate_4	-9237.13	18480.26	49536.28	12513.53	0.1294,0.1228,0.2314	
no_mig	Round_4_Replicate_5	-9245.17	18496.34	46005.62	15290.69	0.0712,0.0686,0.1304	
sec_contact_sym_mig	Round_4_Replicate_1	-5113.23	10236.46	9765.53	2579.06	0.6022,0.6286,0.0652,2.4664,8.2802	
sec_contact_sym_mig	Round_3_Replicate_3	-5161.7	10333.4	9717.56	2352.82	0.5987,0.6611,0.0684,3.5972,12.5004	
sec_contact_sym_mig	Round_4_Replicate_3	-5164.52	10339.04	10266.67	1386.55	1.1279,1.0597,0.035,5.4917,16.3642	
sec_contact_sym_mig	Round_3_Replicate_4	-5165.12	10340.24	9620.1	1742.91	0.9042,0.8988,0.0489,3.9216,14.5718	
sec_contact_sym_mig	Round_4_Replicate_2	-5174.25	10358.5	9851.87	1862.77	0.8881,0.8356,0.049,2.7845,12.8215	
sym_mig	Round_4_Replicate_2	-5112.57	10233.14	9735.66	9788.22	0.1584,0.1719,0.2398,1.8124	
sym_mig	Round_4_Replicate_5	-5120.35	10248.7	9819.82	11916.5	0.1257,0.1348,0.3055,1.3553	
sym_mig	Round_4_Replicate_5	-5121.52	10251.04	9747.81	3973.9	0.4024,0.4386,0.0927,6.0667	
sym_mig	Round_4_Replicate_3	-5125.53	10259.06	9702.62	13000.8	0.1156,0.1324,0.3198,0.8851	
sym_mig	Round_4_Replicate_4	-5141.01	10290.02	9765.19	11934.47	0.1216,0.1421,0.3025,1.3212	
