Model	Replicate	log-likelihood	AIC	chi-squared	theta	optimized_params(nu1, nu2, m, T)
sym_mig	Round_1_Replicate_1	-7474.92	14957.84	506819871158.3	94.95	1.9742,1.0853,5.4456,0.1421
sym_mig	Round_1_Replicate_2	-3174.01	6356.02	2828912.19	85.99	0.3689,2.8451,1.7077,6.6942
sym_mig	Round_1_Replicate_3	-5658.93	11325.86	4002212590.02	110.88	0.9958,0.405,5.5318,0.9217
sym_mig	Round_1_Replicate_4	-5988.87	11985.74	9298398218.92	55.24	5.189,1.2892,1.6114,0.4205
sym_mig	Round_1_Replicate_5	-4097.86	8203.72	59851658.71	71.17	5.6752,0.1723,2.0156,0.2625
sym_mig	Round_1_Replicate_6	-960.98	1929.96	4658.11	321.98	0.1404,0.2064,1.524,0.7927
sym_mig	Round_1_Replicate_7	-6207.8	12423.6	14317647537.03	56.3	5.7939,4.8361,0.2031,0.3174
sym_mig	Round_1_Replicate_8	-1137.05	2282.1	9151.0	238.24	0.2443,0.2609,1.1779,1.5205
sym_mig	Round_1_Replicate_9	-1419.29	2846.58	22502.01	76.3	1.8043,0.153,0.3151,1.6535
sym_mig	Round_1_Replicate_10	-442.99	893.98	638.69	196.56	0.2875,0.2664,0.3291,1.1048
sym_mig	Round_2_Replicate_1	-1714.73	3437.46	60251.95	115.41	0.8361,0.2468,0.7766,3.0925
sym_mig	Round_2_Replicate_2	-1537.55	3083.1	33643.92	95.11	0.7377,0.7476,0.5461,2.5627
sym_mig	Round_2_Replicate_3	-1075.41	2158.82	7803.47	179.46	0.501,0.1129,0.7358,1.9675
sym_mig	Round_2_Replicate_4	-491.98	991.96	804.66	354.16	0.1482,0.094,0.9301,0.6787
sym_mig	Round_2_Replicate_5	-366.21	740.42	416.45	272.17	0.1329,0.2109,0.0788,0.317
sym_mig	Round_2_Replicate_6	-563.78	1135.56	1012.54	222.94	0.195,0.3349,0.4902,0.7801
sym_mig	Round_2_Replicate_7	-1055.02	2118.04	6649.6	157.98	0.3276,0.4971,0.6906,2.5969
sym_mig	Round_2_Replicate_8	-483.77	975.54	689.59	389.72	0.0995,0.1508,0.9522,1.1106
sym_mig	Round_2_Replicate_9	-610.77	1229.54	1587.65	112.39	0.7901,0.2024,0.2098,2.1633
sym_mig	Round_2_Replicate_10	-309.92	627.84	272.54	355.59	0.0978,0.1187,0.4966,0.3917
sym_mig	Round_3_Replicate_1	-297.49	602.98	269.86	454.49	0.0688,0.0772,0.7179,0.609
sym_mig	Round_3_Replicate_2	-307.56	623.12	350.26	381.32	0.0739,0.0659,0.1742,0.1573
sym_mig	Round_3_Replicate_3	-276.36	560.72	245.98	374.15	0.0983,0.0855,0.4345,0.5011
sym_mig	Round_3_Replicate_4	-304.91	617.82	324.73	604.42	0.0477,0.0293,1.15,0.342
sym_mig	Round_3_Replicate_5	-574.17	1156.34	1135.63	338.71	0.1386,0.067,1.1597,0.256
sym_mig	Round_4_Replicate_1	-285.78	579.56	243.97	373.94	0.1003,0.0903,0.5008,0.5181
sym_mig	Round_4_Replicate_2	-268.8	545.6	281.81	285.54	0.1461,0.1102,0.2168,0.9027
sym_mig	Round_4_Replicate_3	-276.56	561.12	250.6	375.8	0.0966,0.0798,0.4552,0.7838
sym_mig	Round_4_Replicate_4	-284.49	576.98	280.62	597.6	0.0544,0.04,0.8446,0.9682
sym_mig	Round_4_Replicate_5	-268.47	544.94	285.2	274.55	0.1591,0.1176,0.1943,0.8889
Model	Replicate	log-likelihood	AIC	chi-squared	theta	optimized_params(nu1, nu2, m, T)
sym_mig	Round_1_Replicate_1	-4813.58	9635.16	359613784.88	54.37	5.375,1.9836,0.3983,0.3938
sym_mig	Round_1_Replicate_2	-7138.37	14284.74	198215340914.17	39.41	1.773,2.5461,3.4787,5.2452
sym_mig	Round_1_Replicate_3	-6687.0	13382.0	60758174054.78	26.95	4.1018,3.5296,1.5079,3.8933
sym_mig	Round_1_Replicate_4	-1123.13	2254.26	9720.99	129.86	0.8477,0.2051,0.3129,0.3972
sym_mig	Round_1_Replicate_5	-822.76	1653.52	2606.33	227.67	0.1577,0.2641,0.31,0.1711
sym_mig	Round_1_Replicate_6	-488.84	985.68	642.28	173.65	0.1629,0.4649,0.3529,4.9791
sym_mig	Round_1_Replicate_7	-4825.51	9659.02	322218552.48	80.2	0.4891,2.7219,3.1704,5.1098
sym_mig	Round_1_Replicate_8	-1483.53	2975.06	23428.11	84.02	0.5865,1.8667,0.3877,1.9817
sym_mig	Round_1_Replicate_9	-3869.45	7746.9	22393535.42	158.36	0.2527,1.0798,4.1302,1.6713
sym_mig	Round_1_Replicate_10	-2551.0	5110.0	763506.92	65.26	2.6439,0.3624,0.5806,0.9339
sym_mig	Round_2_Replicate_1	-1141.04	2290.08	9601.61	148.17	0.4371,0.4036,0.6827,2.2929
sym_mig	Round_2_Replicate_2	-415.18	838.36	466.74	170.76	0.2269,0.4873,0.2132,1.5163
sym_mig	Round_2_Replicate_3	-614.54	1237.08	1052.11	475.99	0.0597,0.1935,1.2173,3.2487
sym_mig	Round_2_Replicate_4	-312.74	633.48	325.16	150.32	0.396,0.2336,0.1518,2.0971
sym_mig	Round_2_Replicate_5	-582.65	1173.3	935.42	100.19	0.3049,0.988,0.2126,4.9205
sym_mig	Round_2_Replicate_6	-1175.66	2359.32	11072.73	200.67	0.4171,0.1493,0.9357,14.0177
sym_mig	Round_2_Replicate_7	-282.7	573.4	298.76	187.34	0.1665,0.1365,0.2242,10.2194
sym_mig	Round_2_Replicate_8	-527.43	1062.86	730.19	105.68	0.2877,1.0374,0.1573,3.2183
sym_mig	Round_2_Replicate_9	-1420.87	2849.74	7585.46	163.22	0.0598,1.3863,0.887,10.2633
sym_mig	Round_2_Replicate_10	-399.69	807.38	441.13	436.58	0.0795,0.1272,0.8889,1.2139
sym_mig	Round_3_Replicate_1	-296.8	601.6	379.99	228.13	0.1533,0.0724,0.2654,8.4713
sym_mig	Round_3_Replicate_2	-286.93	581.86	248.87	480.17	0.0809,0.062,0.6819,9.5933
sym_mig	Round_3_Replicate_3	-279.08	566.16	263.23	374.77	0.0929,0.0713,0.4825,4.8584
sym_mig	Round_3_Replicate_4	-365.96	739.92	368.16	230.03	0.1559,0.2327,0.4092,19.1787
sym_mig	Round_3_Replicate_5	-278.93	565.86	263.84	118.34	0.2921,0.2276,0.1513,17.6692
sym_mig	Round_4_Replicate_1	-268.68	545.36	269.64	79.74	0.5099,0.3994,0.0656,7.1735
sym_mig	Round_4_Replicate_2	-270.5	549.0	282.07	134.63	0.2973,0.211,0.1169,4.1374
sym_mig	Round_4_Replicate_3	-274.21	556.42	273.01	125.69	0.3806,0.3605,0.0717,2.7305
sym_mig	Round_4_Replicate_4	-275.15	558.3	274.83	73.64	0.4896,0.3599,0.0803,12.4894
sym_mig	Round_4_Replicate_5	-279.71	567.42	256.53	140.73	0.2557,0.1932,0.1856,20.4989
Model	Replicate	log-likelihood	AIC	chi-squared	theta	optimized_params(nu1, nu2, m, T)
sym_mig	Round_1_Replicate_1	-766.84	1541.68	2756.77	131.93	0.5638,0.5438,0.1946,0.7573
sym_mig	Round_1_Replicate_2	-6856.7	13721.4	91884369457.18	43.59	4.8148,2.2495,1.8559,0.8009
sym_mig	Round_1_Replicate_3	-2833.2	5674.4	1645368.54	196.17	0.4791,0.1847,2.6881,1.5973
sym_mig	Round_1_Replicate_4	-3353.32	6714.64	7458737.16	42.39	3.7193,1.507,0.4354,1.5351
sym_mig	Round_1_Replicate_5	-7388.26	14784.52	399331908876.91	36.3	2.0195,6.5559,2.3984,2.4958
sym_mig	Round_1_Replicate_6	-3372.59	6753.18	5763067.14	207.93	0.2135,0.5509,4.3934,0.9483
sym_mig	Round_1_Replicate_7	-2648.97	5305.94	546674.9	167.1	0.143,1.8769,2.7472,1.1273
sym_mig	Round_1_Replicate_8	-4893.49	9794.98	506388812.08	84.4	4.1897,0.126,4.6602,4.4746
sym_mig	Round_1_Replicate_9	-4119.02	8246.04	42355516.51	138.48	0.283,5.5815,3.3379,0.1945
sym_mig	Round_1_Replicate_10	-9218.27	18444.54	49245709534440.81	31.0	6.8888,2.2745,6.3084,1.9258
sym_mig	Round_2_Replicate_1	-1343.25	2694.5	18949.11	102.25	1.5043,0.2161,0.1695,0.3157
sym_mig	Round_2_Replicate_2	-272.93	553.86	285.94	234.09	0.2052,0.1773,0.1276,0.9128
sym_mig	Round_2_Replicate_3	-1843.03	3694.06	84083.49	77.11	1.6002,1.4542,0.0493,0.6183
sym_mig	Round_2_Replicate_4	-1627.62	3263.24	43133.78	111.03	0.6158,0.8984,0.5728,1.0446
sym_mig	Round_2_Replicate_5	-267.96	543.92	264.23	260.41	0.1679,0.1357,0.192,0.9817
sym_mig	Round_2_Replicate_6	-1723.36	3454.72	52505.3	89.09	0.9671,2.1754,0.0685,0.6051
sym_mig	Round_2_Replicate_7	-764.31	1536.62	2668.28	225.79	0.2914,0.1829,0.7423,2.3972
sym_mig	Round_2_Replicate_8	-2433.65	4875.3	501143.81	113.57	0.9019,0.7245,0.5298,0.3037
sym_mig	Round_2_Replicate_9	-717.13	1442.26	2429.76	94.23	1.3779,0.2179,0.0462,0.8437
sym_mig	Round_2_Replicate_10	-2190.46	4388.92	251712.52	103.41	0.9871,0.8096,0.4894,0.4657
sym_mig	Round_3_Replicate_1	-299.93	607.86	604.27	249.97	0.1946,0.0935,0.0969,0.9537
sym_mig	Round_3_Replicate_2	-277.64	563.28	362.19	264.92	0.1923,0.1119,0.1418,0.7157
sym_mig	Round_3_Replicate_3	-278.01	564.02	250.55	218.99	0.159,0.1506,0.2627,3.519
sym_mig	Round_3_Replicate_4	-291.13	590.26	454.79	246.95	0.184,0.0764,0.1719,1.3783
sym_mig	Round_3_Replicate_5	-315.38	638.76	508.38	203.56	0.1823,0.0639,0.2081,4.4384
sym_mig	Round_4_Replicate_1	-269.57	547.14	264.04	273.59	0.1489,0.1093,0.2499,1.2419
sym_mig	Round_4_Replicate_2	-271.15	550.3	252.4	281.42	0.1369,0.1122,0.2823,1.3452
sym_mig	Round_4_Replicate_3	-268.13	544.26	280.16	240.6	0.1892,0.1343,0.1728,1.1743
sym_mig	Round_4_Replicate_4	-275.72	559.44	370.36	170.35	0.2732,0.156,0.1019,2.1975
sym_mig	Round_4_Replicate_5	-267.97	543.94	280.48	198.47	0.2257,0.1614,0.1442,1.7773
