Model	Replicate	log-likelihood	AIC	chi-squared	theta	optimized_params(nu1, nu2, T)
no_mig	Round_1_Replicate_1	-887.81	1781.62	2996.09	124.27	0.2637,2.1816,0.6584
no_mig	Round_1_Replicate_2	-732.4	1470.8	793517171140.2	116.63	0.2332,0.2899,3.4866
no_mig	Round_1_Replicate_3	-705.22	1416.44	554403906.56	60.1	0.3756,1.7221,5.8061
no_mig	Round_1_Replicate_4	-662.74	1331.48	1468.48	247.67	0.1137,0.2531,0.1601
no_mig	Round_1_Replicate_5	-626.74	1259.48	1729.48	160.05	0.5401,0.1972,0.3512
no_mig	Round_1_Replicate_6	-517.52	1041.04	39871.53	81.23	0.5183,1.1897,3.2325
no_mig	Round_1_Replicate_7	-1325.56	2657.12	12883.71	59.43	1.2299,5.1955,1.3178
no_mig	Round_1_Replicate_8	-914.11	1834.22	5191.24	77.3	2.2517,0.172,0.6404
no_mig	Round_1_Replicate_9	-917.24	1840.48	5756.25	105.07	0.2073,2.8011,1.1412
no_mig	Round_1_Replicate_10	-535.33	1076.66	5812685.97	67.15	1.2033,0.3546,3.9083
no_mig	Round_2_Replicate_1	-477.13	960.26	9579.02	45.11	1.5116,1.6776,5.2469
no_mig	Round_2_Replicate_2	-439.19	884.38	2137.15	115.17	0.5925,0.6029,1.4376
no_mig	Round_2_Replicate_3	-542.28	1090.56	977986.59	59.48	0.646,1.4079,5.4347
no_mig	Round_2_Replicate_4	-660.25	1326.5	2057.45	101.08	0.4843,1.5641,1.2631
no_mig	Round_2_Replicate_5	-911.53	1829.06	25478760971099.4	46.6	0.2864,2.6647,7.6372
no_mig	Round_2_Replicate_6	-685.45	1376.9	382460.2	85.26	0.2998,1.655,2.9247
no_mig	Round_2_Replicate_7	-466.69	939.38	8385.85	63.37	0.9833,1.239,3.7034
no_mig	Round_2_Replicate_8	-752.3	1510.6	17180596040154.55	92.82	0.3052,0.3192,4.6758
no_mig	Round_2_Replicate_9	-435.31	876.62	13928.34	144.33	0.4106,0.3357,1.5139
no_mig	Round_2_Replicate_10	-622.05	1250.1	16200115.34	91.31	0.3039,0.9387,3.6084
no_mig	Round_3_Replicate_1	-619.72	1245.44	69738984900.84	90.25	0.8188,0.1526,3.1459
no_mig	Round_3_Replicate_2	-426.88	859.76	6563.28	145.43	0.383,0.414,1.4221
no_mig	Round_3_Replicate_3	-459.5	925.0	14584.2	69.42	1.1287,0.6884,3.2188
no_mig	Round_3_Replicate_4	-560.78	1127.56	2533.75	106.29	1.0,0.2887,0.9998
no_mig	Round_3_Replicate_5	-590.24	1186.48	107153532.57	127.75	0.6086,0.1178,1.7707
no_mig	Round_4_Replicate_1	-409.74	825.48	2620.55	157.11	0.3682,0.4091,1.0826
no_mig	Round_4_Replicate_2	-407.41	820.82	1332.94	167.77	0.3606,0.3831,0.7933
no_mig	Round_4_Replicate_3	-405.34	816.68	2209.69	160.16	0.3705,0.3919,1.0049
no_mig	Round_4_Replicate_4	-409.25	824.5	3402.21	150.65	0.416,0.3698,1.1735
no_mig	Round_4_Replicate_5	-437.43	880.86	10268.95	99.61	0.6668,0.5531,2.2456
Model	Replicate	log-likelihood	AIC	chi-squared	theta	optimized_params(nu1, nu2, T)
no_mig	Round_1_Replicate_1	-813.5	1633.0	66014.23	55.12	2.738,0.2186,1.8167
no_mig	Round_1_Replicate_2	-789.48	1584.96	1718565007475842.2	125.95	0.2135,0.1732,3.3403
no_mig	Round_1_Replicate_3	-619.77	1245.54	2778.47	90.11	0.4941,1.6966,1.7937
no_mig	Round_1_Replicate_4	-979.1	1964.2	2.810335509902666e+22	27.13	4.5468,0.1472,7.177
no_mig	Round_1_Replicate_5	-904.9	1815.8	3162.38	97.6	0.4031,3.0012,0.9463
no_mig	Round_1_Replicate_6	-5304.62	10615.24	1187744713.57	68.93	7.055,1.5979,0.1769
no_mig	Round_1_Replicate_7	-673.32	1352.64	250924932391.98	41.57	2.3167,0.2739,6.1144
no_mig	Round_1_Replicate_8	-3304.83	6615.66	4716617.41	84.54	1.3323,6.6641,0.361
no_mig	Round_1_Replicate_9	-830.32	1666.64	90229.0	48.13	3.216,0.2468,2.1203
no_mig	Round_1_Replicate_10	-1162.32	2330.64	7305260462888255.0	36.9	0.2316,5.261,7.7966
no_mig	Round_2_Replicate_1	-535.49	1076.98	123647.85	30.14	1.5154,3.396,9.7038
no_mig	Round_2_Replicate_2	-728.17	1462.34	180395.08	67.87	0.3816,2.4665,3.4444
no_mig	Round_2_Replicate_3	-1526.73	3059.46	26007.46	85.67	0.8953,3.0755,0.6744
no_mig	Round_2_Replicate_4	-682.22	1370.44	2220.16	139.69	0.2542,1.1906,0.7908
no_mig	Round_2_Replicate_5	-725.9	1457.8	1578867.38	73.19	0.3177,2.0182,3.5767
no_mig	Round_2_Replicate_6	-460.9	927.8	31840.7	49.8	1.3638,1.2003,5.2561
no_mig	Round_2_Replicate_7	-730.15	1466.3	2286.47	142.11	0.2397,1.2737,0.6899
no_mig	Round_2_Replicate_8	-643.13	1292.26	696432.35	95.3	0.2802,1.2465,2.8228
no_mig	Round_2_Replicate_9	-595.44	1196.88	1710.14	111.08	0.842,0.492,0.8424
no_mig	Round_2_Replicate_10	-2099.44	4204.88	143775.86	78.06	1.1454,4.9072,0.6034
no_mig	Round_3_Replicate_1	-495.07	996.14	145148.94	65.62	0.7148,1.1641,4.5286
no_mig	Round_3_Replicate_2	-502.58	1011.16	356469.26	42.16	1.9906,0.7941,6.1303
no_mig	Round_3_Replicate_3	-530.37	1066.74	776416.68	56.74	0.7148,1.424,5.6942
no_mig	Round_3_Replicate_4	-478.23	962.46	6578.22	84.01	1.0644,0.485,2.1231
no_mig	Round_3_Replicate_5	-480.36	966.72	95713.43	51.55	1.0311,1.4169,5.6857
no_mig	Round_4_Replicate_1	-461.87	929.74	35092.8	47.87	1.4309,1.2305,5.4982
no_mig	Round_4_Replicate_2	-457.95	921.9	18564.3	60.81	1.0467,1.1005,4.1698
no_mig	Round_4_Replicate_3	-462.23	930.46	26830.71	47.68	1.442,1.2812,5.4157
no_mig	Round_4_Replicate_4	-439.12	884.24	5757.52	93.12	0.7305,0.6659,2.2572
no_mig	Round_4_Replicate_5	-463.13	932.26	31900.82	47.05	1.4025,1.3514,5.6303
Model	Replicate	log-likelihood	AIC	chi-squared	theta	optimized_params(nu1, nu2, T)
no_mig	Round_1_Replicate_1	-734.76	1475.52	824337808896535.2	36.47	2.6067,0.242,7.2941
no_mig	Round_1_Replicate_2	-3629.56	7265.12	11684520.15	100.36	1.0454,5.9606,0.2405
no_mig	Round_1_Replicate_3	-610.25	1226.5	551654239807.71	46.94	1.2868,0.4018,7.921
no_mig	Round_1_Replicate_4	-773.96	1553.92	2519.66	168.95	0.16,1.0542,0.4793
no_mig	Round_1_Replicate_5	-732.39	1470.78	1940.42	210.2	0.1755,0.3911,0.2225
no_mig	Round_1_Replicate_6	-637.36	1280.72	232340.81	118.42	0.2224,1.0087,2.0541
no_mig	Round_1_Replicate_7	-1869.94	3745.88	70044.07	120.73	0.5342,2.353,0.3035
no_mig	Round_1_Replicate_8	-818.94	1643.88	4176.8	119.63	0.212,1.9293,1.0204
no_mig	Round_1_Replicate_9	-1015.84	2037.68	5785.42	40.73	2.1137,3.9576,2.7071
no_mig	Round_1_Replicate_10	-1858.15	3722.3	87426.48	111.7	1.2513,0.3638,0.1963
no_mig	Round_2_Replicate_1	-531.17	1068.34	911270.44	47.39	1.8894,0.5636,5.1706
no_mig	Round_2_Replicate_2	-928.1	1862.2	1.1598083490295528e+23	75.65	0.3153,0.1993,6.5568
no_mig	Round_2_Replicate_3	-485.28	976.56	38883.74	42.19	2.0028,1.0286,5.6376
no_mig	Round_2_Replicate_4	-709.81	1425.62	385857.65	56.46	2.2528,0.2503,2.5142
no_mig	Round_2_Replicate_5	-593.3	1192.6	673054115.59	84.81	0.4794,0.4407,4.4558
no_mig	Round_2_Replicate_6	-475.08	956.16	234230.18	30.46	2.2968,1.6406,9.5904
no_mig	Round_2_Replicate_7	-648.58	1303.16	32401017933204.34	44.74	1.244,0.388,8.8457
no_mig	Round_2_Replicate_8	-703.06	1412.12	19510642884178.14	23.41	4.1401,0.4453,11.5622
no_mig	Round_2_Replicate_9	-589.91	1185.82	540845308.92	29.55	2.9179,0.6575,9.7788
no_mig	Round_2_Replicate_10	-614.87	1235.74	11129590668.36	99.0	0.6451,0.1763,3.1232
no_mig	Round_3_Replicate_1	-467.2	940.4	56343.93	37.81	1.8021,1.5704,7.2461
no_mig	Round_3_Replicate_2	-644.68	1295.36	29038.96	53.79	0.6575,2.8399,4.3523
no_mig	Round_3_Replicate_3	-482.68	971.36	201558.16	14.14	4.8834,4.2639,20.692
no_mig	Round_3_Replicate_4	-544.13	1094.26	2638098.02	42.38	0.9286,1.8883,8.1159
no_mig	Round_3_Replicate_5	-478.58	963.16	114607.59	19.83	3.4779,3.0914,14.4047
no_mig	Round_4_Replicate_1	-463.02	932.04	34107.09	46.06	1.5226,1.254,5.6646
no_mig	Round_4_Replicate_2	-471.02	948.04	79908.15	30.97	2.2103,1.9084,9.0522
no_mig	Round_4_Replicate_3	-465.28	936.56	32457.87	42.4	1.6043,1.4748,6.2228
no_mig	Round_4_Replicate_4	-470.07	946.14	87006.24	34.19	1.9022,1.8002,8.3526
no_mig	Round_4_Replicate_5	-456.7	919.4	14646.27	71.29	0.8464,0.9915,3.4844
