Model	Replicate	log-likelihood	AIC	chi-squared	theta	optimized_params(nu1, nu2, m, T)
sym_mig	Round_1_Replicate_1	-50218.47	100444.94	8721385.26	5168.72	0.1676,0.631,3.4081,6.4023
sym_mig	Round_1_Replicate_2	-76310.0	152628.0	367336515.78	2133.13	1.7282,0.6816,1.0584,0.1715
sym_mig	Round_1_Replicate_3	-28676.39	57360.78	734661.97	2927.95	0.6715,0.2088,0.8064,2.0914
sym_mig	Round_1_Replicate_4	-105111.83	210231.66	14128644025.62	2122.8	0.9477,6.8279,2.4216,0.2424
sym_mig	Round_1_Replicate_5	-78633.97	157275.94	391670146.48	2162.05	0.3444,3.1509,3.4507,4.2758
sym_mig	Round_1_Replicate_6	-46352.57	92713.14	5090701.89	2777.19	0.4735,8.0468,0.1201,0.2391
sym_mig	Round_1_Replicate_7	-87182.1	174372.2	1401777235.69	908.95	5.0648,4.2857,0.3348,0.8113
sym_mig	Round_1_Replicate_8	-103724.04	207456.08	13207838133.22	2202.79	1.2573,0.3342,6.4033,5.5295
sym_mig	Round_1_Replicate_9	-24746.57	49501.14	376496.12	4761.35	0.3238,0.2104,1.1958,4.6836
sym_mig	Round_1_Replicate_10	-136563.06	273134.12	728611766103.03	764.79	6.3717,2.5092,3.3351,1.1578
sym_mig	Round_2_Replicate_1	-61933.14	123874.28	59069649.87	1828.58	0.9783,0.5861,1.4942,16.8683
sym_mig	Round_2_Replicate_2	-18130.71	36269.42	142484.08	17022.17	0.0888,0.0513,3.2427,14.5398
sym_mig	Round_2_Replicate_3	-17063.29	34134.58	128368.32	8562.42	0.1991,0.0655,1.5391,2.8107
sym_mig	Round_2_Replicate_4	-45883.1	91774.2	8167704.09	6612.31	0.359,0.0725,3.269,4.7405
sym_mig	Round_2_Replicate_5	-16641.37	33290.74	107227.69	15015.7	0.0913,0.0687,2.6814,18.8806
sym_mig	Round_2_Replicate_6	-3497.24	7002.48	6084.32	3229.02	0.3548,0.1207,0.2471,7.5589
sym_mig	Round_2_Replicate_7	-55602.07	111212.14	28658751.49	5181.5	0.4328,0.1279,3.4507,6.1224
sym_mig	Round_2_Replicate_8	-60595.98	121199.96	57440644.16	3219.84	0.811,0.1569,2.5481,2.8083
sym_mig	Round_2_Replicate_9	-32352.94	64713.88	1278759.41	3206.01	0.7009,0.1142,1.0115,7.6941
sym_mig	Round_2_Replicate_10	-10463.73	20935.46	37775.65	18929.81	0.0699,0.0426,2.4519,2.5537
sym_mig	Round_3_Replicate_1	-1920.21	3848.42	3763.86	3487.94	0.2493,0.0244,0.1519,4.5645
sym_mig	Round_3_Replicate_2	-25127.49	50262.98	386271.97	2479.65	1.0611,0.0149,0.5384,1.748
sym_mig	Round_3_Replicate_3	-1188.86	2385.72	1437.64	4231.16	0.2419,0.059,0.1497,2.0591
sym_mig	Round_3_Replicate_4	-1967.98	3943.96	3006.7	6878.89	0.101,0.0565,0.3868,11.5845
sym_mig	Round_3_Replicate_5	-3125.58	6259.16	4935.99	13367.86	0.0739,0.0374,0.9892,2.6918
sym_mig	Round_4_Replicate_1	-851.08	1710.16	1231.14	3959.91	0.2935,0.0936,0.0582,1.4741
sym_mig	Round_4_Replicate_2	-843.66	1695.32	1169.93	3069.54	0.376,0.1143,0.0495,2.2877
sym_mig	Round_4_Replicate_3	-848.21	1704.42	1274.83	3218.17	0.365,0.0985,0.0489,2.1058
sym_mig	Round_4_Replicate_4	-961.5	1931.0	1133.63	3474.09	0.3294,0.084,0.0868,2.1295
sym_mig	Round_4_Replicate_5	-1041.52	2091.04	1515.17	2541.23	0.407,0.0833,0.0629,3.7433
Model	Replicate	log-likelihood	AIC	chi-squared	theta	optimized_params(nu1, nu2, m, T)
sym_mig	Round_1_Replicate_1	-63664.29	127336.58	53854947.62	2892.15	0.3913,8.538,1.3292,0.2005
sym_mig	Round_1_Replicate_2	-35348.41	70704.82	1971465.0	2546.76	0.9914,0.1117,0.8697,1.7295
sym_mig	Round_1_Replicate_3	-30839.02	61686.04	579240.32	2131.91	0.3846,1.3151,0.6971,7.3198
sym_mig	Round_1_Replicate_4	-57260.18	114528.36	36784268.03	1610.39	3.9904,0.153,1.0138,0.2928
sym_mig	Round_1_Replicate_5	-39432.79	78873.58	3179042.21	524.35	4.1632,2.1524,0.1696,8.3767
sym_mig	Round_1_Replicate_6	-7097.42	14202.84	15126.34	4653.88	0.2151,0.3194,0.2359,0.5379
sym_mig	Round_1_Replicate_7	-134820.9	269649.8	670533745249.98	1411.98	1.025,5.8038,6.0975,0.8736
sym_mig	Round_1_Replicate_8	-35276.46	70560.92	601389.26	2422.69	0.1267,5.7413,1.0081,2.1315
sym_mig	Round_1_Replicate_9	-105828.26	211664.52	15285479649.5	2150.14	0.6806,8.5454,3.5354,0.3145
sym_mig	Round_1_Replicate_10	-19531.31	39070.62	94929.79	4424.45	0.1442,0.614,0.3,0.2046
sym_mig	Round_2_Replicate_1	-22642.38	45292.76	92267.9	4938.1	0.0622,0.786,0.835,0.2002
sym_mig	Round_2_Replicate_2	-16930.51	33869.02	120949.99	3015.76	0.5363,0.3163,0.4794,1.5643
sym_mig	Round_2_Replicate_3	-14503.03	29014.06	79993.49	5035.36	0.273,0.122,0.8565,0.4017
sym_mig	Round_2_Replicate_4	-17531.18	35070.36	63715.32	4194.75	0.143,0.8542,0.2748,0.3133
sym_mig	Round_2_Replicate_5	-13671.54	27351.08	74577.73	2774.99	0.6872,0.3783,0.1687,0.662
sym_mig	Round_2_Replicate_6	-17867.51	35743.02	58547.38	4951.7	0.0911,0.6185,0.763,0.9197
sym_mig	Round_2_Replicate_7	-33131.16	66270.32	1242499.33	3273.33	0.5439,0.2405,0.7099,0.1931
sym_mig	Round_2_Replicate_8	-5060.15	10128.3	9408.43	4111.68	0.1333,0.4392,0.0592,1.3298
sym_mig	Round_2_Replicate_9	-4700.51	9409.02	9891.88	2311.9	0.6166,0.5226,0.0815,2.0849
sym_mig	Round_2_Replicate_10	-3261.36	6530.72	4948.86	8203.22	0.0906,0.0845,0.571,0.366
sym_mig	Round_3_Replicate_1	-1162.18	2332.36	1381.26	6706.88	0.1488,0.0603,0.1964,0.5317
sym_mig	Round_3_Replicate_2	-3608.17	7224.34	5840.51	6718.35	0.1405,0.1113,0.4673,0.7774
sym_mig	Round_3_Replicate_3	-1985.09	3978.18	3328.5	19879.92	0.0325,0.0105,1.1391,1.1252
sym_mig	Round_3_Replicate_4	-7178.25	14364.5	15148.93	12824.81	0.025,0.0996,0.9878,0.8554
sym_mig	Round_3_Replicate_5	-11248.76	22505.52	31807.08	6312.84	0.1141,0.1623,0.923,0.2349
sym_mig	Round_4_Replicate_1	-968.8	1945.6	1175.47	6065.94	0.1725,0.0519,0.1467,0.7325
sym_mig	Round_4_Replicate_2	-885.42	1778.84	1212.25	5365.3	0.2067,0.0677,0.0875,0.8344
sym_mig	Round_4_Replicate_3	-1213.96	2435.92	1643.24	7112.0	0.1214,0.047,0.2291,0.6831
sym_mig	Round_4_Replicate_4	-1167.53	2343.06	1570.38	6838.48	0.1355,0.0352,0.2182,0.7567
sym_mig	Round_4_Replicate_5	-1155.38	2318.76	1542.38	6379.1	0.1394,0.0508,0.1952,0.904
Model	Replicate	log-likelihood	AIC	chi-squared	theta	optimized_params(nu1, nu2, m, T)
sym_mig	Round_1_Replicate_1	-49388.56	98785.12	7885005.71	2855.12	0.466,5.0463,0.2187,0.2145
sym_mig	Round_1_Replicate_2	-24180.88	48369.76	359690.92	2842.9	0.6862,0.3992,0.3019,0.3899
sym_mig	Round_1_Replicate_3	-126044.34	252096.68	186938863362.97	601.37	6.6382,5.4327,1.3033,1.5415
sym_mig	Round_1_Replicate_4	-37026.06	74060.12	1284302.71	3400.07	0.2686,2.5082,0.2435,0.1843
sym_mig	Round_1_Replicate_5	-17716.08	35440.16	144317.05	3555.14	0.5041,0.1599,0.4006,0.2927
sym_mig	Round_1_Replicate_6	-49055.75	98119.5	10962793.4	1960.38	1.0125,0.7204,0.8875,1.2612
sym_mig	Round_1_Replicate_7	-99372.18	198752.36	7925465974.13	2028.17	2.2815,0.2277,5.5995,0.442
sym_mig	Round_1_Replicate_8	-65257.55	130523.1	104805428.62	1841.33	2.3344,0.2705,1.3742,0.3305
sym_mig	Round_1_Replicate_9	-28598.29	57204.58	727052.92	1859.61	2.4026,0.1598,0.1881,0.2974
sym_mig	Round_1_Replicate_10	-31844.03	63696.06	562445.5	2417.71	0.2712,2.0589,0.7134,1.8632
sym_mig	Round_2_Replicate_1	-20663.04	41334.08	235319.94	2899.42	0.7867,0.0941,0.5194,1.0707
sym_mig	Round_2_Replicate_2	-16275.87	32559.74	94128.94	4781.33	0.2069,0.1165,0.4616,0.1283
sym_mig	Round_2_Replicate_3	-31668.66	63345.32	736572.89	4403.18	0.1933,0.3339,1.4478,0.1667
sym_mig	Round_2_Replicate_4	-31082.01	62172.02	741721.38	3967.25	0.271,0.4234,1.1485,0.2674
sym_mig	Round_2_Replicate_5	-8221.3	16450.6	26416.22	3675.16	0.4425,0.2238,0.1272,0.4772
sym_mig	Round_2_Replicate_6	-30835.29	61678.58	1039509.68	2015.85	1.5842,0.089,0.495,0.7913
sym_mig	Round_2_Replicate_7	-16143.65	32295.3	75288.31	7247.58	0.1239,0.2206,1.3606,1.0349
sym_mig	Round_2_Replicate_8	-34361.21	68730.42	1469699.92	2958.54	0.6766,0.3227,0.502,0.2229
sym_mig	Round_2_Replicate_9	-9973.56	19955.12	28631.82	6206.04	0.1135,0.0815,0.6941,0.1231
sym_mig	Round_2_Replicate_10	-2942.13	5892.26	4767.29	6884.24	0.1391,0.0663,0.3387,0.265
sym_mig	Round_3_Replicate_1	-1878.73	3765.46	2825.14	6630.59	0.1128,0.1039,0.2158,0.7717
sym_mig	Round_3_Replicate_2	-1277.13	2562.26	1614.86	5538.61	0.2105,0.0919,0.1265,0.635
sym_mig	Round_3_Replicate_3	-1633.92	3275.84	2172.9	7994.56	0.1047,0.0412,0.305,0.2587
sym_mig	Round_3_Replicate_4	-2108.27	4224.54	4285.86	9104.16	0.0633,0.0263,0.1064,0.1426
sym_mig	Round_3_Replicate_5	-1270.51	2549.02	2108.5	7579.65	0.113,0.0485,0.0998,0.3034
sym_mig	Round_4_Replicate_1	-1161.93	2331.86	2471.79	6653.89	0.1516,0.0467,0.0615,0.4522
sym_mig	Round_4_Replicate_2	-1083.87	2175.74	2052.5	6218.15	0.1735,0.0316,0.0984,0.6261
sym_mig	Round_4_Replicate_3	-1082.78	2173.56	1776.45	6835.73	0.1461,0.0446,0.0932,0.4252
sym_mig	Round_4_Replicate_4	-1442.68	2893.36	2793.21	8131.57	0.0966,0.0353,0.1071,0.281
sym_mig	Round_4_Replicate_5	-1105.44	2218.88	2029.0	6603.76	0.1507,0.0587,0.0684,0.4561
