Model	Replicate	log-likelihood	AIC	chi-squared	theta	optimized_params(nu1, nu2, T)
no_mig	Round_1_Replicate_1	-10379.16	20764.32	43708.36	1874.14	1.4913,0.2832,0.8857
no_mig	Round_1_Replicate_2	-8481.9	16969.8	777615.95	963.49	0.7031,3.0607,6.504
no_mig	Round_1_Replicate_3	-32179.03	64364.06	758265.3	3161.94	0.3866,1.4124,0.2362
no_mig	Round_1_Replicate_4	-6335.92	12677.84	21171.41	3771.33	0.2361,0.5597,0.8485
no_mig	Round_1_Replicate_5	-9019.59	18045.18	372654848287195.6	1962.51	0.2074,0.1107,5.2937
no_mig	Round_1_Replicate_6	-13523.42	27052.84	68423.35	1618.19	2.2689,0.1538,0.7051
no_mig	Round_1_Replicate_7	-18255.33	36516.66	143282.87	1189.54	3.8259,0.3222,0.8087
no_mig	Round_1_Replicate_8	-11697.25	23400.5	38829.35	1048.17	0.9539,4.5752,3.6105
no_mig	Round_1_Replicate_9	-28902.79	57811.58	658319.57	1304.73	3.2799,0.7103,0.6397
no_mig	Round_1_Replicate_10	-17499.0	35004.0	128127.98	1456.34	3.0374,0.2003,0.5831
no_mig	Round_2_Replicate_1	-2699.16	5404.32	271178.59	3034.77	0.4648,0.1959,1.5746
no_mig	Round_2_Replicate_2	-5612.1	11230.2	16498.02	2891.87	0.7126,0.1786,0.7431
no_mig	Round_2_Replicate_3	-4438.54	8883.08	25140264.63	2429.97	0.343,0.3962,2.9195
no_mig	Round_2_Replicate_4	-3914.48	7834.96	13110.38	4466.66	0.2328,0.3044,0.6703
no_mig	Round_2_Replicate_5	-2808.35	5622.7	543077.65	2683.07	0.5093,0.2397,1.961
no_mig	Round_2_Replicate_6	-11390.04	22786.08	1619908.98	2099.24	0.214,1.6963,2.4571
no_mig	Round_2_Replicate_7	-14944.81	29895.62	62368.86	3500.42	0.3032,0.7805,0.3921
no_mig	Round_2_Replicate_8	-2839.05	5684.1	2567870.47	2924.06	0.4674,0.1792,1.7787
no_mig	Round_2_Replicate_9	-3546.54	7099.08	38824.02	4653.72	0.1927,0.2206,0.9529
no_mig	Round_2_Replicate_10	-15920.35	31846.7	96675.56	2398.76	0.7891,0.7603,0.64
no_mig	Round_3_Replicate_1	-2573.38	5152.76	808531934.2	2079.26	0.7041,0.1252,2.9205
no_mig	Round_3_Replicate_2	-3055.57	6117.14	1313498849.88	4020.07	0.3291,0.0205,1.1754
no_mig	Round_3_Replicate_3	-3159.76	6325.52	12915497.4	1279.6	1.0924,0.5191,5.1224
no_mig	Round_3_Replicate_4	-2570.71	5147.42	759767168.48	1304.34	1.1688,0.2336,5.0315
no_mig	Round_3_Replicate_5	-2552.23	5110.46	799746898.55	2760.71	0.5084,0.0962,2.0258
no_mig	Round_4_Replicate_1	-2649.73	5305.46	31558.1	3224.46	0.463,0.2041,1.2661
no_mig	Round_4_Replicate_2	-2571.11	5148.22	715471580.27	3244.22	0.4414,0.0776,1.535
no_mig	Round_4_Replicate_3	-3948.17	7902.34	511345159.93	2327.2	0.8637,0.082,1.6258
no_mig	Round_4_Replicate_4	-2590.2	5186.4	858773777.68	2365.78	0.6054,0.0905,2.4863
no_mig	Round_4_Replicate_5	-2697.9	5401.8	128625.47	2973.23	0.4727,0.2221,1.5999
Model	Replicate	log-likelihood	AIC	chi-squared	theta	optimized_params(nu1, nu2, T)
no_mig	Round_1_Replicate_1	-21617.24	43240.48	218461.49	833.82	2.5684,4.2439,2.6732
no_mig	Round_1_Replicate_2	-4712.77	9431.54	23465.53	1037.37	1.4664,1.4141,4.9012
no_mig	Round_1_Replicate_3	-7676.97	15359.94	90117888249909.81	2396.78	0.2003,0.2937,3.713
no_mig	Round_1_Replicate_4	-10950.43	21906.86	47587.93	1622.39	1.9041,0.2579,1.0016
no_mig	Round_1_Replicate_5	-3956.78	7919.56	16178.73	2537.62	0.5045,0.5706,1.7273
no_mig	Round_1_Replicate_6	-110077.68	220161.36	24597657690.2	1574.71	5.1661,3.6208,0.1892
no_mig	Round_1_Replicate_7	-20564.79	41135.58	197360.37	1018.02	2.3213,2.5389,1.9984
no_mig	Round_1_Replicate_8	-59241.11	118488.22	35507579.7	1326.49	2.7315,3.7364,0.5861
no_mig	Round_1_Replicate_9	-15064.71	30135.42	10231143.43	788.92	5.6923,0.1338,1.7967
no_mig	Round_1_Replicate_10	-15144.07	30294.14	95969.67	1328.84	2.1631,0.8095,1.3016
no_mig	Round_2_Replicate_1	-2807.29	5620.58	78236.1	2617.21	0.5638,0.2735,1.8209
no_mig	Round_2_Replicate_2	-10619.91	21245.82	22396884.84	1632.84	0.2786,1.9304,3.741
no_mig	Round_2_Replicate_3	-9138.19	18282.38	30869.01	2110.28	0.404,1.6226,1.8478
no_mig	Round_2_Replicate_4	-3566.29	7138.58	121439923.68	2553.47	0.4174,0.2325,2.6094
no_mig	Round_2_Replicate_5	-5959.2	11924.4	20018.8	2674.27	0.8285,0.1418,0.8224
no_mig	Round_2_Replicate_6	-12648.96	25303.92	47004.3	2577.97	0.4786,1.2529,0.8219
no_mig	Round_2_Replicate_7	-4280.38	8566.76	487076.71	1867.37	0.5142,0.7336,3.4897
no_mig	Round_2_Replicate_8	-8466.06	16938.12	4359015.44	1638.92	0.347,1.5813,3.9055
no_mig	Round_2_Replicate_9	-7099.56	14205.12	133724.56	1561.29	0.4962,1.6155,3.724
no_mig	Round_2_Replicate_10	-6364.51	12735.02	21066.6	1661.08	0.744,1.3586,2.6162
no_mig	Round_3_Replicate_1	-2872.3	5750.6	489986.03	2328.54	0.636,0.2702,2.2346
no_mig	Round_3_Replicate_2	-3110.25	6226.5	3162692.78	1392.11	1.0524,0.4907,4.4204
no_mig	Round_3_Replicate_3	-2557.67	5121.34	791759872.38	3012.95	0.4647,0.085,1.777
no_mig	Round_3_Replicate_4	-2526.8	5059.6	31224.11	3644.77	0.4025,0.1609,1.0434
no_mig	Round_3_Replicate_5	-2973.48	5952.96	4735290.24	2861.33	0.4381,0.2005,1.9725
no_mig	Round_4_Replicate_1	-2623.42	5252.84	150255.58	3552.49	0.3662,0.176,1.3001
no_mig	Round_4_Replicate_2	-2486.28	4978.56	72227.0	3978.48	0.3275,0.1493,1.0478
no_mig	Round_4_Replicate_3	-2299.49	4604.98	13897.62	4380.49	0.3026,0.1466,0.7769
no_mig	Round_4_Replicate_4	-2388.78	4783.56	19116.13	4069.55	0.3289,0.1638,0.9157
no_mig	Round_4_Replicate_5	-3624.08	7254.16	12117.95	2870.31	0.6136,0.2528,1.1059
Model	Replicate	log-likelihood	AIC	chi-squared	theta	optimized_params(nu1, nu2, T)
no_mig	Round_1_Replicate_1	-9748.56	19503.12	29508.11	3129.93	0.2914,0.985,0.8278
no_mig	Round_1_Replicate_2	-5870.57	11747.14	44418.35	2412.95	0.352,0.8708,2.1567
no_mig	Round_1_Replicate_3	-26279.44	52564.88	226137.97	3588.71	0.1853,3.3019,0.2091
no_mig	Round_1_Replicate_4	-72216.36	144438.72	192598207.48	1640.63	2.7179,2.1231,0.2928
no_mig	Round_1_Replicate_5	-22012.9	44031.8	144385.09	3269.94	0.2602,2.0318,0.327
no_mig	Round_1_Replicate_6	-18938.6	37883.2	84491.18	4019.23	0.1636,1.001,0.2367
no_mig	Round_1_Replicate_7	-22596.93	45199.86	282256.48	1896.04	2.381,0.1526,0.2699
no_mig	Round_1_Replicate_8	-13864.19	27734.38	48997.11	2290.93	0.2764,2.6259,1.2548
no_mig	Round_1_Replicate_9	-11771.41	23548.82	41389.45	1112.93	1.1299,3.6332,3.0753
no_mig	Round_1_Replicate_10	-5135.08	10276.16	14443.58	3201.76	0.5976,0.175,0.6603
no_mig	Round_2_Replicate_1	-2488.65	4983.3	15665.41	3835.84	0.3515,0.1974,0.9909
no_mig	Round_2_Replicate_2	-15632.62	31271.24	89796.29	2180.88	1.6596,0.0515,0.313
no_mig	Round_2_Replicate_3	-9630.85	19267.7	38990.91	1715.98	1.4259,0.5314,1.2597
no_mig	Round_2_Replicate_4	-2651.35	5308.7	970039809.8	4379.81	0.3045,0.0359,0.9456
no_mig	Round_2_Replicate_5	-22139.82	44285.64	260146.14	2134.02	1.2029,0.5862,0.49
no_mig	Round_2_Replicate_6	-2016.35	4038.7	6971.94	5951.88	0.1853,0.0868,0.3889
no_mig	Round_2_Replicate_7	-2641.34	5288.68	878790257.82	3248.1	0.3899,0.0815,1.7361
no_mig	Round_2_Replicate_8	-2203.64	4413.28	9875.64	6421.73	0.1658,0.052,0.3155
no_mig	Round_2_Replicate_9	-14814.71	29635.42	80950.1	2330.83	1.4287,0.0447,0.3101
no_mig	Round_2_Replicate_10	-6127.93	12261.86	16307.78	4081.58	0.4234,0.0648,0.3308
no_mig	Round_3_Replicate_1	-2187.1	4380.2	17023.53	6689.88	0.15,0.0527,0.3465
no_mig	Round_3_Replicate_2	-4737.81	9481.62	183066337071.53	3302.64	0.5888,0.026,0.7964
no_mig	Round_3_Replicate_3	-2193.88	4393.76	20164.88	5064.03	0.2464,0.0989,0.6215
no_mig	Round_3_Replicate_4	-3424.77	6855.54	1609973087.53	3544.05	0.4165,0.0749,1.2634
no_mig	Round_3_Replicate_5	-3867.19	7740.38	9366118107.59	2640.97	0.64,0.0123,1.812
no_mig	Round_4_Replicate_1	-2009.64	4025.28	7912.37	5919.71	0.1859,0.0894,0.4183
no_mig	Round_4_Replicate_2	-1996.13	3998.26	6236.31	6815.89	0.1381,0.0651,0.2833
no_mig	Round_4_Replicate_3	-2029.9	4065.8	6095.11	7215.95	0.1193,0.0585,0.2456
no_mig	Round_4_Replicate_4	-2193.31	4392.62	11240.79	4820.37	0.2622,0.1289,0.6489
no_mig	Round_4_Replicate_5	-2020.41	4046.82	8633.57	5933.98	0.1835,0.0907,0.433
