Model	Replicate	log-likelihood	AIC	chi-squared	theta	optimized_params(nu1, nu2, m, T1, T2)
sec_contact_sym_mig	Round_1_Replicate_1	-68150.33	136310.66	150229701.75	1027.03	5.1969,0.1487,1.4241,4.979,7.4259
sec_contact_sym_mig	Round_1_Replicate_2	-50907.33	101824.66	9090274.31	5424.27	0.1322,0.333,5.1739,1.5223,0.6116
sec_contact_sym_mig	Round_1_Replicate_3	-4359.29	8728.58	8896.53	5035.19	0.2457,0.1474,0.2596,0.2337,0.2395
sec_contact_sym_mig	Round_1_Replicate_4	-80819.21	161648.42	636670558.5	645.83	2.5323,3.2827,0.7679,0.3788,6.3788
sec_contact_sym_mig	Round_1_Replicate_5	-60741.81	121493.62	35918704.75	4406.21	0.1892,0.7141,4.3215,1.3778,1.71
sec_contact_sym_mig	Round_1_Replicate_6	-66561.54	133133.08	126670508.42	789.26	3.7765,0.5548,0.768,2.8157,6.6214
sec_contact_sym_mig	Round_1_Replicate_7	-2755.69	5521.38	4032.1	2939.92	0.2878,0.1996,0.1972,1.9615,2.3223
sec_contact_sym_mig	Round_1_Replicate_8	-52767.45	105544.9	21443816.86	2001.12	1.6025,0.1252,1.3408,0.4411,0.3209
sec_contact_sym_mig	Round_1_Replicate_9	-11885.04	23780.08	53115.6	1603.68	1.1298,0.1325,0.2137,1.8958,6.8947
sec_contact_sym_mig	Round_1_Replicate_10	-130926.24	261862.48	438507482758.94	542.32	4.5767,1.0628,5.006,7.5462,0.1915
sec_contact_sym_mig	Round_2_Replicate_1	-4874.98	9759.96	7789.99	4865.54	0.1337,0.2288,0.3634,0.7298,6.6139
sec_contact_sym_mig	Round_2_Replicate_2	-11937.94	23885.88	51504.09	2146.03	0.6753,0.3597,0.2923,1.2476,3.8202
sec_contact_sym_mig	Round_2_Replicate_3	-2373.66	4757.32	5001.01	2384.47	0.2439,0.0563,0.0998,2.5141,5.6549
sec_contact_sym_mig	Round_2_Replicate_4	-8614.74	17239.48	17695.77	3288.13	0.105,0.7193,0.1155,0.5054,1.6318
sec_contact_sym_mig	Round_2_Replicate_5	-3674.15	7358.3	5964.82	4573.56	0.1277,0.1729,0.3273,1.9572,2.7553
sec_contact_sym_mig	Round_2_Replicate_6	-3295.56	6601.12	4831.64	2895.97	0.2784,0.515,0.0671,1.3085,0.7764
sec_contact_sym_mig	Round_2_Replicate_7	-2006.25	4022.5	3920.18	2592.65	0.2427,0.1739,0.0628,1.4597,2.6825
sec_contact_sym_mig	Round_2_Replicate_8	-2935.54	5881.08	5325.8	2880.6	0.494,0.2212,0.1253,1.1109,0.6473
sec_contact_sym_mig	Round_2_Replicate_9	-7996.27	16002.54	20393.05	1579.13	0.6945,0.6985,0.1593,0.7373,7.9135
sec_contact_sym_mig	Round_2_Replicate_10	-6895.77	13801.54	18759.63	1668.68	0.9281,0.6934,0.0903,0.6222,2.5142
sec_contact_sym_mig	Round_3_Replicate_1	-2444.12	4898.24	4105.68	3167.47	0.2601,0.38,0.0363,1.2013,0.7266
sec_contact_sym_mig	Round_3_Replicate_2	-1617.53	3245.06	2658.79	2166.9	0.3704,0.3238,0.0374,2.7617,0.9907
sec_contact_sym_mig	Round_3_Replicate_3	-2617.5	5245.0	6220.42	1606.48	0.3541,0.1751,0.0283,4.0656,2.9544
sec_contact_sym_mig	Round_3_Replicate_4	-1817.16	3644.32	2620.09	3421.84	0.2299,0.0514,0.1967,2.7305,5.6878
sec_contact_sym_mig	Round_3_Replicate_5	-1473.48	2956.96	2446.01	2319.81	0.4199,0.0545,0.0827,0.6014,4.6912
sec_contact_sym_mig	Round_4_Replicate_1	-846.19	1702.38	1344.82	1468.18	0.8073,0.2348,0.0198,0.5478,5.1878
sec_contact_sym_mig	Round_4_Replicate_2	-1612.15	3234.3	2497.76	2356.57	0.3081,0.1231,0.1041,0.5399,7.1762
sec_contact_sym_mig	Round_4_Replicate_3	-1289.69	2589.38	1894.53	2799.61	0.3036,0.0823,0.094,0.7458,3.4479
sec_contact_sym_mig	Round_4_Replicate_4	-1006.35	2022.7	1303.15	2721.18	0.3679,0.1,0.0714,0.3208,3.1393
sec_contact_sym_mig	Round_4_Replicate_5	-952.49	1914.98	1187.21	2238.96	0.4519,0.1764,0.0498,0.495,3.5446
Model	Replicate	log-likelihood	AIC	chi-squared	theta	optimized_params(nu1, nu2, m, T1, T2)
sec_contact_sym_mig	Round_1_Replicate_1	-142275.03	284560.06	1726271375116.55	455.14	6.2065,1.805,5.2072,8.1206,2.5559
sec_contact_sym_mig	Round_1_Replicate_2	-44383.09	88776.18	2758617.99	2735.16	0.1482,2.8828,2.0842,0.7878,0.3457
sec_contact_sym_mig	Round_1_Replicate_3	-12667.02	25344.04	41124.64	1274.09	0.7054,1.5209,0.156,0.9365,7.2933
sec_contact_sym_mig	Round_1_Replicate_4	-65158.97	130327.94	86803570.03	380.41	4.9807,5.6605,0.2506,1.4837,8.2276
sec_contact_sym_mig	Round_1_Replicate_5	-121485.11	242980.22	120275140407.16	1001.17	4.3717,1.6647,3.0825,0.6172,0.2198
sec_contact_sym_mig	Round_1_Replicate_6	-40169.87	80349.74	3737156.15	3355.61	0.6547,0.1242,1.4479,3.9498,2.9471
sec_contact_sym_mig	Round_1_Replicate_7	-16325.97	32661.94	98762.4	1723.39	0.8979,1.5746,0.2081,1.3689,0.1708
sec_contact_sym_mig	Round_1_Replicate_8	-50072.45	100154.9	14625357.63	1322.96	2.9504,0.1612,0.7477,0.1283,1.337
sec_contact_sym_mig	Round_1_Replicate_9	-100969.64	201949.28	9071340450.35	526.17	3.2516,3.4088,1.2909,6.5355,0.6915
sec_contact_sym_mig	Round_1_Replicate_10	-125217.56	250445.12	172955622803.29	872.55	5.8995,2.3086,2.322,0.3306,0.5157
sec_contact_sym_mig	Round_2_Replicate_1	-20094.67	40199.34	162929.3	906.0	1.5717,3.3751,0.09,0.8926,3.3515
sec_contact_sym_mig	Round_2_Replicate_2	-11442.38	22894.76	34213.41	1306.9	0.8135,2.1374,0.0799,1.2635,2.5232
sec_contact_sym_mig	Round_2_Replicate_3	-10741.8	21493.6	26440.91	1740.22	0.4466,1.2059,0.1711,0.5266,4.8984
sec_contact_sym_mig	Round_2_Replicate_4	-12084.54	24179.08	42544.88	3222.25	0.3258,0.4432,0.4297,0.6153,2.3675
sec_contact_sym_mig	Round_2_Replicate_5	-18925.76	37861.52	112813.18	1333.8	0.7386,2.2222,0.1917,1.8652,2.006
sec_contact_sym_mig	Round_2_Replicate_6	-8566.19	17142.38	16675.52	1158.43	0.3027,1.5351,0.0863,0.3315,23.2345
sec_contact_sym_mig	Round_2_Replicate_7	-16322.87	32655.74	99409.67	805.74	1.6393,1.402,0.14,1.0604,21.5977
sec_contact_sym_mig	Round_2_Replicate_8	-42723.93	85457.86	3863781.7	790.54	1.6013,2.4106,0.3701,3.4541,8.0647
sec_contact_sym_mig	Round_2_Replicate_9	-70380.72	140771.44	154720133.82	545.02	2.4684,4.1486,0.5409,0.3965,11.509
sec_contact_sym_mig	Round_2_Replicate_10	-10821.76	21653.52	32029.06	1703.68	0.5785,0.9606,0.19,1.8534,3.2332
sec_contact_sym_mig	Round_3_Replicate_1	-2814.02	5638.04	4391.24	1468.47	0.4908,0.8238,0.0316,0.3032,6.0476
sec_contact_sym_mig	Round_3_Replicate_2	-14717.96	29445.92	71245.66	455.88	0.2131,4.7379,0.0119,0.9324,25.9087
sec_contact_sym_mig	Round_3_Replicate_3	-4445.01	8900.02	6922.14	727.6	0.9817,2.57,0.015,0.3606,11.35
sec_contact_sym_mig	Round_3_Replicate_4	-2350.27	4710.54	3661.56	1078.49	0.6543,0.8307,0.0322,0.1032,10.6998
sec_contact_sym_mig	Round_3_Replicate_5	-7518.16	15046.32	19935.38	718.91	0.3574,1.916,0.0302,0.8267,22.8947
sec_contact_sym_mig	Round_4_Replicate_1	-866.04	1742.08	1104.82	976.77	1.2184,0.4232,0.0162,0.0561,9.1092
sec_contact_sym_mig	Round_4_Replicate_2	-1714.83	3439.66	2611.21	981.64	0.9167,0.9245,0.0143,0.0992,9.2201
sec_contact_sym_mig	Round_4_Replicate_3	-1582.02	3174.04	2496.0	753.32	1.125,1.0074,0.0121,0.1023,13.3282
sec_contact_sym_mig	Round_4_Replicate_4	-3270.52	6551.04	5729.51	1066.06	0.5977,1.2118,0.018,0.1663,8.9364
sec_contact_sym_mig	Round_4_Replicate_5	-899.14	1808.28	1250.29	947.64	1.1444,0.4733,0.0147,0.1619,9.7336
Model	Replicate	log-likelihood	AIC	chi-squared	theta	optimized_params(nu1, nu2, m, T1, T2)
sec_contact_sym_mig	Round_1_Replicate_1	-15560.37	31130.74	63225.53	2205.52	0.2646,0.2585,0.8713,5.183,0.7052
sec_contact_sym_mig	Round_1_Replicate_2	-5011.76	10033.52	9559.27	5718.43	0.1769,0.1403,0.4878,0.1821,1.8116
sec_contact_sym_mig	Round_1_Replicate_3	-60667.46	121344.92	45299970.59	1366.42	1.7489,5.582,0.3187,0.4184,0.3636
sec_contact_sym_mig	Round_1_Replicate_4	-50375.96	100761.92	15531152.05	1015.13	3.7619,0.256,0.5894,1.3041,0.4446
sec_contact_sym_mig	Round_1_Replicate_5	-55237.88	110485.76	22017176.89	942.48	1.7139,3.9245,0.404,0.346,2.5857
sec_contact_sym_mig	Round_1_Replicate_6	-72422.76	144855.52	161969055.21	3152.43	0.1815,5.4634,4.936,1.4098,2.8343
sec_contact_sym_mig	Round_1_Replicate_7	-96221.5	192453.0	4942127203.39	1008.27	4.8025,0.7859,1.7812,0.2214,0.8836
sec_contact_sym_mig	Round_1_Replicate_8	-96177.48	192364.96	5080694029.12	1044.87	2.4175,0.7308,2.3956,2.8657,5.1784
sec_contact_sym_mig	Round_1_Replicate_9	-92690.0	185390.0	3282662320.57	1609.66	1.7551,0.871,2.4365,0.4317,0.2789
sec_contact_sym_mig	Round_1_Replicate_10	-34554.76	69119.52	1306119.83	3126.17	0.4156,0.5202,1.1398,0.4776,0.8845
sec_contact_sym_mig	Round_2_Replicate_1	-4052.83	8115.66	6334.28	5648.39	0.1147,0.1715,0.3868,0.5464,1.3311
sec_contact_sym_mig	Round_2_Replicate_2	-20349.91	40709.82	195571.36	4872.67	0.3036,0.2021,1.0257,0.1963,4.5677
sec_contact_sym_mig	Round_2_Replicate_3	-7957.85	15925.7	14503.32	4868.97	0.1254,0.3419,0.4358,0.2514,2.4366
sec_contact_sym_mig	Round_2_Replicate_4	-36649.49	73308.98	1672114.73	3929.99	0.3063,0.4326,1.6092,0.2054,0.993
sec_contact_sym_mig	Round_2_Replicate_5	-24265.51	48541.02	137894.41	6010.08	0.0645,0.5054,1.6638,0.2315,0.5429
sec_contact_sym_mig	Round_2_Replicate_6	-32514.68	65039.36	1257275.09	4072.24	0.604,0.0294,1.3634,0.3919,1.3577
sec_contact_sym_mig	Round_2_Replicate_7	-21343.42	42696.84	83929.23	7243.61	0.0467,0.3782,1.7089,0.666,0.7876
sec_contact_sym_mig	Round_2_Replicate_8	-5605.3	11220.6	12569.51	6274.41	0.0627,0.2256,0.1217,0.0441,0.7096
sec_contact_sym_mig	Round_2_Replicate_9	-7875.81	15761.62	14999.54	18003.12	0.038,0.0844,1.7392,0.3023,2.2956
sec_contact_sym_mig	Round_2_Replicate_10	-1762.67	3535.34	2349.42	5410.29	0.1691,0.1494,0.151,0.0462,0.8497
sec_contact_sym_mig	Round_3_Replicate_1	-1929.33	3868.66	3334.31	6145.63	0.1668,0.0963,0.0402,0.0706,0.2524
sec_contact_sym_mig	Round_3_Replicate_2	-869.24	1748.48	1205.05	4123.09	0.2842,0.0712,0.0727,0.0651,1.3743
sec_contact_sym_mig	Round_3_Replicate_3	-4834.7	9679.4	7722.95	3421.7	0.2595,0.492,0.1276,0.1255,1.4292
sec_contact_sym_mig	Round_3_Replicate_4	-3277.63	6565.26	4985.52	4676.4	0.2047,0.2214,0.219,0.0558,1.1506
sec_contact_sym_mig	Round_3_Replicate_5	-2703.93	5417.86	4750.4	4749.27	0.2755,0.1559,0.0765,0.0633,0.4582
sec_contact_sym_mig	Round_4_Replicate_1	-996.46	2002.92	1669.02	3898.18	0.2811,0.0524,0.0758,0.075,1.7258
sec_contact_sym_mig	Round_4_Replicate_2	-935.31	1880.62	1612.89	5116.59	0.2324,0.0685,0.058,0.0846,0.7225
sec_contact_sym_mig	Round_4_Replicate_3	-1096.55	2203.1	1549.05	4167.71	0.3247,0.1004,0.0606,0.0504,1.0052
sec_contact_sym_mig	Round_4_Replicate_4	-896.52	1803.04	1252.01	5320.95	0.213,0.0718,0.0801,0.0732,0.7263
sec_contact_sym_mig	Round_4_Replicate_5	-874.49	1758.98	1261.26	5025.82	0.2269,0.0705,0.0755,0.1454,0.7794
