Model	Replicate	log-likelihood	AIC	chi-squared	theta	optimized_params
no_mig	Round_4_Replicate_2	-1996.13	3998.26	6236.31	6815.89	0.1381,0.0651,0.2833	
no_mig	Round_4_Replicate_1	-2009.64	4025.28	7912.37	5919.71	0.1859,0.0894,0.4183	
no_mig	Round_2_Replicate_6	-2016.35	4038.7	6971.94	5951.88	0.1853,0.0868,0.3889	
no_mig	Round_4_Replicate_5	-2020.41	4046.82	8633.57	5933.98	0.1835,0.0907,0.433	
no_mig	Round_4_Replicate_3	-2029.9	4065.8	6095.11	7215.95	0.1193,0.0585,0.2456	
sec_contact_sym_mig	Round_4_Replicate_1	-846.19	1702.38	1344.82	1468.18	0.8073,0.2348,0.0198,0.5478,5.1878	
sec_contact_sym_mig	Round_4_Replicate_1	-866.04	1742.08	1104.82	976.77	1.2184,0.4232,0.0162,0.0561,9.1092	
sec_contact_sym_mig	Round_3_Replicate_2	-869.24	1748.48	1205.05	4123.09	0.2842,0.0712,0.0727,0.0651,1.3743	
sec_contact_sym_mig	Round_4_Replicate_5	-874.49	1758.98	1261.26	5025.82	0.2269,0.0705,0.0755,0.1454,0.7794	
sec_contact_sym_mig	Round_4_Replicate_4	-896.52	1803.04	1252.01	5320.95	0.213,0.0718,0.0801,0.0732,0.7263	
sym_mig	Round_4_Replicate_2	-843.66	1695.32	1169.93	3069.54	0.376,0.1143,0.0495,2.2877	
sym_mig	Round_4_Replicate_3	-848.21	1704.42	1274.83	3218.17	0.365,0.0985,0.0489,2.1058	
sym_mig	Round_4_Replicate_1	-851.08	1710.16	1231.14	3959.91	0.2935,0.0936,0.0582,1.4741	
sym_mig	Round_4_Replicate_2	-885.42	1778.84	1212.25	5365.3	0.2067,0.0677,0.0875,0.8344	
sym_mig	Round_4_Replicate_4	-961.5	1931.0	1133.63	3474.09	0.3294,0.084,0.0868,2.1295	
