Model	Replicate	log-likelihood	AIC	chi-squared	theta	optimized_params(nu1, nu2, T)
no_mig	Round_1_Replicate_1	-86044.75	172095.5	4295517.82	5445.21	1.0602,2.2329,0.4244
no_mig	Round_1_Replicate_2	-36708.34	73422.68	1257739552.07	3989.76	0.5115,0.8391,5.1589
no_mig	Round_1_Replicate_3	-51406.18	102818.36	558778.13	2207.58	3.3629,3.1086,2.2019
no_mig	Round_1_Replicate_4	-52284.53	104575.06	336863.55	5380.1	0.2285,6.6615,0.8578
no_mig	Round_1_Replicate_5	-70898.93	141803.86	2017998.57	6253.96	1.2453,0.5898,0.2765
no_mig	Round_1_Replicate_6	-28914.39	57834.78	127445.58	5716.49	0.7095,1.2935,0.923
no_mig	Round_1_Replicate_7	-300359.88	600725.76	939280726565.99	4479.05	8.616,3.6535,0.1658
no_mig	Round_1_Replicate_8	-32076.51	64159.02	171616.45	2852.57	1.8909,2.3957,2.3212
no_mig	Round_1_Replicate_9	-27309.16	54624.32	167933.82	2669.53	1.3866,3.0251,3.4858
no_mig	Round_1_Replicate_10	-37089.19	74184.38	414098148.4	1583.65	5.4767,0.4204,5.5139
no_mig	Round_2_Replicate_1	-30818.49	61642.98	668744.34	2876.72	0.8657,2.8499,4.2597
no_mig	Round_2_Replicate_2	-25986.93	51979.86	114617.39	6459.49	0.4712,1.2293,0.9916
no_mig	Round_2_Replicate_3	-32304.38	64614.76	170729.89	2225.59	2.1879,3.5748,3.3531
no_mig	Round_2_Replicate_4	-43788.99	87583.98	332071.78	4203.36	1.311,1.9186,1.0486
no_mig	Round_2_Replicate_5	-33818.66	67643.32	407013.15	2276.81	1.107,4.6802,4.6363
no_mig	Round_2_Replicate_6	-26625.49	53256.98	919995.54	3537.83	0.7949,1.6158,3.95
no_mig	Round_2_Replicate_7	-24023.26	48052.52	1970081.94	3196.85	1.0813,1.1543,4.92
no_mig	Round_2_Replicate_8	-24061.28	48128.56	1085876.37	1762.88	2.0055,2.7541,8.4208
no_mig	Round_2_Replicate_9	-21441.72	42889.44	103703.65	6149.67	0.5788,0.992,1.2261
no_mig	Round_2_Replicate_10	-22106.67	44219.34	1477851.28	1203.94	3.781,2.8192,12.1609
no_mig	Round_3_Replicate_1	-20728.66	41463.32	423338.44	2296.93	2.2701,1.4128,5.1156
no_mig	Round_3_Replicate_2	-18479.01	36964.02	98021.53	7707.74	0.4475,0.6362,1.0
no_mig	Round_3_Replicate_3	-15783.92	31573.84	104436.57	7175.27	0.6867,0.3742,1.0506
no_mig	Round_3_Replicate_4	-39613.96	79233.92	180661.5	8023.04	0.2629,1.6188,0.4221
no_mig	Round_3_Replicate_5	-17298.5	34603.0	145490.86	6032.53	0.7428,0.5742,1.5343
no_mig	Round_4_Replicate_1	-15277.58	30561.16	93540.05	7673.01	0.6269,0.3474,0.9393
no_mig	Round_4_Replicate_2	-15765.47	31536.94	110967.7	7384.67	0.6196,0.399,1.0888
no_mig	Round_4_Replicate_3	-17080.89	34167.78	158018.08	6610.51	0.8105,0.3351,1.1956
no_mig	Round_4_Replicate_4	-15468.38	30942.76	98415.14	7560.42	0.6056,0.3917,1.015
no_mig	Round_4_Replicate_5	-17084.63	34175.26	138553.71	5991.4	0.7832,0.5445,1.4938
Model	Replicate	log-likelihood	AIC	chi-squared	theta	optimized_params(nu1, nu2, T)
no_mig	Round_1_Replicate_1	-38956.63	77919.26	15728707.58	7102.92	0.2141,0.8119,2.0429
no_mig	Round_1_Replicate_2	-37789.68	75585.36	65976107811.86	3700.98	0.6588,0.5066,6.0274
no_mig	Round_1_Replicate_3	-23044.5	46095.0	3155340.65	5957.28	0.9098,0.2156,1.7701
no_mig	Round_1_Replicate_4	-72991.72	145989.44	2183602.99	5326.12	2.5379,0.37,0.2407
no_mig	Round_1_Replicate_5	-39094.81	78195.62	6194449109.75	4688.22	0.4169,0.5947,4.5363
no_mig	Round_1_Replicate_6	-32220.44	64446.88	243525.09	962.51	6.8224,5.0882,8.419
no_mig	Round_1_Replicate_7	-37519.72	75045.44	249493.42	2395.29	2.7292,2.5092,2.4846
no_mig	Round_1_Replicate_8	-13373.42	26752.84	75308.42	11651.26	0.3063,0.2177,0.5486
no_mig	Round_1_Replicate_9	-70094.18	140194.36	1644498.59	4002.26	4.7117,0.4534,0.3653
no_mig	Round_1_Replicate_10	-152267.78	304541.56	211261222.95	4575.11	6.8218,0.7157,0.1838
no_mig	Round_2_Replicate_1	-23904.2	47814.4	2751585.75	11736.54	0.3296,0.1006,0.8183
no_mig	Round_2_Replicate_2	-30796.96	61599.92	158623.82	8265.92	0.6849,0.2548,0.2741
no_mig	Round_2_Replicate_3	-29407.23	58820.46	313953100.27	5535.26	1.1378,0.1253,1.6929
no_mig	Round_2_Replicate_4	-11264.31	22534.62	45743.56	14948.91	0.1898,0.1276,0.2837
no_mig	Round_2_Replicate_5	-25717.64	51441.28	6019154.7	12720.35	0.2848,0.0856,0.7638
no_mig	Round_2_Replicate_6	-17986.64	35979.28	65752.88	9090.19	0.5895,0.1761,0.3675
no_mig	Round_2_Replicate_7	-14011.21	28028.42	103365.52	12985.24	0.2755,0.1431,0.4776
no_mig	Round_2_Replicate_8	-15562.67	31131.34	149588.1	9873.59	0.4195,0.2293,0.7985
no_mig	Round_2_Replicate_9	-18309.51	36625.02	96906.15	7211.87	0.859,0.228,0.7105
no_mig	Round_2_Replicate_10	-15907.39	31820.78	86546.04	7899.31	0.6868,0.2512,0.7395
no_mig	Round_3_Replicate_1	-14123.25	28252.5	89231.06	9651.49	0.4398,0.2539,0.7156
no_mig	Round_3_Replicate_2	-12090.99	24187.98	45735.82	18378.05	0.1057,0.0889,0.1819
no_mig	Round_3_Replicate_3	-13232.91	26471.82	53214.13	12524.29	0.2398,0.2383,0.4
no_mig	Round_3_Replicate_4	-13597.72	27201.44	60799.89	9533.37	0.4503,0.2775,0.6042
no_mig	Round_3_Replicate_5	-17557.5	35121.0	56571.69	11360.64	0.2734,0.2827,0.297
no_mig	Round_4_Replicate_1	-11345.31	22696.62	43504.77	13454.77	0.239,0.1498,0.3164
no_mig	Round_4_Replicate_2	-10775.41	21556.82	38369.2	15758.32	0.1651,0.1024,0.2183
no_mig	Round_4_Replicate_3	-11806.79	23619.58	48252.71	12346.19	0.2912,0.1688,0.3785
no_mig	Round_4_Replicate_4	-10992.35	21990.7	39120.49	14763.82	0.1895,0.1257,0.2512
no_mig	Round_4_Replicate_5	-11929.32	23864.64	50362.26	12200.27	0.2945,0.18,0.4027
Model	Replicate	log-likelihood	AIC	chi-squared	theta	optimized_params(nu1, nu2, T)
no_mig	Round_1_Replicate_1	-32172.92	64351.84	181415.6	1628.47	2.663,5.4575,5.197
no_mig	Round_1_Replicate_2	-25814.2	51634.4	122854.48	5112.81	1.5816,0.3689,0.7926
no_mig	Round_1_Replicate_3	-78420.96	156847.92	2636511.18	4724.75	8.3097,0.2117,0.1716
no_mig	Round_1_Replicate_4	-36312.95	72631.9	213373.33	3662.42	3.3417,0.3605,0.8003
no_mig	Round_1_Replicate_5	-16397.33	32800.66	163766.11	10998.1	0.3267,0.229,0.7525
no_mig	Round_1_Replicate_6	-58472.45	116950.9	4253725366.61	2620.35	0.3285,4.3713,5.282
no_mig	Round_1_Replicate_7	-18679.91	37365.82	60448.07	11564.33	0.2966,0.1791,0.2135
no_mig	Round_1_Replicate_8	-65616.74	131239.48	1363338.9	5571.95	2.7412,0.2329,0.1924
no_mig	Round_1_Replicate_9	-36182.56	72371.12	411865646.02	1892.45	4.4728,0.3492,4.6294
no_mig	Round_1_Replicate_10	-26226.98	52459.96	290278.32	5683.22	1.4015,0.161,0.8381
no_mig	Round_2_Replicate_1	-22195.59	44397.18	925605.19	6245.83	0.9436,0.1974,1.3884
no_mig	Round_2_Replicate_2	-24811.19	49628.38	121709.0	11371.37	0.1752,0.5028,0.4745
no_mig	Round_2_Replicate_3	-24872.11	49750.22	1094402.74	5243.05	0.5722,0.792,2.7316
no_mig	Round_2_Replicate_4	-46566.12	93138.24	7959177933935.37	9823.75	0.1958,0.1174,1.974
no_mig	Round_2_Replicate_5	-34747.01	69500.02	15958198526.82	7004.25	0.4558,0.1716,2.5147
no_mig	Round_2_Replicate_6	-43449.35	86904.7	1.4353516685367792e+17	7251.64	0.3629,0.097,2.7857
no_mig	Round_2_Replicate_7	-26083.96	52173.92	111901.41	7707.07	0.9349,0.1289,0.2968
no_mig	Round_2_Replicate_8	-32478.51	64963.02	755016877.36	11392.56	0.2919,0.0882,1.1339
no_mig	Round_2_Replicate_9	-17906.2	35818.4	75290.16	11165.25	0.2395,0.3983,0.4859
no_mig	Round_2_Replicate_10	-11489.38	22984.76	50751.62	14629.27	0.2128,0.1111,0.2911
no_mig	Round_3_Replicate_1	-16188.71	32383.42	66127.29	11583.84	0.3773,0.0874,0.2618
no_mig	Round_3_Replicate_2	-13221.35	26448.7	55550.2	10608.3	0.3516,0.2741,0.5196
no_mig	Round_3_Replicate_3	-12123.91	24253.82	48551.81	12069.61	0.2877,0.2032,0.4039
no_mig	Round_3_Replicate_4	-23195.1	46396.2	2881155.64	9810.3	0.4961,0.093,0.8255
no_mig	Round_3_Replicate_5	-17876.85	35759.7	64277.23	11268.87	0.3905,0.0826,0.2142
no_mig	Round_4_Replicate_1	-12163.06	24332.12	54482.61	11879.8	0.3192,0.1741,0.4252
no_mig	Round_4_Replicate_2	-11796.77	23599.54	49659.08	12539.21	0.2786,0.1725,0.386
no_mig	Round_4_Replicate_3	-10973.45	21952.9	40639.95	14591.99	0.2022,0.119,0.26
no_mig	Round_4_Replicate_4	-11925.0	23856.0	50206.72	12376.98	0.281,0.1848,0.4004
no_mig	Round_4_Replicate_5	-12377.78	24761.56	60737.81	12498.9	0.2772,0.1831,0.4441
