Model	Replicate	log-likelihood	AIC	chi-squared	theta	optimized_params(nu1, nu2, m, T1, T2)
sec_contact_sym_mig	Round_1_Replicate_1	-25384.3	50778.6	114563.41	8826.08	0.6217,0.1323,0.5489,0.1626,1.2285
sec_contact_sym_mig	Round_1_Replicate_2	-226657.04	453324.08	21078812712.91	1379.71	3.3042,4.5133,0.9234,1.5175,6.2671
sec_contact_sym_mig	Round_1_Replicate_3	-305336.74	610683.48	1785021512665.41	2109.14	3.4348,0.8846,5.4049,5.1539,0.4823
sec_contact_sym_mig	Round_1_Replicate_4	-44705.38	89420.76	224200.02	13303.97	0.124,0.3603,1.81,0.6669,0.3847
sec_contact_sym_mig	Round_1_Replicate_5	-274196.04	548402.08	436103437597.83	2161.64	2.6165,6.3101,3.7402,1.5496,0.1188
sec_contact_sym_mig	Round_1_Replicate_6	-77791.0	155592.0	819155.19	4392.13	0.1568,4.8766,0.701,1.1922,2.252
sec_contact_sym_mig	Round_1_Replicate_7	-198738.68	397487.36	3434239020.81	2399.23	4.4173,8.1191,0.2526,0.1241,0.8461
sec_contact_sym_mig	Round_1_Replicate_8	-258502.97	517015.94	118659066976.91	2741.14	1.8848,7.1812,1.4258,0.4057,0.9122
sec_contact_sym_mig	Round_1_Replicate_9	-49535.33	99080.66	220474.2	6857.47	0.1771,1.3111,0.6028,0.1415,4.8173
sec_contact_sym_mig	Round_1_Replicate_10	-179412.86	358835.72	1973903780.44	6959.52	1.3368,0.2108,4.3166,0.2449,1.8382
sec_contact_sym_mig	Round_2_Replicate_1	-24634.53	49279.06	75856.83	10448.13	0.2823,0.372,0.6867,0.4204,2.3961
sec_contact_sym_mig	Round_2_Replicate_2	-16935.65	33881.3	49916.19	10491.22	0.4496,0.1517,0.3556,0.0595,0.3603
sec_contact_sym_mig	Round_2_Replicate_3	-11279.33	22568.66	26178.54	21226.93	0.1714,0.0525,1.1297,0.0515,0.6157
sec_contact_sym_mig	Round_2_Replicate_4	-67970.4	135950.8	2015211.63	7661.41	0.5705,0.4058,1.146,0.536,1.7007
sec_contact_sym_mig	Round_2_Replicate_5	-77496.94	155003.88	3704206.73	9186.28	0.4794,0.3367,1.5892,0.1827,1.1443
sec_contact_sym_mig	Round_2_Replicate_6	-28459.7	56929.4	142736.4	8207.51	0.5896,0.222,0.6104,0.6095,0.8013
sec_contact_sym_mig	Round_2_Replicate_7	-7414.92	14839.84	18786.02	9712.88	0.2321,0.2051,0.1409,0.1117,2.4327
sec_contact_sym_mig	Round_2_Replicate_8	-67676.96	135363.92	2394592.02	5488.84	1.6349,0.0901,0.911,0.5975,0.3283
sec_contact_sym_mig	Round_2_Replicate_9	-4921.95	9853.9	10810.85	10380.49	0.3135,0.1971,0.1763,0.6232,0.6902
sec_contact_sym_mig	Round_2_Replicate_10	-32740.89	65491.78	201329.07	6857.33	1.0156,0.0716,0.4252,0.2467,1.0861
sec_contact_sym_mig	Round_3_Replicate_1	-9784.3	19578.6	39405.76	11858.18	0.2496,0.105,0.0989,0.913,0.2302
sec_contact_sym_mig	Round_3_Replicate_2	-4780.99	9571.98	9959.17	11117.03	0.2303,0.1065,0.3703,2.2505,2.2866
sec_contact_sym_mig	Round_3_Replicate_3	-10424.56	20859.12	22082.54	7835.15	0.4617,0.5358,0.0888,0.8357,0.2423
sec_contact_sym_mig	Round_3_Replicate_4	-28471.26	56952.52	147997.52	6004.98	1.1276,0.174,0.3266,0.3877,0.9815
sec_contact_sym_mig	Round_3_Replicate_5	-5001.28	10012.56	8821.34	18465.73	0.1554,0.0867,0.6034,0.7546,2.4923
sec_contact_sym_mig	Round_4_Replicate_1	-4709.68	9429.36	10380.43	15990.41	0.1585,0.079,0.4623,2.4491,3.491
sec_contact_sym_mig	Round_4_Replicate_2	-4569.54	9149.08	9677.11	12984.99	0.2065,0.1058,0.3635,1.1794,4.2134
sec_contact_sym_mig	Round_4_Replicate_3	-4833.55	9677.1	10786.3	12084.86	0.2142,0.0907,0.3869,3.9874,3.5588
sec_contact_sym_mig	Round_4_Replicate_4	-4574.27	9158.54	9262.43	11750.0	0.2332,0.1193,0.344,1.9289,4.813
sec_contact_sym_mig	Round_4_Replicate_5	-4763.2	9536.4	9161.06	14425.71	0.1737,0.0956,0.4803,3.5132,3.0773
Model	Replicate	log-likelihood	AIC	chi-squared	theta	optimized_params(nu1, nu2, m, T1, T2)
sec_contact_sym_mig	Round_1_Replicate_1	-73938.73	147887.46	2883979.7	15299.54	0.2779,0.2145,2.5061,0.6022,5.5841
sec_contact_sym_mig	Round_1_Replicate_2	-215689.28	431388.56	11992186084.02	5155.61	0.8754,0.5965,4.3916,6.3276,4.0551
sec_contact_sym_mig	Round_1_Replicate_3	-145360.01	290730.02	413002517.0	1158.29	5.6286,4.3025,1.5592,6.126,0.1319
sec_contact_sym_mig	Round_1_Replicate_4	-129656.06	259322.12	75273954.82	1889.24	2.4181,4.7292,0.3689,1.1105,2.9639
sec_contact_sym_mig	Round_1_Replicate_5	-117903.71	235817.42	50244804.15	3147.09	2.3315,1.3274,0.6404,1.0119,0.6415
sec_contact_sym_mig	Round_1_Replicate_6	-29137.38	58284.76	141075.37	9016.85	0.4723,0.2911,0.7226,0.5315,0.3975
sec_contact_sym_mig	Round_1_Replicate_7	-113055.72	226121.44	27561029.42	5260.25	0.6782,0.8914,1.4065,1.1587,3.9859
sec_contact_sym_mig	Round_1_Replicate_8	-31835.05	63680.1	177051.51	2140.74	2.2994,2.2908,0.3336,4.4691,0.1843
sec_contact_sym_mig	Round_1_Replicate_9	-141717.24	283444.48	106248656.98	3438.76	0.5931,3.2668,1.396,2.6199,3.4648
sec_contact_sym_mig	Round_1_Replicate_10	-90534.01	181078.02	4660143.87	15544.88	0.1378,0.5351,3.2207,7.0479,5.3731
sec_contact_sym_mig	Round_2_Replicate_1	-37996.78	76003.56	117134.43	10096.33	0.1432,0.9045,0.5884,0.2626,0.2136
sec_contact_sym_mig	Round_2_Replicate_2	-15629.43	31268.86	58627.92	6459.37	1.0024,0.0994,0.1549,0.6923,0.5992
sec_contact_sym_mig	Round_2_Replicate_3	-133726.75	267463.5	113954894.58	4792.85	1.2085,0.9839,1.1805,0.3817,0.686
sec_contact_sym_mig	Round_2_Replicate_4	-38238.21	76486.42	295175.82	5458.55	1.2033,0.4845,0.2918,0.2724,0.7089
sec_contact_sym_mig	Round_2_Replicate_5	-40428.61	80867.22	210972.81	8280.74	0.3241,0.8549,0.6315,0.3924,0.3072
sec_contact_sym_mig	Round_2_Replicate_6	-57329.87	114669.74	1167584.22	10455.09	0.4866,0.1216,1.6876,0.3424,0.2644
sec_contact_sym_mig	Round_2_Replicate_7	-65665.04	131340.08	2167581.09	7773.23	0.9351,0.1012,1.2961,0.2661,0.2072
sec_contact_sym_mig	Round_2_Replicate_8	-5707.87	11425.74	10249.85	9859.16	0.3161,0.2656,0.1966,0.1658,1.4378
sec_contact_sym_mig	Round_2_Replicate_9	-6107.39	12224.78	10699.2	11299.69	0.2748,0.1377,0.4292,0.985,1.2549
sec_contact_sym_mig	Round_2_Replicate_10	-6921.1	13852.2	19448.43	12049.28	0.3408,0.1162,0.1727,0.3101,0.2796
sec_contact_sym_mig	Round_3_Replicate_1	-5819.16	11648.32	11317.66	9415.55	0.3952,0.2494,0.175,0.1515,1.207
sec_contact_sym_mig	Round_3_Replicate_2	-18642.36	37294.72	52533.92	11233.29	0.3275,0.2445,0.6284,0.186,0.9036
sec_contact_sym_mig	Round_3_Replicate_3	-5030.91	10071.82	9059.55	22244.23	0.1352,0.0708,0.7098,0.0605,2.8997
sec_contact_sym_mig	Round_3_Replicate_4	-27555.35	55120.7	65936.41	6501.31	0.2607,0.9705,0.3426,0.3457,3.7956
sec_contact_sym_mig	Round_3_Replicate_5	-21659.16	43328.32	82317.63	8911.4	0.5941,0.1718,0.4704,0.3,0.4993
sec_contact_sym_mig	Round_4_Replicate_1	-4596.05	9202.1	9236.99	31432.58	0.0873,0.0441,0.9398,0.1379,1.6378
sec_contact_sym_mig	Round_4_Replicate_2	-4548.42	9106.84	9268.42	25332.99	0.1085,0.0567,0.7172,0.0345,3.52
sec_contact_sym_mig	Round_4_Replicate_3	-4589.68	9189.36	8918.53	19613.46	0.1398,0.0782,0.5638,0.0746,3.7193
sec_contact_sym_mig	Round_4_Replicate_4	-4568.97	9147.94	9999.21	30281.05	0.0927,0.0427,0.8434,0.0632,3.9034
sec_contact_sym_mig	Round_4_Replicate_5	-4559.83	9129.66	9679.33	29385.62	0.0965,0.0453,0.8324,0.2074,4.0551
Model	Replicate	log-likelihood	AIC	chi-squared	theta	optimized_params(nu1, nu2, m, T1, T2)
sec_contact_sym_mig	Round_1_Replicate_1	-150459.38	300928.76	216769955.22	5267.28	0.7854,3.9504,1.1673,0.2117,0.2859
sec_contact_sym_mig	Round_1_Replicate_2	-362663.63	725337.26	41897930843060.94	874.0	7.674,5.1187,2.8071,4.1518,5.8155
sec_contact_sym_mig	Round_1_Replicate_3	-71950.5	143911.0	2266810.99	1416.23	2.9153,3.9487,0.188,5.7988,2.9963
sec_contact_sym_mig	Round_1_Replicate_4	-17024.83	34059.66	41858.64	4661.81	0.6503,0.4944,0.3165,4.4568,2.6428
sec_contact_sym_mig	Round_1_Replicate_5	-172481.33	344972.66	704414613.27	5579.62	0.3932,2.0792,3.069,0.4509,4.7416
sec_contact_sym_mig	Round_1_Replicate_6	-203860.34	407730.68	6028400709.24	1648.32	2.4388,5.5606,1.0769,4.0856,0.6721
sec_contact_sym_mig	Round_1_Replicate_7	-73278.08	146566.16	2224552.22	8534.09	0.2796,0.2515,2.4556,2.5774,0.5354
sec_contact_sym_mig	Round_1_Replicate_8	-25967.05	51944.1	82372.73	3804.93	0.9563,1.79,0.1145,1.0514,1.4799
sec_contact_sym_mig	Round_1_Replicate_9	-342365.35	684740.7	17477880645425.99	1225.34	6.879,2.0123,4.4465,6.4184,0.2421
sec_contact_sym_mig	Round_1_Replicate_10	-101435.93	202881.86	7352743.1	4900.95	0.2374,0.7329,2.4597,8.2075,1.0402
sec_contact_sym_mig	Round_2_Replicate_1	-37166.42	74342.84	101466.75	3721.97	0.2131,1.0442,0.5767,7.0149,0.864
sec_contact_sym_mig	Round_2_Replicate_2	-43849.56	87709.12	462439.78	4625.0	1.2435,0.2573,0.4677,7.565,9.4378
sec_contact_sym_mig	Round_2_Replicate_3	-23548.04	47106.08	62415.9	2787.75	0.9539,1.7289,0.1529,2.7472,6.2913
sec_contact_sym_mig	Round_2_Replicate_4	-12587.29	25184.58	22344.77	3090.17	0.6293,1.5278,0.0856,4.7017,1.9545
sec_contact_sym_mig	Round_2_Replicate_5	-9043.87	18097.74	17131.68	5537.46	0.6484,0.3993,0.2074,1.2067,3.6013
sec_contact_sym_mig	Round_2_Replicate_6	-6313.64	12637.28	11289.88	6500.35	0.2822,0.2394,0.2959,10.9695,3.8888
sec_contact_sym_mig	Round_2_Replicate_7	-117936.3	235882.6	56256090.36	3116.13	2.217,0.2916,1.1629,16.1869,4.4372
sec_contact_sym_mig	Round_2_Replicate_8	-4832.66	9675.32	9985.4	8468.98	0.2915,0.192,0.2192,1.2182,4.9846
sec_contact_sym_mig	Round_2_Replicate_9	-16902.23	33814.46	32022.88	1516.77	0.7718,1.8674,0.1331,17.5631,2.0345
sec_contact_sym_mig	Round_2_Replicate_10	-38880.72	77771.44	259747.27	9203.2	0.3916,0.3674,0.8722,2.6665,4.4666
sec_contact_sym_mig	Round_3_Replicate_1	-4895.44	9800.88	8949.75	7364.89	0.3364,0.2319,0.2237,2.3025,2.2946
sec_contact_sym_mig	Round_3_Replicate_2	-9110.53	18231.06	14591.15	7599.04	0.3348,0.3832,0.2905,1.7932,5.9052
sec_contact_sym_mig	Round_3_Replicate_3	-6627.04	13264.08	12612.62	18141.28	0.1913,0.0815,0.6599,1.2219,5.6707
sec_contact_sym_mig	Round_3_Replicate_4	-11660.16	23330.32	19497.72	6240.76	0.3723,0.5613,0.2503,0.3475,12.1191
sec_contact_sym_mig	Round_3_Replicate_5	-12344.49	24698.98	28049.44	6709.78	0.2134,0.485,0.1396,1.837,2.6439
sec_contact_sym_mig	Round_4_Replicate_1	-4523.83	9057.66	9623.91	10948.39	0.2541,0.1283,0.2948,0.7452,3.1354
sec_contact_sym_mig	Round_4_Replicate_2	-4511.95	9033.9	9460.34	8933.26	0.3342,0.1627,0.2346,0.8026,2.9844
sec_contact_sym_mig	Round_4_Replicate_3	-4555.26	9120.52	9080.42	7206.48	0.383,0.2071,0.2035,1.7623,6.7989
sec_contact_sym_mig	Round_4_Replicate_4	-4536.08	9082.16	9606.92	6648.86	0.4115,0.2143,0.1788,2.1339,3.8713
sec_contact_sym_mig	Round_4_Replicate_5	-4507.74	9025.48	9776.0	7342.05	0.3897,0.1902,0.1918,1.5976,3.1451
