Model	Replicate	log-likelihood	AIC	chi-squared	theta	optimized_params(nu1, nu2, m, T)
sym_mig	Round_1_Replicate_1	-194713.47	389434.94	3488210809.18	6597.22	0.7001,0.887,3.2728,0.5106
sym_mig	Round_1_Replicate_2	-204408.17	408824.34	5670121288.72	1809.51	2.0412,4.6855,0.9851,6.0541
sym_mig	Round_1_Replicate_3	-144496.36	289000.72	274804544.83	5221.05	2.2609,0.2495,1.999,0.4993
sym_mig	Round_1_Replicate_4	-138638.95	277285.9	105261179.7	3889.79	2.3032,3.5613,0.1144,0.5419
sym_mig	Round_1_Replicate_5	-61273.81	122555.62	1506989.07	3188.5	2.6195,0.6731,0.2866,1.9292
sym_mig	Round_1_Replicate_6	-70809.54	141627.08	2718309.07	10732.49	0.4413,0.1159,2.1458,0.237
sym_mig	Round_1_Replicate_7	-237835.58	475679.16	44672628156.51	2581.24	4.4732,0.9454,2.2038,2.1501
sym_mig	Round_1_Replicate_8	-59468.71	118945.42	1308882.42	7727.75	0.9867,0.1205,0.8855,0.2443
sym_mig	Round_1_Replicate_9	-183409.31	366826.62	1224587463.72	4729.3	0.3683,6.6139,3.1334,3.6091
sym_mig	Round_1_Replicate_10	-47706.33	95420.66	523679.04	3558.82	3.0041,0.1432,0.2509,1.4867
sym_mig	Round_2_Replicate_1	-40787.62	81583.24	318213.8	2466.95	4.9486,0.0816,0.08,2.0509
sym_mig	Round_2_Replicate_2	-53396.88	106801.76	840274.86	7148.01	1.1874,0.0844,0.7155,0.397
sym_mig	Round_2_Replicate_3	-72925.92	145859.84	2731397.75	3942.4	2.8216,0.0816,0.6451,1.7619
sym_mig	Round_2_Replicate_4	-31980.45	63968.9	193222.53	6349.74	0.8671,0.2557,0.4597,2.4165
sym_mig	Round_2_Replicate_5	-34336.91	68681.82	295818.47	3592.82	2.8233,0.0468,0.0633,1.5647
sym_mig	Round_2_Replicate_6	-45598.63	91205.26	407370.37	5380.63	2.2895,0.0775,0.2626,0.396
sym_mig	Round_2_Replicate_7	-23633.22	47274.44	98516.81	6968.27	0.9934,0.122,0.2595,0.8959
sym_mig	Round_2_Replicate_8	-44855.65	89719.3	414794.14	2624.38	3.9798,0.0903,0.158,2.7315
sym_mig	Round_2_Replicate_9	-40696.82	81401.64	334130.8	3700.4	2.4086,0.1168,0.2362,2.2126
sym_mig	Round_2_Replicate_10	-40588.51	81185.02	357547.78	4667.55	1.7546,0.1956,0.3159,1.5082
sym_mig	Round_3_Replicate_1	-28278.76	56565.52	152243.34	5744.77	1.3012,0.0692,0.2443,1.4855
sym_mig	Round_3_Replicate_2	-5292.82	10593.64	13175.08	10836.37	0.3562,0.1513,0.1792,1.1492
sym_mig	Round_3_Replicate_3	-19073.37	38154.74	65580.03	6433.24	1.0826,0.2436,0.0324,0.7106
sym_mig	Round_3_Replicate_4	-4583.27	9174.54	9960.91	11332.42	0.2657,0.1163,0.3095,3.8937
sym_mig	Round_3_Replicate_5	-8464.47	16936.94	21793.21	12257.25	0.2445,0.2441,0.0929,0.71
sym_mig	Round_4_Replicate_1	-4505.65	9019.3	9691.18	8499.09	0.3325,0.1697,0.2186,5.4031
sym_mig	Round_4_Replicate_2	-4514.55	9037.1	9135.75	9727.64	0.2943,0.1611,0.2535,4.0668
sym_mig	Round_4_Replicate_3	-4597.65	9203.3	9417.23	9316.28	0.3215,0.1508,0.2627,5.4883
sym_mig	Round_4_Replicate_4	-4593.82	9195.64	8918.56	14784.87	0.1903,0.1022,0.4284,5.1039
sym_mig	Round_4_Replicate_5	-4539.71	9087.42	9518.85	14506.66	0.1911,0.0955,0.4052,6.3022
Model	Replicate	log-likelihood	AIC	chi-squared	theta	optimized_params(nu1, nu2, m, T)
sym_mig	Round_1_Replicate_1	-4955.45	9918.9	10699.39	8953.16	0.3969,0.1631,0.2226,2.6618
sym_mig	Round_1_Replicate_2	-354408.08	708824.16	24933186178249.49	2363.27	3.322,2.2932,5.4257,1.9687
sym_mig	Round_1_Replicate_3	-156566.23	313140.46	307151087.68	10167.05	0.2578,0.619,4.9203,0.5058
sym_mig	Round_1_Replicate_4	-70995.01	141998.02	2679856.18	11017.2	0.4373,0.1962,1.8562,0.8221
sym_mig	Round_1_Replicate_5	-82810.76	165629.52	2421216.12	5915.63	0.4085,6.9618,0.5072,0.5122
sym_mig	Round_1_Replicate_6	-67554.26	135116.52	1527765.29	2500.83	1.7148,3.5821,0.19,3.0728
sym_mig	Round_1_Replicate_7	-68204.77	136417.54	1548587.81	7330.96	0.569,0.9929,0.3519,0.3474
sym_mig	Round_1_Replicate_8	-98092.49	196192.98	9818473.68	5734.38	0.9763,1.8169,0.2438,0.3964
sym_mig	Round_1_Replicate_9	-180268.08	360544.16	1557215512.14	4026.27	1.6985,1.9791,1.0834,0.7717
sym_mig	Round_1_Replicate_10	-109245.23	218498.46	9799623.06	6284.47	0.1815,4.7629,1.9724,3.7196
sym_mig	Round_2_Replicate_1	-6965.92	13939.84	15507.02	5221.79	0.8163,0.494,0.066,2.6818
sym_mig	Round_2_Replicate_2	-7108.96	14225.92	21144.03	13895.65	0.2146,0.1404,0.133,0.7846
sym_mig	Round_2_Replicate_3	-5629.65	11267.3	10705.5	21872.42	0.148,0.0628,0.7587,1.5121
sym_mig	Round_2_Replicate_4	-10536.47	21080.94	23571.38	9710.1	0.3438,0.3997,0.0856,0.7903
sym_mig	Round_2_Replicate_5	-37258.09	74524.18	289193.23	8103.27	0.7385,0.1782,0.6305,0.8691
sym_mig	Round_2_Replicate_6	-6783.01	13574.02	14791.5	7832.94	0.5472,0.294,0.1173,1.4671
sym_mig	Round_2_Replicate_7	-11252.06	22512.12	45680.09	6955.05	0.3063,0.0807,0.121,7.8765
sym_mig	Round_2_Replicate_8	-14848.93	29705.86	43444.05	7726.51	0.6434,0.1542,0.3393,2.3922
sym_mig	Round_2_Replicate_9	-6308.92	12625.84	15914.36	8073.78	0.5514,0.186,0.1437,1.6822
sym_mig	Round_2_Replicate_10	-8194.33	16396.66	22311.73	12572.81	0.3146,0.0622,0.4394,4.808
sym_mig	Round_3_Replicate_1	-23126.94	46261.88	64516.39	11325.7	0.2531,0.3708,0.6611,1.0025
sym_mig	Round_3_Replicate_2	-9250.42	18508.84	17993.15	6644.4	0.5589,0.5651,0.1002,1.7535
sym_mig	Round_3_Replicate_3	-11418.7	22845.4	29323.72	5968.03	0.949,0.3061,0.1043,1.5537
sym_mig	Round_3_Replicate_4	-6571.77	13151.54	21201.75	13427.44	0.246,0.0496,0.376,13.2196
sym_mig	Round_3_Replicate_5	-19640.27	39288.54	66583.59	11346.57	0.4038,0.1321,0.6745,4.3417
sym_mig	Round_4_Replicate_1	-5157.87	10323.74	11862.61	6506.8	0.5738,0.302,0.103,2.7588
sym_mig	Round_4_Replicate_2	-4613.45	9234.9	10429.11	11036.25	0.2876,0.155,0.2152,1.7257
sym_mig	Round_4_Replicate_3	-4552.75	9113.5	9166.76	9675.02	0.3203,0.1729,0.2345,2.8031
sym_mig	Round_4_Replicate_4	-4524.68	9057.36	9970.93	8573.04	0.3737,0.1858,0.1875,2.965
sym_mig	Round_4_Replicate_5	-4585.08	9178.16	9956.09	8356.62	0.395,0.2011,0.1764,2.765
Model	Replicate	log-likelihood	AIC	chi-squared	theta	optimized_params(nu1, nu2, m, T)
sym_mig	Round_1_Replicate_1	-219547.61	439103.22	13773112213.95	3875.79	2.0915,2.9177,1.1523,0.5787
sym_mig	Round_1_Replicate_2	-92152.68	184313.36	10144923.24	5931.12	3.0213,0.1211,1.0124,0.1509
sym_mig	Round_1_Replicate_3	-189202.65	378413.3	2251189969.45	4568.23	2.8644,1.6625,0.5095,0.2866
sym_mig	Round_1_Replicate_4	-49195.71	98399.42	600197.84	4847.3	1.4631,0.6831,0.2484,0.8987
sym_mig	Round_1_Replicate_5	-145593.86	291195.72	296227324.37	7140.24	1.3265,0.1448,3.3808,0.4662
sym_mig	Round_1_Replicate_6	-48580.99	97169.98	614112.94	4800.14	1.9796,0.1827,0.3631,0.9351
sym_mig	Round_1_Replicate_7	-79111.32	158230.64	4674667.46	3334.19	2.6959,0.1567,0.6398,8.1145
sym_mig	Round_1_Replicate_8	-151924.22	303856.44	422351622.76	4277.35	2.9769,0.2244,2.1359,1.7645
sym_mig	Round_1_Replicate_9	-151791.95	303591.9	278870925.97	6133.9	0.619,0.8663,2.3156,1.8234
sym_mig	Round_1_Replicate_10	-213129.58	426267.16	8698404944.6	7399.01	0.5716,1.8119,3.0973,0.1478
sym_mig	Round_2_Replicate_1	-24468.21	48944.42	121985.44	4591.82	1.6827,0.087,0.135,1.9066
sym_mig	Round_2_Replicate_2	-22148.61	44305.22	82984.15	7537.36	0.8798,0.1594,0.2148,0.5924
sym_mig	Round_2_Replicate_3	-95572.88	191153.76	14412018.66	3935.66	2.4673,0.3818,0.7189,1.2671
sym_mig	Round_2_Replicate_4	-48786.81	97581.62	651858.23	9731.23	0.5755,0.1407,1.0891,0.6046
sym_mig	Round_2_Replicate_5	-76138.25	152284.5	3968533.92	3879.21	2.6582,0.459,0.4346,0.9543
sym_mig	Round_2_Replicate_6	-116614.3	233236.6	38382530.07	3741.21	4.7091,0.6259,0.4565,0.4424
sym_mig	Round_2_Replicate_7	-78121.81	156251.62	3399769.88	4164.49	2.6771,0.0476,0.8575,3.0794
sym_mig	Round_2_Replicate_8	-52925.61	105859.22	829591.1	10567.67	0.5809,0.0638,1.332,0.5123
sym_mig	Round_2_Replicate_9	-9984.52	19977.04	29349.73	9920.04	0.5027,0.1302,0.13,0.68
sym_mig	Round_2_Replicate_10	-79204.82	158417.64	4480693.97	5156.27	2.8074,0.2006,0.5907,0.2964
sym_mig	Round_3_Replicate_1	-31561.41	63130.82	173104.06	6708.0	1.202,0.099,0.2763,0.5807
sym_mig	Round_3_Replicate_2	-27551.99	55111.98	131214.85	6441.92	0.9509,0.3493,0.2698,0.9023
sym_mig	Round_3_Replicate_3	-16303.32	32614.64	51325.33	6037.06	1.1111,0.2687,0.0473,0.9717
sym_mig	Round_3_Replicate_4	-28084.39	56176.78	126417.73	6166.99	1.4471,0.1553,0.0117,0.435
sym_mig	Round_3_Replicate_5	-5101.03	10210.06	10129.07	10526.94	0.2738,0.2103,0.2043,1.8471
sym_mig	Round_4_Replicate_1	-6042.71	12093.42	19153.4	10250.42	0.3135,0.0729,0.2632,4.8484
sym_mig	Round_4_Replicate_2	-4680.22	9368.44	9574.6	6248.53	0.5081,0.3052,0.1288,4.0609
sym_mig	Round_4_Replicate_3	-5574.68	11157.36	13691.86	8720.35	0.4697,0.1959,0.1404,1.5765
sym_mig	Round_4_Replicate_4	-4517.66	9043.32	10047.31	10903.7	0.2616,0.1272,0.2758,3.684
sym_mig	Round_4_Replicate_5	-5358.8	10725.6	12051.16	9671.6	0.3469,0.2319,0.1408,1.5268
