Model	Replicate	log-likelihood	AIC	chi-squared	theta	optimized_params
no_mig	Round_4_Replicate_2	-10775.41	21556.82	38369.2	15758.32	0.1651,0.1024,0.2183	
no_mig	Round_4_Replicate_3	-10973.45	21952.9	40639.95	14591.99	0.2022,0.119,0.26	
no_mig	Round_4_Replicate_4	-10992.35	21990.7	39120.49	14763.82	0.1895,0.1257,0.2512	
no_mig	Round_2_Replicate_4	-11264.31	22534.62	45743.56	14948.91	0.1898,0.1276,0.2837	
no_mig	Round_4_Replicate_1	-11345.31	22696.62	43504.77	13454.77	0.239,0.1498,0.3164	
sec_contact_sym_mig	Round_4_Replicate_5	-4507.74	9025.48	9776.0	7342.05	0.3897,0.1902,0.1918,1.5976,3.1451	
sec_contact_sym_mig	Round_4_Replicate_2	-4511.95	9033.9	9460.34	8933.26	0.3342,0.1627,0.2346,0.8026,2.9844	
sec_contact_sym_mig	Round_4_Replicate_1	-4523.83	9057.66	9623.91	10948.39	0.2541,0.1283,0.2948,0.7452,3.1354	
sec_contact_sym_mig	Round_4_Replicate_4	-4536.08	9082.16	9606.92	6648.86	0.4115,0.2143,0.1788,2.1339,3.8713	
sec_contact_sym_mig	Round_4_Replicate_2	-4548.42	9106.84	9268.42	25332.99	0.1085,0.0567,0.7172,0.0345,3.52	
sym_mig	Round_4_Replicate_1	-4505.65	9019.3	9691.18	8499.09	0.3325,0.1697,0.2186,5.4031	
sym_mig	Round_4_Replicate_2	-4514.55	9037.1	9135.75	9727.64	0.2943,0.1611,0.2535,4.0668	
sym_mig	Round_4_Replicate_4	-4517.66	9043.32	10047.31	10903.7	0.2616,0.1272,0.2758,3.684	
sym_mig	Round_4_Replicate_4	-4524.68	9057.36	9970.93	8573.04	0.3737,0.1858,0.1875,2.965	
sym_mig	Round_4_Replicate_5	-4539.71	9087.42	9518.85	14506.66	0.1911,0.0955,0.4052,6.3022	
