Model	Replicate	log-likelihood	AIC	chi-squared	theta	optimized_params(nu1, nu2, m, T)
sym_mig	Round_1_Replicate_1	-446737.11	893482.22	18733266502.56	7909.43	4.7,0.135,3.2754,0.1224
sym_mig	Round_1_Replicate_2	-183739.76	367487.52	8338125.47	4843.68	2.0624,0.6234,0.3504,2.9364
sym_mig	Round_1_Replicate_3	-574116.84	1148241.68	2110656657521.42	6602.42	1.0328,1.2026,3.7098,1.6579
sym_mig	Round_1_Replicate_4	-372765.7	745539.4	2777171141.01	6042.36	2.4749,0.3803,1.3661,0.8878
sym_mig	Round_1_Replicate_5	-753502.67	1507013.34	435698452069418.06	4016.14	1.5845,8.1137,3.0478,1.3027
sym_mig	Round_1_Replicate_6	-171748.23	343504.46	11927267.61	12281.56	0.3134,2.0214,0.4047,0.192
sym_mig	Round_1_Replicate_7	-31937.75	63883.5	78677.72	25052.9	0.1592,0.1619,0.5817,0.6188
sym_mig	Round_1_Replicate_8	-341731.6	683471.2	2096996902.85	6486.37	1.5983,4.9969,0.2195,0.4059
sym_mig	Round_1_Replicate_9	-912137.96	1824283.92	3.893050596332861e+16	3702.8	6.0639,4.0128,3.4585,0.5412
sym_mig	Round_1_Replicate_10	-23201.35	46410.7	54603.08	6567.79	0.1558,1.9881,0.1537,5.5366
sym_mig	Round_2_Replicate_1	-62528.17	125064.34	355219.08	7070.24	0.1547,2.3298,0.3902,6.8563
sym_mig	Round_2_Replicate_2	-7256.17	14520.34	14939.94	11902.21	0.0823,0.5286,0.1934,17.1069
sym_mig	Round_2_Replicate_3	-8915.27	17838.54	20143.49	15105.13	0.0839,0.5842,0.1423,1.8694
sym_mig	Round_2_Replicate_4	-55110.35	110228.7	245451.19	8875.78	0.0693,1.8783,0.4587,20.4283
sym_mig	Round_2_Replicate_5	-19228.76	38465.52	49849.44	6459.51	0.1124,2.2791,0.0416,3.8718
sym_mig	Round_2_Replicate_6	-7982.58	15973.16	17537.19	7268.31	0.2125,0.9051,0.0875,7.3185
sym_mig	Round_2_Replicate_7	-8926.57	17861.14	20453.19	2908.99	0.6295,2.642,0.0302,15.2508
sym_mig	Round_2_Replicate_8	-53658.55	107325.1	200481.1	6349.03	0.0586,4.5128,0.1941,2.7615
sym_mig	Round_2_Replicate_9	-25182.78	50373.56	80017.57	3505.18	0.0745,3.4315,0.0799,18.1148
sym_mig	Round_2_Replicate_10	-16903.86	33815.72	41896.55	4350.01	0.1203,2.8689,0.0577,8.7177
sym_mig	Round_3_Replicate_1	-7576.12	15160.24	15275.0	7291.68	0.1285,0.9535,0.1265,23.4837
sym_mig	Round_3_Replicate_2	-17786.59	35581.18	42473.47	7646.33	0.0642,1.365,0.1796,13.0106
sym_mig	Round_3_Replicate_3	-28861.17	57730.34	77061.83	18746.23	0.0447,0.1126,0.1976,28.6588
sym_mig	Round_3_Replicate_4	-7199.23	14406.46	14494.02	19095.35	0.0582,0.3198,0.3123,12.1609
sym_mig	Round_3_Replicate_5	-8322.61	16653.22	17618.29	7360.28	0.207,0.7348,0.1062,11.8906
sym_mig	Round_4_Replicate_1	-7224.5	14457.0	14577.3	12891.96	0.0813,0.5017,0.211,9.3316
sym_mig	Round_4_Replicate_2	-7213.47	14434.94	14733.11	25615.15	0.0409,0.2416,0.411,4.3371
sym_mig	Round_4_Replicate_3	-7191.65	14391.3	14486.57	16841.31	0.0649,0.3658,0.2763,15.2595
sym_mig	Round_4_Replicate_4	-7192.7	14393.4	14518.92	20203.19	0.0537,0.3046,0.3307,13.2004
sym_mig	Round_4_Replicate_5	-7376.79	14761.58	14844.85	24695.41	0.0395,0.2717,0.4224,12.6298
Model	Replicate	log-likelihood	AIC	chi-squared	theta	optimized_params(nu1, nu2, m, T)
sym_mig	Round_1_Replicate_1	-543848.68	1087705.36	1032642700174.35	2505.28	2.5281,5.9725,1.0002,4.1939
sym_mig	Round_1_Replicate_2	-386944.45	773896.9	3016279516.38	5667.98	2.9297,0.2005,1.7939,4.9508
sym_mig	Round_1_Replicate_3	-91110.23	182228.46	642999.29	17266.06	0.3005,0.2946,0.916,0.9071
sym_mig	Round_1_Replicate_4	-121943.89	243895.78	2831672.4	8718.51	0.2971,2.3745,0.6512,1.3969
sym_mig	Round_1_Replicate_5	-213849.04	427706.08	53418944.4	8847.45	0.1768,5.8429,1.9978,5.7503
sym_mig	Round_1_Replicate_6	-155234.57	310477.14	8535044.04	6386.69	0.2029,5.9258,0.9914,6.4035
sym_mig	Round_1_Replicate_7	-191909.32	383826.64	8395175.45	7128.12	1.3503,0.2677,0.5919,3.282
sym_mig	Round_1_Replicate_8	-58013.54	116035.08	253218.54	25550.71	0.1327,0.2992,1.1425,2.4321
sym_mig	Round_1_Replicate_9	-199617.46	399242.92	19869577.2	3173.5	3.6319,1.9161,0.1783,2.386
sym_mig	Round_1_Replicate_10	-245051.27	490110.54	35965360.55	6265.27	1.9121,0.2101,0.7288,2.5588
sym_mig	Round_2_Replicate_1	-52078.53	104165.06	173262.73	18615.43	0.2397,0.2714,0.6515,5.6557
sym_mig	Round_2_Replicate_2	-23599.4	47206.8	53335.97	18154.18	0.1875,0.2952,0.3871,2.1574
sym_mig	Round_2_Replicate_3	-227099.45	454206.9	59924766.37	19827.42	0.2344,0.4056,2.9814,5.8373
sym_mig	Round_2_Replicate_4	-14394.78	28797.56	28239.85	72348.7	0.0258,0.1023,1.6855,9.8893
sym_mig	Round_2_Replicate_5	-31480.58	62969.16	79840.79	29790.96	0.0842,0.2202,1.0966,0.6546
sym_mig	Round_2_Replicate_6	-89183.29	178374.58	593949.3	49409.5	0.1036,0.0989,2.6385,1.2504
sym_mig	Round_2_Replicate_7	-56932.75	113873.5	285151.52	40409.26	0.0468,0.2935,2.0314,3.4497
sym_mig	Round_2_Replicate_8	-105833.82	211675.64	1650952.82	29040.81	0.0323,0.9209,2.988,9.3389
sym_mig	Round_2_Replicate_9	-157545.1	315098.2	4018418.19	36135.29	0.1985,0.0939,2.8313,2.8359
sym_mig	Round_2_Replicate_10	-30383.76	60775.52	76422.91	16971.33	0.2523,0.2696,0.3324,1.6122
sym_mig	Round_3_Replicate_1	-8377.65	16763.3	15650.62	80804.81	0.0152,0.0885,1.5443,10.6528
sym_mig	Round_3_Replicate_2	-8611.59	17231.18	18445.81	39110.79	0.0291,0.1258,0.5627,20.4812
sym_mig	Round_3_Replicate_3	-7883.37	15774.74	16555.24	82608.93	0.014,0.0639,1.2399,5.2444
sym_mig	Round_3_Replicate_4	-10508.55	21025.1	21695.52	51163.18	0.0146,0.1651,1.0319,7.6727
sym_mig	Round_3_Replicate_5	-20900.74	41809.48	46746.89	42691.78	0.0226,0.2475,1.2201,21.293
sym_mig	Round_4_Replicate_1	-7190.78	14389.56	14417.19	80156.61	0.0136,0.0777,1.328,3.0147
sym_mig	Round_4_Replicate_2	-7231.55	14471.1	14727.13	40075.83	0.025,0.1587,0.6611,8.8172
sym_mig	Round_4_Replicate_3	-7355.43	14718.86	15190.25	81995.69	0.0132,0.0704,1.286,2.969
sym_mig	Round_4_Replicate_4	-7194.09	14396.18	14475.61	82790.74	0.0128,0.0759,1.3731,2.7832
sym_mig	Round_4_Replicate_5	-7382.95	14773.9	15478.31	41645.41	0.0235,0.1427,0.6516,7.1599
Model	Replicate	log-likelihood	AIC	chi-squared	theta	optimized_params(nu1, nu2, m, T)
sym_mig	Round_1_Replicate_1	-206280.74	412569.48	29086306.79	10820.89	0.7625,0.6517,0.1989,0.1927
sym_mig	Round_1_Replicate_2	-644936.94	1289881.88	14576377107083.36	2468.82	5.1465,2.3781,1.5695,3.0689
sym_mig	Round_1_Replicate_3	-332134.08	664276.16	991266509.93	7107.45	3.8801,0.5691,0.1175,0.1558
sym_mig	Round_1_Replicate_4	-990397.57	1980803.14	3.2708882734076205e+17	4330.01	4.8237,7.9792,4.0506,0.3674
sym_mig	Round_1_Replicate_5	-192650.14	385308.28	22529414.01	11363.92	0.4158,2.4547,0.1706,0.1977
sym_mig	Round_1_Replicate_6	-512412.67	1024833.34	305057431318.0	11457.86	0.6062,0.5289,5.4259,0.293
sym_mig	Round_1_Replicate_7	-84260.87	168529.74	808589.21	15295.11	0.1241,0.9121,1.0523,4.1664
sym_mig	Round_1_Replicate_8	-162889.97	325787.94	10821865.08	11973.12	0.2046,1.5913,1.4367,0.9543
sym_mig	Round_1_Replicate_9	-504976.5	1009961.0	299135029744.11	2616.42	5.3273,5.4359,0.4713,1.5372
sym_mig	Round_1_Replicate_10	-542071.79	1084151.58	915153714357.13	10973.07	0.3234,8.0875,6.255,0.1936
sym_mig	Round_2_Replicate_1	-85309.04	170626.08	765913.0	28780.69	0.0231,0.8351,2.3693,6.1095
sym_mig	Round_2_Replicate_2	-173913.36	347834.72	10048583.26	21030.66	0.2337,0.3007,2.3242,1.3158
sym_mig	Round_2_Replicate_3	-135598.49	271204.98	4456850.07	9027.14	0.2722,2.7162,0.7708,1.1302
sym_mig	Round_2_Replicate_4	-254614.02	509236.04	175393047.03	16070.92	0.1922,0.924,3.2744,11.391
sym_mig	Round_2_Replicate_5	-7198.13	14404.26	14415.0	18136.03	0.061,0.3469,0.2984,7.2888
sym_mig	Round_2_Replicate_6	-101016.02	202040.04	1156125.74	15366.02	0.0262,3.018,1.8263,1.7216
sym_mig	Round_2_Replicate_7	-10556.62	21121.24	20319.32	16018.53	0.0704,0.5529,0.3004,2.9406
sym_mig	Round_2_Replicate_8	-16378.95	32765.9	33382.0	10898.91	0.2374,0.518,0.2322,12.8037
sym_mig	Round_2_Replicate_9	-27059.85	54127.7	66488.17	35081.37	0.0689,0.2251,1.0564,7.0996
sym_mig	Round_2_Replicate_10	-141219.73	282447.46	5564751.68	9910.36	0.1554,2.435,1.2584,6.7736
sym_mig	Round_3_Replicate_1	-32214.79	64437.58	92347.53	12480.24	0.0947,0.9895,0.4239,3.6016
sym_mig	Round_3_Replicate_2	-22545.76	45099.52	52365.35	35275.39	0.0363,0.2878,1.0533,4.1551
sym_mig	Round_3_Replicate_3	-8371.06	16750.12	18702.71	27753.33	0.029,0.2023,0.4057,9.8578
sym_mig	Round_3_Replicate_4	-23280.11	46568.22	54829.58	8345.3	0.1339,1.294,0.2483,10.1242
sym_mig	Round_3_Replicate_5	-9220.41	18448.82	19501.28	7255.15	0.1276,1.2535,0.0962,6.3955
sym_mig	Round_4_Replicate_1	-7198.64	14405.28	14438.26	12219.98	0.0914,0.5098,0.2001,11.7127
sym_mig	Round_4_Replicate_2	-7191.2	14390.4	14449.06	15357.76	0.0714,0.4031,0.2528,14.4296
sym_mig	Round_4_Replicate_3	-7672.09	15352.18	16175.88	11087.55	0.1248,0.6531,0.1426,4.3033
sym_mig	Round_4_Replicate_4	-7249.19	14506.38	14657.88	15008.67	0.0763,0.3958,0.2423,15.9407
sym_mig	Round_4_Replicate_5	-7206.24	14420.48	14676.6	18515.94	0.056,0.3355,0.301,9.4195
