Model	Replicate	log-likelihood	AIC	chi-squared	theta	optimized_params(nu1, nu2, T)
no_mig	Round_1_Replicate_1	-98569.29	197144.58	89749120021.13	3375.79	2.5784,0.3019,6.262
no_mig	Round_1_Replicate_2	-36704.97	73415.94	543666.49	2960.89	1.8555,2.5408,6.9355
no_mig	Round_1_Replicate_3	-34780.03	69566.06	8890599178.91	3904.14	0.347,3.5444,6.2964
no_mig	Round_1_Replicate_4	-39694.58	79395.16	2072082.87	4921.26	0.9658,1.0936,5.1976
no_mig	Round_1_Replicate_5	-145521.72	291049.44	2229538.13	3659.42	6.7237,0.1827,0.8674
no_mig	Round_1_Replicate_6	-149293.95	298593.9	2228092.35	4163.91	6.0625,0.4868,0.6014
no_mig	Round_1_Replicate_7	-69499.26	139004.52	418268.17	12379.31	0.1312,8.3968,0.2312
no_mig	Round_1_Replicate_8	-110574.67	221155.34	1541764.74	7695.71	0.7968,2.6314,0.6274
no_mig	Round_1_Replicate_9	-38905.0	77816.0	132164.15	18460.34	0.1347,0.431,0.1993
no_mig	Round_1_Replicate_10	-139757.71	279521.42	4162630.55	11855.69	0.2661,7.0486,0.187
no_mig	Round_2_Replicate_1	-42654.49	85314.98	311307.13	6454.04	0.4485,3.149,1.7762
no_mig	Round_2_Replicate_2	-40405.05	80816.1	750820.36	4329.16	1.3409,1.2985,4.9745
no_mig	Round_2_Replicate_3	-50446.61	100899.22	2.5826084146898987e+28	2758.98	0.1034,5.0217,10.6244
no_mig	Round_2_Replicate_4	-41864.7	83735.4	28503345.53	5176.62	0.7311,0.9693,5.7891
no_mig	Round_2_Replicate_5	-41800.89	83607.78	6.037227716580384e+20	3304.32	0.205,3.8022,8.9097
no_mig	Round_2_Replicate_6	-36335.02	72676.04	142185661357728.84	1284.61	0.897,9.2195,24.1587
no_mig	Round_2_Replicate_7	-36276.07	72558.14	586238.12	2647.58	1.3277,5.2477,7.0747
no_mig	Round_2_Replicate_8	-56739.55	113485.1	9.751349309741624e+27	5321.92	0.1403,1.0025,7.7477
no_mig	Round_2_Replicate_9	-53108.84	106223.68	1.88173610471861e+28	4865.88	0.0804,1.5879,7.8139
no_mig	Round_2_Replicate_10	-48253.77	96513.54	2.539487133927613e+27	3897.91	0.1149,3.9907,6.4764
no_mig	Round_3_Replicate_1	-40333.38	80672.76	3.6433234958373724e+18	3323.68	0.2301,3.7231,8.8537
no_mig	Round_3_Replicate_2	-28987.49	57980.98	7328069.73	7736.68	0.2766,1.3968,2.8861
no_mig	Round_3_Replicate_3	-30482.24	60970.48	1303791.63	3876.61	0.9282,2.407,6.0631
no_mig	Round_3_Replicate_4	-31099.54	62205.08	245250588.33	4360.82	0.4458,2.5108,6.0637
no_mig	Round_3_Replicate_5	-34764.65	69535.3	1402767137754.22	2342.95	0.5601,4.9493,12.727
no_mig	Round_4_Replicate_1	-28083.5	56173.0	621722.43	7611.85	0.3785,1.4664,2.5037
no_mig	Round_4_Replicate_2	-27656.45	55318.9	605365.37	8304.29	0.3337,1.3491,2.2399
no_mig	Round_4_Replicate_3	-19170.09	38346.18	67747.1	22902.72	0.1161,0.2352,0.2542
no_mig	Round_4_Replicate_4	-26019.28	52044.56	379923.15	10832.84	0.2365,1.0575,1.4641
no_mig	Round_4_Replicate_5	-28793.03	57592.06	1221118.12	6195.65	0.4732,1.7021,3.4651
Model	Replicate	log-likelihood	AIC	chi-squared	theta	optimized_params(nu1, nu2, T)
no_mig	Round_1_Replicate_1	-115548.08	231102.16	1718563.36	12036.23	0.5111,0.6823,0.2552
no_mig	Round_1_Replicate_2	-27894.1	55794.2	569683.45	17535.72	0.1527,0.3897,0.9738
no_mig	Round_1_Replicate_3	-101466.43	202938.86	1076975.13	13904.47	0.3693,0.4985,0.2024
no_mig	Round_1_Replicate_4	-58761.31	117528.62	1060123.43	4057.74	2.0055,0.8334,4.3739
no_mig	Round_1_Replicate_5	-88351.81	176709.62	759481.84	7766.98	0.7066,2.5333,0.7195
no_mig	Round_1_Replicate_6	-81512.2	163030.4	451664.35	7494.03	1.5027,0.3724,0.8184
no_mig	Round_1_Replicate_7	-60633.18	121272.36	274076.82	17924.11	0.179,0.3251,0.1578
no_mig	Round_1_Replicate_8	-27993.2	55992.4	2540765.11	11361.82	0.2055,0.7998,1.8254
no_mig	Round_1_Replicate_9	-78264.06	156534.12	565881.13	3615.15	1.7252,4.8509,2.5116
no_mig	Round_1_Replicate_10	-93258.56	186523.12	894070.65	12145.89	0.4014,0.9827,0.3003
no_mig	Round_2_Replicate_1	-17373.74	34753.48	80559.35	24064.22	0.1063,0.2239,0.2891
no_mig	Round_2_Replicate_2	-43625.46	87256.92	4759569959014.93	15637.75	0.0709,0.4161,1.7208
no_mig	Round_2_Replicate_3	-16701.15	33408.3	130513.12	26470.45	0.0685,0.2145,0.2832
no_mig	Round_2_Replicate_4	-15454.45	30914.9	86773.9	26575.82	0.0628,0.2019,0.2138
no_mig	Round_2_Replicate_5	-22455.08	44916.16	219840.47	14963.88	0.1886,0.6238,0.8701
no_mig	Round_2_Replicate_6	-20223.25	40452.5	175672.29	17873.13	0.1329,0.5064,0.5987
no_mig	Round_2_Replicate_7	-49955.15	99916.3	213478.1	10647.82	0.4525,1.0943,0.6445
no_mig	Round_2_Replicate_8	-29238.02	58482.04	313988.72	11646.95	0.1676,1.2893,1.0219
no_mig	Round_2_Replicate_9	-70781.22	141568.44	3.635882777004615e+21	13200.56	0.0782,0.2223,2.8279
no_mig	Round_2_Replicate_10	-26211.96	52429.92	679859.74	12633.42	0.2071,0.7083,1.4495
no_mig	Round_3_Replicate_1	-15767.31	31540.62	69805.33	25706.26	0.0747,0.2034,0.2119
no_mig	Round_3_Replicate_2	-21687.29	43380.58	438719.91	26106.98	0.0389,0.2675,0.3129
no_mig	Round_3_Replicate_3	-16409.39	32824.78	103060.73	24062.8	0.0837,0.264,0.2999
no_mig	Round_3_Replicate_4	-18917.29	37840.58	111674.53	26528.47	0.0385,0.2086,0.1511
no_mig	Round_3_Replicate_5	-16944.83	33895.66	121459.81	23391.86	0.0852,0.2907,0.3354
no_mig	Round_4_Replicate_1	-15010.65	30027.3	78810.45	28070.53	0.0567,0.167,0.1836
no_mig	Round_4_Replicate_2	-16660.14	33326.28	116778.35	24072.69	0.0826,0.2684,0.3177
no_mig	Round_4_Replicate_3	-14741.26	29488.52	68477.45	29868.19	0.05,0.1295,0.1486
no_mig	Round_4_Replicate_4	-17142.37	34290.74	106256.71	22360.78	0.0971,0.3134,0.3454
no_mig	Round_4_Replicate_5	-15225.01	30456.02	78607.42	27033.46	0.0648,0.1852,0.2051
Model	Replicate	log-likelihood	AIC	chi-squared	theta	optimized_params(nu1, nu2, T)
no_mig	Round_1_Replicate_1	-391917.17	783840.34	9062262623.11	7868.33	1.6432,2.729,0.2088
no_mig	Round_1_Replicate_2	-119695.49	239396.98	1511996.95	4327.69	3.0802,1.3916,1.1558
no_mig	Round_1_Replicate_3	-76576.13	153158.26	531607.95	13744.72	0.2302,1.1453,0.238
no_mig	Round_1_Replicate_4	-18640.47	37286.94	113432.22	20036.73	0.113,0.4099,0.4073
no_mig	Round_1_Replicate_5	-402395.1	804796.2	10664559765.83	6752.94	3.3287,1.362,0.1964
no_mig	Round_1_Replicate_6	-59819.93	119645.86	8.861463398548927e+18	6884.4	0.1833,0.5684,5.9157
no_mig	Round_1_Replicate_7	-124023.31	248052.62	2505780.34	11056.97	0.326,4.239,0.2536
no_mig	Round_1_Replicate_8	-155440.31	310886.62	2118628.16	4981.44	6.356,0.1923,0.3659
no_mig	Round_1_Replicate_9	-200695.29	401396.58	17854805.94	8657.13	1.6248,0.4644,0.2045
no_mig	Round_1_Replicate_10	-22560.0	45126.0	115493.97	16732.72	0.2161,0.4439,0.5959
no_mig	Round_2_Replicate_1	-15109.62	30225.24	74162.78	28685.17	0.047,0.1524,0.15
no_mig	Round_2_Replicate_2	-21683.36	43372.72	67552.99	22353.57	0.1186,0.2381,0.2257
no_mig	Round_2_Replicate_3	-22799.93	45605.86	316101.83	17088.84	0.1407,0.4941,0.836
no_mig	Round_2_Replicate_4	-40189.61	80385.22	177410.31	15833.34	0.0778,1.2373,0.2469
no_mig	Round_2_Replicate_5	-17222.99	34451.98	102036.32	22590.94	0.1061,0.2886,0.3535
no_mig	Round_2_Replicate_6	-32850.3	65706.6	130450.35	18442.37	0.2604,0.2348,0.424
no_mig	Round_2_Replicate_7	-42786.2	85578.4	170607.59	16166.27	0.3608,0.2355,0.4489
no_mig	Round_2_Replicate_8	-19608.36	39222.72	89976.55	21438.62	0.1441,0.2736,0.3725
no_mig	Round_2_Replicate_9	-25461.12	50928.24	129090.89	17674.97	0.0988,0.6587,0.36
no_mig	Round_2_Replicate_10	-52127.64	104261.28	213582.2	13072.66	0.3844,0.6277,0.4216
no_mig	Round_3_Replicate_1	-24863.33	49732.66	328354.12	22272.23	0.0405,0.4162,0.3069
no_mig	Round_3_Replicate_2	-27080.96	54167.92	2090883.3	20593.37	0.0417,0.5097,0.4261
no_mig	Round_3_Replicate_3	-18042.2	36090.4	159758.99	30663.94	0.0321,0.1489,0.1651
no_mig	Round_3_Replicate_4	-14920.05	29846.1	66487.93	33336.98	0.03,0.0807,0.0906
no_mig	Round_3_Replicate_5	-15616.22	31238.44	92553.73	33231.78	0.0332,0.0977,0.1206
no_mig	Round_4_Replicate_1	-14702.71	29411.42	64297.7	31347.86	0.0424,0.1054,0.122
no_mig	Round_4_Replicate_2	-14792.89	29591.78	63774.12	32762.85	0.0327,0.0858,0.0958
no_mig	Round_4_Replicate_3	-14706.25	29418.5	61284.95	31649.85	0.0381,0.0978,0.1077
no_mig	Round_4_Replicate_4	-15060.96	30127.92	61647.95	33587.33	0.0269,0.0717,0.0774
no_mig	Round_4_Replicate_5	-14661.47	29328.94	66254.43	31326.09	0.0399,0.1069,0.119
