Model	Replicate	log-likelihood	AIC	chi-squared	theta	optimized_params(nu1, nu2, m, T1, T2)
sec_contact_sym_mig	Round_1_Replicate_1	-227991.62	455993.24	23627447.05	7650.13	1.0637,0.2158,0.9858,2.715,1.5218
sec_contact_sym_mig	Round_1_Replicate_2	-254270.33	508550.66	190230437.06	13647.85	0.1336,1.3993,4.0889,0.8003,0.5178
sec_contact_sym_mig	Round_1_Replicate_3	-761036.01	1522082.02	304472579209209.0	3409.34	5.172,0.6517,6.1672,4.2968,2.1975
sec_contact_sym_mig	Round_1_Replicate_4	-716037.65	1432085.3	134809531492117.6	2503.99	7.4625,4.6065,1.2069,0.4985,0.731
sec_contact_sym_mig	Round_1_Replicate_5	-465489.4	930988.8	42216534230.15	3889.58	4.6718,0.4472,1.6235,0.6491,1.6069
sec_contact_sym_mig	Round_1_Replicate_6	-639141.09	1278292.18	12139209435322.93	5088.04	1.5947,1.0638,4.0101,1.9181,0.5078
sec_contact_sym_mig	Round_1_Replicate_7	-205710.87	411431.74	17106461.4	10593.86	0.8035,0.2992,1.0494,0.2594,0.725
sec_contact_sym_mig	Round_1_Replicate_8	-627341.5	1254693.0	9727191992107.07	2567.97	1.5946,3.5808,2.4814,7.6084,1.7286
sec_contact_sym_mig	Round_1_Replicate_9	-32960.54	65931.08	114430.38	14645.7	0.3424,0.2126,0.1423,1.1916,0.122
sec_contact_sym_mig	Round_1_Replicate_10	-82711.65	165433.3	492676.68	6478.38	1.3291,0.8117,0.1232,0.5886,0.9593
sec_contact_sym_mig	Round_2_Replicate_1	-43023.74	86057.48	193564.49	23327.6	0.0869,0.1001,0.0733,0.9785,0.0729
sec_contact_sym_mig	Round_2_Replicate_2	-49694.3	99398.6	173210.52	21900.03	0.2216,0.0751,0.4461,0.5022,0.3877
sec_contact_sym_mig	Round_2_Replicate_3	-66943.19	133896.38	452375.22	11179.65	0.5826,0.1032,0.0833,1.8354,0.0325
sec_contact_sym_mig	Round_2_Replicate_4	-82804.82	165619.64	525147.93	7168.38	1.2692,0.1485,0.0978,1.9058,0.278
sec_contact_sym_mig	Round_2_Replicate_5	-94824.83	189659.66	629778.41	11749.22	0.7846,0.1115,0.1937,0.3922,0.2893
sec_contact_sym_mig	Round_2_Replicate_6	-26478.38	52966.76	80758.5	19589.3	0.2314,0.2176,0.1624,0.4348,0.0962
sec_contact_sym_mig	Round_2_Replicate_7	-34103.71	68217.42	142687.64	7600.36	0.6629,0.4549,0.1272,3.3361,0.0516
sec_contact_sym_mig	Round_2_Replicate_8	-47786.27	95582.54	165767.88	10327.72	0.5262,0.7035,0.254,0.9178,0.2541
sec_contact_sym_mig	Round_2_Replicate_9	-29323.01	58656.02	119110.48	15102.05	0.2112,0.2322,0.1623,1.6606,0.0336
sec_contact_sym_mig	Round_2_Replicate_10	-16486.07	32982.14	37513.45	13554.31	0.2271,0.5467,0.2658,1.2096,0.1735
sec_contact_sym_mig	Round_3_Replicate_1	-124340.28	248690.56	1715747.5	8888.53	0.8706,0.5975,0.6518,0.8214,0.1515
sec_contact_sym_mig	Round_3_Replicate_2	-20156.37	40322.74	50677.86	12317.01	0.1012,1.214,0.0722,0.4735,0.6797
sec_contact_sym_mig	Round_3_Replicate_3	-12029.11	24068.22	24965.94	11217.86	0.2028,0.7022,0.1839,1.6112,0.6377
sec_contact_sym_mig	Round_3_Replicate_4	-9348.08	18706.16	22891.47	21418.62	0.081,0.3486,0.1704,0.384,0.343
sec_contact_sym_mig	Round_3_Replicate_5	-17283.26	34576.52	33562.4	25653.03	0.0753,0.2428,0.7682,0.5474,0.6747
sec_contact_sym_mig	Round_4_Replicate_1	-11629.76	23269.52	31133.27	16436.3	0.097,0.5653,0.0824,0.5896,0.4983
sec_contact_sym_mig	Round_4_Replicate_2	-8541.68	17093.36	16712.46	25964.61	0.05,0.2731,0.4205,0.2447,0.2724
sec_contact_sym_mig	Round_4_Replicate_3	-7100.15	14210.3	14422.7	20903.01	0.0587,0.3404,0.3269,0.7367,0.2549
sec_contact_sym_mig	Round_4_Replicate_4	-8606.72	17223.44	18755.91	21186.6	0.0673,0.3812,0.2572,0.5137,0.1907
sec_contact_sym_mig	Round_4_Replicate_5	-8910.58	17831.16	20093.57	24407.9	0.0356,0.3188,0.2828,0.3535,0.3032
Model	Replicate	log-likelihood	AIC	chi-squared	theta	optimized_params(nu1, nu2, m, T1, T2)
sec_contact_sym_mig	Round_1_Replicate_1	-750626.31	1501262.62	389086786754876.94	1825.95	3.5893,6.1533,1.932,0.3511,6.474
sec_contact_sym_mig	Round_1_Replicate_2	-685401.05	1370812.1	44182920201359.83	2937.56	5.2146,1.7094,2.2882,0.5092,1.6148
sec_contact_sym_mig	Round_1_Replicate_3	-271527.78	543065.56	215836630.69	14858.7	0.2648,0.4049,3.5791,4.2233,1.4792
sec_contact_sym_mig	Round_1_Replicate_4	-240916.58	481843.16	69721972.74	2886.86	5.0756,2.4119,0.3361,1.5083,0.1842
sec_contact_sym_mig	Round_1_Replicate_5	-406186.37	812382.74	16235682320.91	5348.03	0.7788,3.472,1.6796,0.1628,2.404
sec_contact_sym_mig	Round_1_Replicate_6	-228966.61	457943.22	91118845.48	4231.82	0.2133,7.8652,1.8178,5.6231,1.1591
sec_contact_sym_mig	Round_1_Replicate_7	-155979.65	311969.3	6070386.22	1519.95	3.7153,5.1747,0.1202,7.375,7.9281
sec_contact_sym_mig	Round_1_Replicate_8	-121931.27	243872.54	2401576.32	16577.49	0.1564,0.5505,2.3242,0.614,0.1656
sec_contact_sym_mig	Round_1_Replicate_9	-677774.06	1355558.12	23337989165865.05	4043.91	7.3214,0.3495,6.1258,1.2049,0.3838
sec_contact_sym_mig	Round_1_Replicate_10	-288298.95	576607.9	378526458.83	3485.9	3.8784,3.6368,0.1616,0.346,0.8246
sec_contact_sym_mig	Round_2_Replicate_1	-46371.69	92753.38	158955.36	15628.39	0.0366,1.3391,1.136,0.3233,0.065
sec_contact_sym_mig	Round_2_Replicate_2	-372828.23	745666.46	3423910944.42	9971.72	0.458,0.7249,5.569,1.4052,0.0774
sec_contact_sym_mig	Round_2_Replicate_3	-41881.47	83772.94	140935.69	10720.46	0.053,1.5606,1.2972,1.4813,0.1114
sec_contact_sym_mig	Round_2_Replicate_4	-233495.45	467000.9	33993926.8	19699.84	0.3533,0.115,2.9215,0.4961,0.501
sec_contact_sym_mig	Round_2_Replicate_5	-74650.03	149310.06	285170.78	14646.88	0.3593,0.2173,1.1597,1.1307,0.0835
sec_contact_sym_mig	Round_2_Replicate_6	-191438.1	382886.2	11675211.45	10599.8	0.578,0.363,1.4134,1.3149,0.3398
sec_contact_sym_mig	Round_2_Replicate_7	-35674.35	71358.7	74948.61	22927.52	0.0931,0.189,1.5731,0.7849,0.1249
sec_contact_sym_mig	Round_2_Replicate_8	-6990.79	13991.58	13346.67	29152.12	0.0289,0.194,0.7701,0.4649,0.1526
sec_contact_sym_mig	Round_2_Replicate_9	-142919.02	285848.04	6378913.11	18688.18	0.05,0.7734,4.5123,0.4184,0.1346
sec_contact_sym_mig	Round_2_Replicate_10	-112781.1	225572.2	1501638.67	9275.36	0.3131,1.4193,2.2862,1.3445,0.0453
sec_contact_sym_mig	Round_3_Replicate_1	-7104.13	14218.26	14890.71	15075.42	0.0454,0.4502,0.4884,1.8331,0.1314
sec_contact_sym_mig	Round_3_Replicate_2	-26370.76	52751.52	64730.94	27283.68	0.0245,0.3203,1.3618,0.2371,0.2222
sec_contact_sym_mig	Round_3_Replicate_3	-8535.96	17081.92	16793.56	32336.86	0.0212,0.1627,1.4266,0.2833,0.0399
sec_contact_sym_mig	Round_3_Replicate_4	-14631.27	29272.54	25014.24	17684.32	0.0544,0.476,1.2623,1.1237,0.0545
sec_contact_sym_mig	Round_3_Replicate_5	-21147.73	42305.46	45846.2	35340.39	0.0238,0.213,1.5378,0.2178,0.3546
sec_contact_sym_mig	Round_4_Replicate_1	-7241.24	14492.48	14319.7	32142.85	0.0251,0.1707,0.7985,0.324,0.1763
sec_contact_sym_mig	Round_4_Replicate_2	-7341.83	14693.66	14239.15	32672.94	0.0306,0.1566,0.6916,0.2762,0.1818
sec_contact_sym_mig	Round_4_Replicate_3	-6990.86	13991.72	14408.82	22242.74	0.0404,0.2974,0.4519,0.8242,0.1392
sec_contact_sym_mig	Round_4_Replicate_4	-8841.2	17692.4	23164.6	31116.61	0.0148,0.1852,0.9272,0.4797,0.1918
sec_contact_sym_mig	Round_4_Replicate_5	-7603.18	15216.36	16080.98	26520.88	0.0249,0.247,0.9607,0.5654,0.0587
Model	Replicate	log-likelihood	AIC	chi-squared	theta	optimized_params(nu1, nu2, m, T1, T2)
sec_contact_sym_mig	Round_1_Replicate_1	-178939.39	357888.78	3917520.43	2516.5	4.5131,0.1595,0.1214,0.8153,8.1308
sec_contact_sym_mig	Round_1_Replicate_2	-190656.91	381323.82	4992674.91	2828.96	5.7262,0.149,0.1672,2.2547,0.5467
sec_contact_sym_mig	Round_1_Replicate_3	-17176.13	34362.26	37965.54	15790.16	0.1788,0.2663,0.2831,0.2867,6.7947
sec_contact_sym_mig	Round_1_Replicate_4	-800273.46	1600556.92	1488570474075522.0	3351.36	1.8434,2.6662,5.0701,0.2359,4.348
sec_contact_sym_mig	Round_1_Replicate_5	-79868.89	159747.78	536707.05	3438.62	1.651,3.1328,0.163,3.7378,0.4686
sec_contact_sym_mig	Round_1_Replicate_6	-280776.85	561563.7	363719535.16	4600.0	0.8831,2.7497,0.8978,0.3015,5.1126
sec_contact_sym_mig	Round_1_Replicate_7	-235001.1	470012.2	102188466.28	11581.23	0.1439,4.6746,2.9045,4.3273,6.8727
sec_contact_sym_mig	Round_1_Replicate_8	-40695.52	81401.04	87249.19	9100.97	0.1995,0.1957,0.7269,5.0443,0.4778
sec_contact_sym_mig	Round_1_Replicate_9	-188554.73	377119.46	11622380.89	16381.34	0.3592,0.2394,1.9602,0.4076,0.4166
sec_contact_sym_mig	Round_1_Replicate_10	-439149.07	878308.14	44436732344.02	4934.06	0.5977,3.3655,2.5471,3.0409,0.9945
sec_contact_sym_mig	Round_2_Replicate_1	-54616.05	109242.1	217472.09	9270.08	0.0898,0.0992,0.0874,1.0277,22.0169
sec_contact_sym_mig	Round_2_Replicate_2	-14962.8	29935.6	30831.72	10461.58	0.0862,1.0294,0.2103,0.6271,3.3048
sec_contact_sym_mig	Round_2_Replicate_3	-25815.24	51640.48	63418.76	13707.37	0.0591,0.852,0.4283,0.1846,6.8437
sec_contact_sym_mig	Round_2_Replicate_4	-45681.72	91373.44	178048.38	17872.05	0.0926,0.6548,0.7836,0.2087,9.9688
sec_contact_sym_mig	Round_2_Replicate_5	-110491.28	220992.56	1286217.08	15334.71	0.3295,0.3845,0.9984,0.7988,20.8062
sec_contact_sym_mig	Round_2_Replicate_6	-7483.72	14977.44	14947.28	19969.58	0.0655,0.2895,0.3271,0.2143,16.6936
sec_contact_sym_mig	Round_2_Replicate_7	-56640.15	113290.3	189638.88	9625.23	0.5762,0.3102,0.2722,0.4069,5.9198
sec_contact_sym_mig	Round_2_Replicate_8	-15320.12	30650.24	35696.06	17869.32	0.1308,0.2038,0.2754,0.3204,11.6552
sec_contact_sym_mig	Round_2_Replicate_9	-18471.83	36953.66	52301.47	15530.63	0.1659,0.2402,0.131,0.1482,2.4083
sec_contact_sym_mig	Round_2_Replicate_10	-8239.06	16488.12	16831.86	11139.88	0.083,0.7094,0.178,0.4663,5.0983
sec_contact_sym_mig	Round_3_Replicate_1	-7267.29	14544.58	15008.7	11245.54	0.0864,0.5568,0.1823,0.109,26.0766
sec_contact_sym_mig	Round_3_Replicate_2	-10154.35	20318.7	18933.29	60348.83	0.0263,0.1161,1.2313,0.2554,28.311
sec_contact_sym_mig	Round_3_Replicate_3	-7880.39	15770.78	17218.48	9847.16	0.0785,0.6874,0.1627,0.2833,28.1042
sec_contact_sym_mig	Round_3_Replicate_4	-24277.6	48565.2	61444.06	23332.47	0.0233,0.1212,0.2515,0.3842,20.5018
sec_contact_sym_mig	Round_3_Replicate_5	-8543.17	17096.34	19648.01	10008.36	0.0726,0.5853,0.1478,0.0604,22.934
sec_contact_sym_mig	Round_4_Replicate_1	-7190.71	14391.42	14503.05	12952.87	0.0828,0.48,0.2129,0.072,17.6239
sec_contact_sym_mig	Round_4_Replicate_2	-7279.97	14569.94	15088.38	14072.24	0.0703,0.4335,0.2247,0.1052,29.2069
sec_contact_sym_mig	Round_4_Replicate_3	-7677.54	15365.08	16497.1	13022.51	0.063,0.5133,0.2126,0.1331,11.4052
sec_contact_sym_mig	Round_4_Replicate_4	-7189.65	14389.3	14443.45	14713.99	0.0739,0.4228,0.2429,0.144,26.3822
sec_contact_sym_mig	Round_4_Replicate_5	-7211.54	14433.08	14662.38	12278.37	0.0847,0.5164,0.1989,0.6316,9.6436
