Model	Replicate	log-likelihood	AIC	chi-squared	theta	optimized_params
no_mig	Round_4_Replicate_5	-14661.47	29328.94	66254.43	31326.09	0.0399,0.1069,0.119	
no_mig	Round_4_Replicate_1	-14702.71	29411.42	64297.7	31347.86	0.0424,0.1054,0.122	
no_mig	Round_4_Replicate_3	-14706.25	29418.5	61284.95	31649.85	0.0381,0.0978,0.1077	
no_mig	Round_4_Replicate_3	-14741.26	29488.52	68477.45	29868.19	0.05,0.1295,0.1486	
no_mig	Round_4_Replicate_2	-14792.89	29591.78	63774.12	32762.85	0.0327,0.0858,0.0958	
sec_contact_sym_mig	Round_2_Replicate_8	-6990.79	13991.58	13346.67	29152.12	0.0289,0.194,0.7701,0.4649,0.1526	
sec_contact_sym_mig	Round_4_Replicate_3	-6990.86	13991.72	14408.82	22242.74	0.0404,0.2974,0.4519,0.8242,0.1392	
sec_contact_sym_mig	Round_4_Replicate_3	-7100.15	14210.3	14422.7	20903.01	0.0587,0.3404,0.3269,0.7367,0.2549	
sec_contact_sym_mig	Round_3_Replicate_1	-7104.13	14218.26	14890.71	15075.42	0.0454,0.4502,0.4884,1.8331,0.1314	
sec_contact_sym_mig	Round_4_Replicate_4	-7189.65	14389.3	14443.45	14713.99	0.0739,0.4228,0.2429,0.144,26.3822	
sym_mig	Round_4_Replicate_1	-7190.78	14389.56	14417.19	80156.61	0.0136,0.0777,1.328,3.0147	
sym_mig	Round_4_Replicate_2	-7191.2	14390.4	14449.06	15357.76	0.0714,0.4031,0.2528,14.4296	
sym_mig	Round_4_Replicate_3	-7191.65	14391.3	14486.57	16841.31	0.0649,0.3658,0.2763,15.2595	
sym_mig	Round_4_Replicate_4	-7192.7	14393.4	14518.92	20203.19	0.0537,0.3046,0.3307,13.2004	
sym_mig	Round_4_Replicate_4	-7194.09	14396.18	14475.61	82790.74	0.0128,0.0759,1.3731,2.7832	
