Model	Replicate	log-likelihood	AIC	chi-squared	theta	optimized_params(nu1, nu2, m, T1, T2)
sec_contact_sym_mig	Round_1_Replicate_1	-129789.44	259588.88	186412151597.71	1389.83	0.2375,4.2015,2.8606,2.0657,0.2724
sec_contact_sym_mig	Round_1_Replicate_2	-91233.54	182477.08	2236994507.25	2794.77	0.8336,0.6837,1.4902,0.1807,0.1643
sec_contact_sym_mig	Round_1_Replicate_3	-87624.53	175259.06	1491167599.72	1879.43	1.437,1.0731,0.8042,0.2868,0.5461
sec_contact_sym_mig	Round_1_Replicate_4	-137599.13	275208.26	637547938023.86	1466.29	0.6799,3.1901,1.5797,0.2445,1.6873
sec_contact_sym_mig	Round_1_Replicate_5	-183455.61	366921.22	181402801211919.16	1097.49	1.4539,5.2192,2.1468,1.0066,0.1703
sec_contact_sym_mig	Round_1_Replicate_6	-120033.8	240077.6	78935483369.4	1161.49	1.6759,1.673,0.9504,0.5707,3.7921
sec_contact_sym_mig	Round_1_Replicate_7	-37358.74	74727.48	1693378.5	2830.26	0.5177,0.4257,0.8912,2.0526,0.9561
sec_contact_sym_mig	Round_1_Replicate_8	-33162.73	66335.46	733410.36	1025.74	5.7569,0.5871,0.1661,1.1709,0.2233
sec_contact_sym_mig	Round_1_Replicate_9	-65236.29	130482.58	66108725.7	3453.18	0.2217,0.9054,1.6549,0.4171,4.9678
sec_contact_sym_mig	Round_1_Replicate_10	-233562.65	467135.3	7.306736405279298e+16	1373.01	1.157,6.9751,2.1883,0.1194,0.474
sec_contact_sym_mig	Round_2_Replicate_1	-21529.83	43069.66	187514.71	1922.52	1.4662,0.4649,0.5058,1.7488,0.1036
sec_contact_sym_mig	Round_2_Replicate_2	-53616.91	107243.82	10826593.8	516.45	12.4276,1.1755,0.2473,2.8004,0.3127
sec_contact_sym_mig	Round_2_Replicate_3	-33251.81	66513.62	365263.5	1109.05	10.9554,0.2354,0.0379,0.413,0.2157
sec_contact_sym_mig	Round_2_Replicate_4	-87904.86	175819.72	1066509802.63	1055.04	8.5554,1.7321,0.0445,0.4352,0.1312
sec_contact_sym_mig	Round_2_Replicate_5	-19408.59	38827.18	77700.83	1435.46	3.3149,0.1535,0.0511,1.3347,0.2222
sec_contact_sym_mig	Round_2_Replicate_6	-59667.52	119345.04	35079282.54	727.46	7.6555,1.7376,0.3713,1.6806,0.1451
sec_contact_sym_mig	Round_2_Replicate_7	-31617.49	63244.98	219608.31	502.44	13.6682,0.1561,0.1088,3.5348,0.1689
sec_contact_sym_mig	Round_2_Replicate_8	-71780.99	143571.98	182774238.39	736.95	3.5354,2.2837,0.6247,4.4787,0.2585
sec_contact_sym_mig	Round_2_Replicate_9	-11250.67	22511.34	30648.38	1734.22	1.4591,0.232,0.4504,3.5434,0.0464
sec_contact_sym_mig	Round_2_Replicate_10	-21164.76	42339.52	132064.94	2046.65	2.3017,0.2726,0.0331,0.341,0.2523
sec_contact_sym_mig	Round_3_Replicate_1	-3955.6	7921.2	975980.64	1545.24	1.194,0.5857,0.3757,4.6797,0.0173
sec_contact_sym_mig	Round_3_Replicate_2	-6159.02	12328.04	257531.0	1750.08	1.3006,0.4293,0.71,3.3947,0.0106
sec_contact_sym_mig	Round_3_Replicate_3	-5471.77	10953.54	182916.53	1742.01	0.9181,0.2874,0.3657,5.3425,0.027
sec_contact_sym_mig	Round_3_Replicate_4	-18324.04	36658.08	107942.74	1568.88	2.2896,0.0891,1.1071,2.5963,0.0103
sec_contact_sym_mig	Round_3_Replicate_5	-17339.77	34689.54	94449.94	1850.5	1.7609,0.2707,1.7,1.9353,0.0108
sec_contact_sym_mig	Round_4_Replicate_1	-3944.57	7899.14	79627.44	1352.48	1.3576,0.8893,0.5519,4.7938,0.0111
sec_contact_sym_mig	Round_4_Replicate_2	-3174.79	6359.58	5925836.3	1294.22	1.3191,0.7013,0.2133,6.1874,0.0148
sec_contact_sym_mig	Round_4_Replicate_3	-4228.53	8467.06	25360961.64	1196.27	1.1701,0.4922,0.1039,8.6436,0.0251
sec_contact_sym_mig	Round_4_Replicate_4	-3142.99	6295.98	11097145.63	1240.43	1.348,0.7181,0.158,6.6501,0.018
sec_contact_sym_mig	Round_4_Replicate_5	-3278.48	6566.96	31702.43	2315.58	0.6297,0.6176,0.722,2.6552,0.0101
Model	Replicate	log-likelihood	AIC	chi-squared	theta	optimized_params(nu1, nu2, m, T1, T2)
sec_contact_sym_mig	Round_1_Replicate_1	-47110.7	94231.4	8358792.84	1005.13	2.4984,1.9206,0.2038,0.8266,2.1566
sec_contact_sym_mig	Round_1_Replicate_2	-291034.33	582078.66	8.150569973313623e+19	436.92	6.6089,4.7824,1.2349,1.1412,5.5892
sec_contact_sym_mig	Round_1_Replicate_3	-15828.46	31666.92	93448.98	1842.81	0.8034,1.0093,0.2392,2.2087,0.6126
sec_contact_sym_mig	Round_1_Replicate_4	-143395.53	286801.06	1270682364346.84	905.11	0.966,5.5509,1.1251,2.3384,1.102
sec_contact_sym_mig	Round_1_Replicate_5	-50458.3	100926.6	11236743.36	1314.34	0.8514,2.452,0.3882,1.6165,1.256
sec_contact_sym_mig	Round_1_Replicate_6	-51886.91	103783.82	8648610.14	1011.59	0.3925,4.4204,0.3729,0.1181,6.755
sec_contact_sym_mig	Round_1_Replicate_7	-203479.46	406968.92	1834825230201896.2	1019.13	0.8859,4.0464,2.3881,3.3633,2.3827
sec_contact_sym_mig	Round_1_Replicate_8	-50903.43	101816.86	8991234.22	1694.99	0.329,2.1123,0.6067,0.1192,5.4364
sec_contact_sym_mig	Round_1_Replicate_9	-109962.5	219935.0	18169908538.02	4612.7	0.7633,0.1473,4.188,0.9935,7.3706
sec_contact_sym_mig	Round_1_Replicate_10	-368686.55	737383.1	8.407901155529385e+24	628.92	3.3937,7.2018,5.1137,1.2525,1.5666
sec_contact_sym_mig	Round_2_Replicate_1	-21142.78	42295.56	129142.85	2332.22	0.2085,1.1997,0.6248,2.2045,0.1766
sec_contact_sym_mig	Round_2_Replicate_2	-25204.4	50418.8	275663.28	1772.52	1.6047,0.3681,0.254,0.8185,2.2394
sec_contact_sym_mig	Round_2_Replicate_3	-24137.21	48284.42	243983.67	2520.42	0.2432,1.3969,0.3869,0.8239,0.4118
sec_contact_sym_mig	Round_2_Replicate_4	-14780.58	29571.16	52376.78	1670.53	0.232,2.8696,0.064,1.4361,0.1938
sec_contact_sym_mig	Round_2_Replicate_5	-52525.42	105060.84	13155935.56	1073.1	0.8871,2.9506,0.4995,3.6786,0.5201
sec_contact_sym_mig	Round_2_Replicate_6	-24413.06	48836.12	314263.97	1972.22	0.7899,0.7011,0.3656,2.2433,2.0217
sec_contact_sym_mig	Round_2_Replicate_7	-9414.14	18838.28	24999.94	5024.1	0.1935,0.3035,0.5118,0.6924,1.4301
sec_contact_sym_mig	Round_2_Replicate_8	-46028.69	92067.38	6012029.1	1136.69	1.6158,1.6104,0.8091,4.0343,0.1427
sec_contact_sym_mig	Round_2_Replicate_9	-86914.21	173838.42	1268900339.11	1497.64	1.3321,1.2607,0.7962,0.8583,1.9805
sec_contact_sym_mig	Round_2_Replicate_10	-3663.92	7337.84	5316.55	1824.47	0.9467,0.4264,0.0659,3.1613,1.3056
sec_contact_sym_mig	Round_3_Replicate_1	-13353.85	26717.7	69209.39	1701.43	1.0224,1.1924,0.1271,1.5856,0.6933
sec_contact_sym_mig	Round_3_Replicate_2	-8181.85	16373.7	20110.58	2021.04	1.4128,0.391,0.0276,0.9461,0.8579
sec_contact_sym_mig	Round_3_Replicate_3	-6328.31	12666.62	17740.31	658.56	2.6724,0.447,0.0315,15.495,0.4898
sec_contact_sym_mig	Round_3_Replicate_4	-2648.61	5307.22	3957.06	2608.13	0.37,0.3245,0.048,0.7648,3.735
sec_contact_sym_mig	Round_3_Replicate_5	-3541.4	7092.8	6635.07	2138.78	0.5581,0.2886,0.0346,3.9705,0.8307
sec_contact_sym_mig	Round_4_Replicate_1	-2118.18	4246.36	2338.27	3504.76	0.2907,0.2732,0.0977,0.412,2.7172
sec_contact_sym_mig	Round_4_Replicate_2	-1912.66	3835.32	1945.69	1955.11	0.6046,0.5742,0.0482,0.8069,4.3942
sec_contact_sym_mig	Round_4_Replicate_3	-1836.3	3682.6	2063.7	1771.98	0.6458,0.6553,0.0347,1.2693,4.3453
sec_contact_sym_mig	Round_4_Replicate_4	-1981.87	3973.74	2129.15	2029.93	0.498,0.525,0.0517,1.0315,4.6974
sec_contact_sym_mig	Round_4_Replicate_5	-2060.07	4130.14	2373.76	2145.52	0.48,0.4585,0.0508,1.3422,4.0257
Model	Replicate	log-likelihood	AIC	chi-squared	theta	optimized_params(nu1, nu2, m, T1, T2)
sec_contact_sym_mig	Round_1_Replicate_1	-54606.3	109222.6	9476888.83	1289.9	3.1776,0.2111,0.4755,0.1904,4.6437
sec_contact_sym_mig	Round_1_Replicate_2	-232911.26	465832.52	6.561660049345006e+16	2199.98	0.6982,0.8913,5.8609,2.4387,3.9653
sec_contact_sym_mig	Round_1_Replicate_3	-234739.61	469489.22	7.108313809838222e+16	1426.53	5.4376,0.4211,4.8604,0.3692,3.3325
sec_contact_sym_mig	Round_1_Replicate_4	-173789.11	347588.22	45145960789679.8	2601.93	0.2113,3.5895,5.8853,0.1361,8.3062
sec_contact_sym_mig	Round_1_Replicate_5	-205351.94	410713.88	2287758251345884.0	1842.13	1.7907,0.5121,4.1431,0.6655,7.3404
sec_contact_sym_mig	Round_1_Replicate_6	-72393.47	144796.94	168520475.37	1172.66	2.7717,0.718,0.5385,1.7251,1.9487
sec_contact_sym_mig	Round_1_Replicate_7	-23372.39	46754.78	317913.62	2915.79	0.5833,0.7803,0.1405,0.262,0.218
sec_contact_sym_mig	Round_1_Replicate_8	-49772.9	99555.8	10738259.11	887.3	1.6872,2.576,0.2605,2.8526,3.3295
sec_contact_sym_mig	Round_1_Replicate_9	-211472.37	422954.74	4629195661805949.0	1270.01	0.5805,5.4248,3.418,0.3458,4.9194
sec_contact_sym_mig	Round_1_Replicate_10	-179325.58	358661.16	105047507084646.05	807.64	1.9005,2.5985,1.3373,4.9555,4.2984
sec_contact_sym_mig	Round_2_Replicate_1	-23190.92	46391.84	284742.59	2637.8	0.4686,1.2667,0.0739,0.1042,0.4014
sec_contact_sym_mig	Round_2_Replicate_2	-47519.13	95048.26	7840571.32	2711.39	0.6363,1.1728,0.0538,0.209,0.0616
sec_contact_sym_mig	Round_2_Replicate_3	-23367.22	46744.44	240249.17	3250.74	0.846,0.2502,0.3698,0.0785,0.5458
sec_contact_sym_mig	Round_2_Replicate_4	-18323.26	36656.52	98325.78	2132.55	0.1635,2.559,0.0296,0.3246,0.5117
sec_contact_sym_mig	Round_2_Replicate_5	-13340.17	26690.34	54854.66	2210.09	0.2868,1.8881,0.0334,0.6669,0.3524
sec_contact_sym_mig	Round_2_Replicate_6	-28644.77	57299.54	524419.92	2022.68	0.4874,2.654,0.0805,0.4341,0.1225
sec_contact_sym_mig	Round_2_Replicate_7	-13094.48	26198.96	67765.98	2792.67	0.6346,0.7083,0.1883,0.694,0.0949
sec_contact_sym_mig	Round_2_Replicate_8	-32343.36	64696.72	823412.44	2806.68	1.1188,0.2731,0.4817,0.31,0.3512
sec_contact_sym_mig	Round_2_Replicate_9	-22108.7	44227.4	249741.21	1979.24	1.3029,0.6752,0.2265,0.9498,0.5104
sec_contact_sym_mig	Round_2_Replicate_10	-16540.88	33091.76	105177.02	3080.59	0.739,0.4102,0.2161,0.1291,0.6147
sec_contact_sym_mig	Round_3_Replicate_1	-12026.22	24062.44	52273.4	4041.56	0.3775,0.3983,0.2882,0.3689,0.0445
sec_contact_sym_mig	Round_3_Replicate_2	-8990.74	17991.48	27068.55	4080.32	0.4743,0.2803,0.0948,0.382,0.0571
sec_contact_sym_mig	Round_3_Replicate_3	-8809.64	17629.28	30607.6	2602.81	0.6018,0.8686,0.0758,0.9249,0.0276
sec_contact_sym_mig	Round_3_Replicate_4	-8142.69	16295.38	21620.38	3625.63	0.6197,0.2843,0.0969,0.5447,0.0436
sec_contact_sym_mig	Round_3_Replicate_5	-7017.22	14044.44	18984.69	2841.21	0.4472,0.8532,0.2193,0.9515,0.0165
sec_contact_sym_mig	Round_4_Replicate_1	-4702.14	9414.28	8519.83	4008.41	0.2185,0.567,0.3188,0.7855,0.0218
sec_contact_sym_mig	Round_4_Replicate_2	-5069.75	10149.5	9483.47	3145.1	0.7196,0.3166,0.1842,1.0535,0.0172
sec_contact_sym_mig	Round_4_Replicate_3	-2602.14	5214.28	6445.51	2767.24	0.4242,0.7045,0.1169,1.7563,0.0468
sec_contact_sym_mig	Round_4_Replicate_4	-3791.44	7592.88	7037.8	2671.09	0.7631,0.4596,0.2313,1.5307,0.0118
sec_contact_sym_mig	Round_4_Replicate_5	-7184.43	14378.86	20376.89	2889.84	0.7144,0.5134,0.0712,0.8764,0.0268
