Model	Replicate	log-likelihood	AIC	chi-squared	theta	optimized_params(nu1, nu2, T)
no_mig	Round_1_Replicate_1	-37720.43	75446.86	773880.69	1942.57	6.5098,0.1508,0.2152
no_mig	Round_1_Replicate_2	-15792.81	31591.62	109454.46	1121.53	2.7037,1.4367,2.1752
no_mig	Round_1_Replicate_3	-8055.44	16116.88	54455.72	2579.18	0.96,0.3249,1.5366
no_mig	Round_1_Replicate_4	-6259.4	12524.8	570828.72	1665.72	0.8609,0.8552,4.1784
no_mig	Round_1_Replicate_5	-10801.5	21609.0	3829457.23	1885.7	0.2885,1.5333,2.9028
no_mig	Round_1_Replicate_6	-97558.82	195123.64	4273748733.22	1027.69	4.2447,4.405,0.6967
no_mig	Round_1_Replicate_7	-7600.13	15206.26	60544.83	1714.63	0.6292,1.5426,2.5894
no_mig	Round_1_Replicate_8	-14886.85	29779.7	70121.9	3571.04	0.7292,0.2337,0.3543
no_mig	Round_1_Replicate_9	-28020.56	56047.12	551514.11	3716.19	0.3799,0.539,0.2193
no_mig	Round_1_Replicate_10	-21272.5	42551.0	2.1967288327836732e+16	639.4	5.1489,0.2416,7.9173
no_mig	Round_2_Replicate_1	-8550.68	17107.36	962300.07	2220.24	0.9967,0.3256,2.5962
no_mig	Round_2_Replicate_2	-7399.74	14805.48	1025569.3	2078.5	0.9079,0.4392,3.1339
no_mig	Round_2_Replicate_3	-8347.64	16701.28	2250877.62	928.69	0.9013,2.6533,7.1755
no_mig	Round_2_Replicate_4	-10162.09	20330.18	117725.17	1640.87	0.4389,1.9915,2.5743
no_mig	Round_2_Replicate_5	-9837.68	19681.36	116480229.8	1323.42	1.5256,0.4949,5.787
no_mig	Round_2_Replicate_6	-9255.17	18516.34	259545186.75	2095.45	0.6265,0.4204,4.2094
no_mig	Round_2_Replicate_7	-6769.38	13544.76	558091.25	813.49	2.3383,1.5116,8.2594
no_mig	Round_2_Replicate_8	-11991.04	23988.08	354516213.91	1186.53	2.0882,0.4024,5.6703
no_mig	Round_2_Replicate_9	-6178.33	12362.66	282663.45	2344.99	0.5092,0.7043,2.7378
no_mig	Round_2_Replicate_10	-13089.15	26184.3	426775302871.48	1475.09	0.2879,1.4712,5.8005
no_mig	Round_3_Replicate_1	-4593.8	9193.6	26953.69	4506.59	0.2925,0.3407,0.7666
no_mig	Round_3_Replicate_2	-6164.58	12335.16	80933.22	2068.57	0.9213,0.5856,2.6283
no_mig	Round_3_Replicate_3	-5821.91	11649.82	57363.47	1939.48	0.9149,0.7539,2.6959
no_mig	Round_3_Replicate_4	-5235.39	10476.78	26855.64	3378.27	0.4887,0.4537,1.0519
no_mig	Round_3_Replicate_5	-6275.96	12557.92	139351.99	1536.32	0.7956,1.3046,3.9043
no_mig	Round_4_Replicate_1	-4351.52	8709.04	22333.04	5214.71	0.2595,0.2501,0.5961
no_mig	Round_4_Replicate_2	-4530.35	9066.7	25647.18	4656.47	0.283,0.3223,0.7183
no_mig	Round_4_Replicate_3	-4233.6	8473.2	20926.3	5732.04	0.2212,0.218,0.5048
no_mig	Round_4_Replicate_4	-4954.59	9915.18	23631.26	4015.66	0.4072,0.3409,0.8156
no_mig	Round_4_Replicate_5	-5187.69	10381.38	43162.34	3142.05	0.4449,0.5286,1.4708
Model	Replicate	log-likelihood	AIC	chi-squared	theta	optimized_params(nu1, nu2, T)
no_mig	Round_1_Replicate_1	-16086.9	32179.8	208490.63	2015.53	0.1878,2.2109,1.3524
no_mig	Round_1_Replicate_2	-18668.51	37343.02	115415.17	4631.74	0.1187,0.5055,0.1582
no_mig	Round_1_Replicate_3	-81827.16	163660.32	605898497.17	998.5	3.3067,5.2854,0.8223
no_mig	Round_1_Replicate_4	-10725.6	21457.2	13150336.99	1025.54	0.5771,2.8151,6.0975
no_mig	Round_1_Replicate_5	-64838.32	129682.64	75229194.13	1605.39	1.9619,2.148,0.5062
no_mig	Round_1_Replicate_6	-7150.57	14307.14	230032.81	1254.23	1.701,0.8496,4.7578
no_mig	Round_1_Replicate_7	-16259.86	32525.72	76724.62	2041.68	1.9859,0.2897,0.8455
no_mig	Round_1_Replicate_8	-10883.27	21772.54	6319119221.55	2436.85	0.2746,0.5817,3.7578
no_mig	Round_1_Replicate_9	-14446.4	28898.8	85577.52	1921.94	0.4208,2.2242,1.0874
no_mig	Round_1_Replicate_10	-11509.12	23024.24	26424080816.07	2641.88	0.3637,0.3202,3.6894
no_mig	Round_2_Replicate_1	-6014.78	12035.56	237720.58	1609.84	0.8692,1.0027,4.0481
no_mig	Round_2_Replicate_2	-6007.82	12021.64	56671.61	1981.88	0.9571,0.6779,2.5816
no_mig	Round_2_Replicate_3	-15002.96	30011.92	140200696.66	1386.7	2.2379,0.2486,3.5762
no_mig	Round_2_Replicate_4	-5642.28	11290.56	53534.46	2059.59	0.7521,0.8267,2.5008
no_mig	Round_2_Replicate_5	-7783.1	15572.2	167453.68	1627.38	0.5532,1.5752,3.3205
no_mig	Round_2_Replicate_6	-12063.79	24133.58	10331096.13	975.75	2.9593,0.5371,5.6381
no_mig	Round_2_Replicate_7	-9660.84	19327.68	537732990.97	651.65	2.9003,1.1148,13.1718
no_mig	Round_2_Replicate_8	-23435.18	46876.36	285581.37	655.74	6.5236,2.0818,2.9033
no_mig	Round_2_Replicate_9	-7860.43	15726.86	183264.04	1837.89	1.2585,0.4726,2.9064
no_mig	Round_2_Replicate_10	-15277.78	30561.56	294948.1	1567.67	2.353,0.2624,2.0464
no_mig	Round_3_Replicate_1	-5668.96	11343.92	55955.53	3653.35	0.2927,0.5156,1.2514
no_mig	Round_3_Replicate_2	-5991.53	11989.06	54972.69	1565.59	1.0523,1.1141,3.3195
no_mig	Round_3_Replicate_3	-4655.44	9316.88	26259.59	4335.51	0.3122,0.3594,0.7867
no_mig	Round_3_Replicate_4	-4902.47	9810.94	28621.98	3676.18	0.4143,0.416,1.0255
no_mig	Round_3_Replicate_5	-9942.87	19891.74	130483.9	1226.4	2.3381,0.6361,3.7106
no_mig	Round_4_Replicate_1	-6283.08	12572.16	127208.67	3676.85	0.2664,0.4819,1.467
no_mig	Round_4_Replicate_2	-4387.06	8780.12	23210.65	5084.23	0.268,0.261,0.6299
no_mig	Round_4_Replicate_3	-4653.01	9312.02	29379.19	4343.22	0.3242,0.3313,0.8681
no_mig	Round_4_Replicate_4	-4562.6	9131.2	25934.26	4524.9	0.3158,0.3087,0.7744
no_mig	Round_4_Replicate_5	-4687.42	9380.84	30700.61	4341.9	0.3258,0.3259,0.8906
Model	Replicate	log-likelihood	AIC	chi-squared	theta	optimized_params(nu1, nu2, T)
no_mig	Round_1_Replicate_1	-26599.24	53204.48	417105.15	2977.89	0.9741,0.3876,0.3125
no_mig	Round_1_Replicate_2	-19463.07	38932.14	121090.34	2395.01	1.664,0.2908,0.5084
no_mig	Round_1_Replicate_3	-6697.17	13400.34	73898.5	1677.97	1.2632,0.698,3.1077
no_mig	Round_1_Replicate_4	-16958.42	33922.84	99307.75	4309.9	0.1555,0.5883,0.2148
no_mig	Round_1_Replicate_5	-16979.99	33965.98	78808.12	3681.4	0.7887,0.1498,0.2769
no_mig	Round_1_Replicate_6	-31373.98	62753.96	941970.51	934.65	2.4426,3.8615,1.7572
no_mig	Round_1_Replicate_7	-10654.82	21315.64	56246.51	1266.88	1.5615,1.7628,2.5254
no_mig	Round_1_Replicate_8	-27277.96	54561.92	511366.5	1839.16	0.8376,2.1763,0.7207
no_mig	Round_1_Replicate_9	-15617.51	31241.02	7558157223212081.0	2225.3	0.3472,0.2702,5.2481
no_mig	Round_1_Replicate_10	-9460.38	18926.76	14299536.02	2386.36	0.8472,0.2664,2.7685
no_mig	Round_2_Replicate_1	-14811.47	29628.94	56125480929672.38	1110.17	2.0571,0.2575,6.5976
no_mig	Round_2_Replicate_2	-6078.77	12163.54	290728.45	2000.32	0.6569,0.7891,3.2796
no_mig	Round_2_Replicate_3	-15011.36	30028.72	101482.69	1562.24	1.442,1.411,1.4819
no_mig	Round_2_Replicate_4	-6773.64	13553.28	39559.59	1685.47	0.9866,1.1921,2.4839
no_mig	Round_2_Replicate_5	-10088.64	20183.28	3786018.45	1296.56	1.9638,0.4909,4.5345
no_mig	Round_2_Replicate_6	-10164.46	20334.92	21083211.81	1475.36	0.4054,1.7491,4.4871
no_mig	Round_2_Replicate_7	-7026.26	14058.52	71840.44	1226.85	1.0106,1.9387,4.1977
no_mig	Round_2_Replicate_8	-17187.82	34381.64	1975628924.17	1419.21	2.2941,0.1954,3.3116
no_mig	Round_2_Replicate_9	-14055.98	28117.96	76805.01	2240.6	1.2607,0.5888,0.8657
no_mig	Round_2_Replicate_10	-6588.59	13183.18	125818.28	1703.42	1.1757,0.6676,3.3602
no_mig	Round_3_Replicate_1	-6162.47	12330.94	81922.04	2891.66	0.3601,0.6986,1.7771
no_mig	Round_3_Replicate_2	-6365.11	12736.22	292202.24	1696.44	0.6822,1.1142,3.7992
no_mig	Round_3_Replicate_3	-5363.17	10732.34	33200.07	3258.49	0.5495,0.3983,1.2614
no_mig	Round_3_Replicate_4	-7244.97	14495.94	42089.87	2957.75	0.3581,0.8467,1.0941
no_mig	Round_3_Replicate_5	-5327.97	10661.94	52286.45	3131.33	0.419,0.541,1.5628
no_mig	Round_4_Replicate_1	-5586.91	11179.82	50090.2	2196.09	0.6927,0.7863,2.286
no_mig	Round_4_Replicate_2	-5289.38	10584.76	38483.79	2841.28	0.5241,0.5986,1.5652
no_mig	Round_4_Replicate_3	-4475.08	8956.16	25238.56	5382.28	0.2553,0.2246,0.6236
no_mig	Round_4_Replicate_4	-4744.19	9494.38	32586.66	4223.06	0.3312,0.3433,0.9436
no_mig	Round_4_Replicate_5	-5402.47	10810.94	34561.12	2972.64	0.4751,0.6217,1.3579
