Model	Replicate	log-likelihood	AIC	chi-squared	theta	optimized_params(nu1, nu2, m, T)
sym_mig	Round_1_Replicate_1	-104661.04	209330.08	9502620051.92	2825.11	1.1674,0.2572,2.3579,5.7011
sym_mig	Round_1_Replicate_2	-31509.14	63026.28	884078.12	2718.42	1.0861,0.4548,0.2027,0.4278
sym_mig	Round_1_Replicate_3	-34080.16	68168.32	642620.85	2189.94	0.1391,2.715,0.3375,0.7845
sym_mig	Round_1_Replicate_4	-24203.34	48414.68	376428.85	1781.11	1.2619,1.1559,0.1294,1.3054
sym_mig	Round_1_Replicate_5	-375182.56	750373.12	1.4419592458535423e+24	1304.45	3.798,4.2289,3.0785,0.3849
sym_mig	Round_1_Replicate_6	-180908.98	361825.96	124967649096260.55	1032.73	1.0368,5.7066,1.5847,2.3287
sym_mig	Round_1_Replicate_7	-83193.95	166395.9	572070257.91	2017.52	0.249,2.5545,1.4191,2.2894
sym_mig	Round_1_Replicate_8	-42429.12	84866.24	3372066.23	788.53	4.0146,1.0693,0.1812,6.2037
sym_mig	Round_1_Replicate_9	-11036.92	22081.84	43547.89	3340.44	0.5738,0.4453,0.1305,0.7076
sym_mig	Round_1_Replicate_10	-100823.51	201655.02	8323867401.49	535.39	6.3906,4.0387,0.22,3.7673
sym_mig	Round_2_Replicate_1	-31694.98	63397.96	545462.07	2976.87	1.2261,0.1439,0.4451,0.5207
sym_mig	Round_2_Replicate_2	-28215.86	56439.72	623384.44	2382.96	1.0307,0.8342,0.049,0.5321
sym_mig	Round_2_Replicate_3	-17371.3	34750.6	91502.17	3698.47	0.5966,0.2035,0.4507,1.8234
sym_mig	Round_2_Replicate_4	-20100.64	40209.28	124298.74	2844.41	0.1434,1.7825,0.0507,0.4145
sym_mig	Round_2_Replicate_5	-10532.86	21073.72	35471.45	3582.25	0.2303,0.7755,0.1006,0.6222
sym_mig	Round_2_Replicate_6	-56166.13	112340.26	24557429.44	2390.8	0.8327,1.4653,0.0434,0.304
sym_mig	Round_2_Replicate_7	-17914.5	35837.0	128443.36	2213.78	1.0597,0.5582,0.2076,1.7459
sym_mig	Round_2_Replicate_8	-16701.67	33411.34	96256.04	3941.8	0.2003,0.6894,0.0686,0.2889
sym_mig	Round_2_Replicate_9	-21496.43	43000.86	129317.4	3742.49	0.8119,0.1138,0.2639,0.3076
sym_mig	Round_2_Replicate_10	-29759.4	59526.8	748621.94	2244.9	0.7322,1.4914,0.0324,0.5387
sym_mig	Round_3_Replicate_1	-3040.18	6088.36	7604.01	2574.77	0.5409,0.6557,0.0175,2.0681
sym_mig	Round_3_Replicate_2	-19515.55	39039.1	129902.91	2090.72	0.3229,2.2997,0.0773,0.8288
sym_mig	Round_3_Replicate_3	-9082.86	18173.72	30720.47	2123.63	0.5661,1.3034,0.0439,1.519
sym_mig	Round_3_Replicate_4	-12272.79	24553.58	52827.93	3538.49	0.1702,0.9241,0.0267,0.5056
sym_mig	Round_3_Replicate_5	-9606.24	19220.48	35660.23	3441.24	0.2091,0.8683,0.0264,0.6747
sym_mig	Round_4_Replicate_1	-2712.23	5432.46	4380.67	3369.44	0.4613,0.4103,0.0526,1.4656
sym_mig	Round_4_Replicate_2	-3975.75	7959.5	8716.2	2000.06	0.52,1.1207,0.0274,2.8007
sym_mig	Round_4_Replicate_3	-2459.21	4926.42	5311.37	1270.42	1.0541,1.2192,0.0106,5.9101
sym_mig	Round_4_Replicate_4	-1900.5	3809.0	2505.34	2023.25	0.6145,0.6687,0.0321,4.0399
sym_mig	Round_4_Replicate_5	-2175.07	4358.14	3076.04	1550.64	0.5981,1.0074,0.0296,6.1545
Model	Replicate	log-likelihood	AIC	chi-squared	theta	optimized_params(nu1, nu2, m, T)
sym_mig	Round_1_Replicate_1	-62173.21	124354.42	46907853.55	2584.15	0.3255,1.4544,1.0129,0.8877
sym_mig	Round_1_Replicate_2	-46672.28	93352.56	4613733.0	2529.87	0.1786,1.6993,0.7711,1.3314
sym_mig	Round_1_Replicate_3	-80320.15	160648.3	392603450.42	935.57	0.5419,6.1598,0.5964,4.5142
sym_mig	Round_1_Replicate_4	-20165.4	40338.8	141124.53	4311.5	0.509,0.1674,0.283,0.2403
sym_mig	Round_1_Replicate_5	-187167.53	374343.06	273718138002358.2	1788.21	1.1707,0.8701,3.0871,4.0698
sym_mig	Round_1_Replicate_6	-100174.55	200357.1	6428399176.92	1668.88	0.9653,3.8929,0.5666,0.4923
sym_mig	Round_1_Replicate_7	-14225.22	28458.44	64940.77	2765.02	0.9714,0.3529,0.1454,0.9133
sym_mig	Round_1_Replicate_8	-116085.3	232178.6	26309995150.61	1535.34	5.107,0.1712,2.1634,5.5109
sym_mig	Round_1_Replicate_9	-205940.93	411889.86	2840232554439341.0	2491.18	1.5127,0.6779,3.6238,0.2272
sym_mig	Round_1_Replicate_10	-83725.46	167458.92	507943082.89	1842.36	0.1888,3.8483,1.497,1.9115
sym_mig	Round_2_Replicate_1	-16071.6	32151.2	107201.84	2857.61	0.6211,0.6626,0.1821,0.8496
sym_mig	Round_2_Replicate_2	-14076.7	28161.4	54940.94	5557.97	0.3114,0.1398,0.5473,0.3317
sym_mig	Round_2_Replicate_3	-10894.86	21797.72	35671.25	2303.97	1.1074,0.4132,0.1142,1.7008
sym_mig	Round_2_Replicate_4	-15192.54	30393.08	57831.33	1847.72	1.4443,0.3046,0.1567,3.4902
sym_mig	Round_2_Replicate_5	-22661.18	45330.36	119855.32	2572.7	1.8197,0.1028,0.0597,0.4212
sym_mig	Round_2_Replicate_6	-23064.97	46137.94	204142.85	1671.29	1.7651,0.3914,0.2049,3.0371
sym_mig	Round_2_Replicate_7	-22725.94	45459.88	255672.93	2580.62	0.4244,0.9269,0.3701,1.9933
sym_mig	Round_2_Replicate_8	-10080.32	20168.64	32323.62	1787.07	1.4629,0.6041,0.0653,2.1651
sym_mig	Round_2_Replicate_9	-18454.62	36917.24	87047.66	3376.3	0.9346,0.1389,0.2051,0.5046
sym_mig	Round_2_Replicate_10	-2594.38	5196.76	3399.14	3963.78	0.4037,0.2452,0.0872,1.5252
sym_mig	Round_3_Replicate_1	-5754.18	11516.36	16799.57	2260.99	0.7722,0.8145,0.0159,1.6248
sym_mig	Round_3_Replicate_2	-15038.38	30084.76	60310.15	2793.04	1.2276,0.222,0.0204,0.5572
sym_mig	Round_3_Replicate_3	-2508.76	5025.52	3127.84	5560.3	0.2621,0.1617,0.1367,0.9351
sym_mig	Round_3_Replicate_4	-9460.44	18928.88	32155.39	3057.57	0.3031,0.9433,0.0451,0.8052
sym_mig	Round_3_Replicate_5	-7345.93	14699.86	18660.32	3918.87	0.2648,0.5403,0.1818,0.9186
sym_mig	Round_4_Replicate_1	-1938.86	3885.72	2159.97	5671.75	0.183,0.1904,0.1272,1.1946
sym_mig	Round_4_Replicate_2	-1904.84	3817.68	2303.68	6258.06	0.1766,0.1905,0.1131,0.7192
sym_mig	Round_4_Replicate_3	-2046.0	4100.0	2217.9	5210.55	0.1807,0.2126,0.1431,1.6133
sym_mig	Round_4_Replicate_4	-1919.84	3847.68	2100.1	6581.41	0.1696,0.1672,0.1428,0.7051
sym_mig	Round_4_Replicate_5	-1887.48	3782.96	2067.44	6239.19	0.1786,0.1824,0.1326,0.7967
Model	Replicate	log-likelihood	AIC	chi-squared	theta	optimized_params(nu1, nu2, m, T)
sym_mig	Round_1_Replicate_1	-276940.45	553888.9	1.2967721784036831e+19	1841.2	6.0654,1.4821,1.8756,0.1627
sym_mig	Round_1_Replicate_2	-175192.57	350393.14	62973384923573.7	3301.23	0.6119,0.4626,5.2655,1.2553
sym_mig	Round_1_Replicate_3	-2965.67	5939.34	3924.04	4400.29	0.1764,0.1778,0.1938,5.9471
sym_mig	Round_1_Replicate_4	-39002.55	78013.1	1218726.52	2780.86	1.8708,0.1139,0.3932,0.2195
sym_mig	Round_1_Replicate_5	-49031.17	98070.34	8126258.51	5015.18	0.3425,0.2239,1.9007,0.4479
sym_mig	Round_1_Replicate_6	-37819.16	75646.32	2317044.4	2455.65	0.6186,1.076,0.4258,0.843
sym_mig	Round_1_Replicate_7	-81783.55	163575.1	606292607.59	2363.77	0.6714,0.754,1.381,5.959
sym_mig	Round_1_Replicate_8	-75410.59	150829.18	221163569.46	2595.1	0.2339,2.373,1.3082,0.3639
sym_mig	Round_1_Replicate_9	-206496.72	413001.44	2268512165297629.5	1708.39	5.3916,0.2815,5.1419,5.6867
sym_mig	Round_1_Replicate_10	-20626.49	41260.98	162186.49	7465.91	0.1276,0.2136,1.4277,0.5765
sym_mig	Round_2_Replicate_1	-4133.89	8275.78	6514.41	4452.33	0.1216,0.3068,0.2338,5.0978
sym_mig	Round_2_Replicate_2	-7226.83	14461.66	16171.71	4630.5	0.0863,0.1035,0.1492,7.3101
sym_mig	Round_2_Replicate_3	-6362.33	12732.66	13371.23	4291.23	0.0845,0.3809,0.2428,6.1203
sym_mig	Round_2_Replicate_4	-3969.47	7946.94	6748.35	2784.43	0.2187,0.2408,0.1036,10.5266
sym_mig	Round_2_Replicate_5	-11272.58	22553.16	30498.97	6880.64	0.2688,0.0939,0.6861,3.3092
sym_mig	Round_2_Replicate_6	-4322.21	8652.42	9229.24	4663.36	0.2434,0.1252,0.0533,1.9404
sym_mig	Round_2_Replicate_7	-3164.4	6336.8	4368.97	9403.91	0.0767,0.0814,0.4409,13.3583
sym_mig	Round_2_Replicate_8	-9398.42	18804.84	20511.3	4893.94	0.3739,0.08,0.3773,21.0301
sym_mig	Round_2_Replicate_9	-2621.55	5251.1	3097.51	1591.84	0.5524,0.5358,0.0653,12.9378
sym_mig	Round_2_Replicate_10	-2379.24	4766.48	3040.03	2310.09	0.4496,0.3578,0.0598,5.6472
sym_mig	Round_3_Replicate_1	-2473.3	4954.6	3310.37	803.62	1.5336,0.9643,0.0197,16.533
sym_mig	Round_3_Replicate_2	-2465.78	4939.56	4687.48	1154.19	1.2403,1.3249,0.012,6.3739
sym_mig	Round_3_Replicate_3	-3362.24	6732.48	4879.51	3401.29	0.1746,0.2878,0.1649,18.696
sym_mig	Round_3_Replicate_4	-3848.48	7704.96	9324.55	2531.8	0.4833,0.816,0.0241,1.8719
sym_mig	Round_3_Replicate_5	-7499.5	15007.0	21161.07	1069.14	1.2545,0.2292,0.0495,29.1072
sym_mig	Round_4_Replicate_1	-2046.41	4100.82	3347.11	1706.14	0.7754,0.7367,0.0192,4.8876
sym_mig	Round_4_Replicate_2	-1879.31	3766.62	2315.62	2007.96	0.6431,0.5916,0.0334,4.3409
sym_mig	Round_4_Replicate_3	-1887.03	3782.06	2290.33	2981.05	0.3608,0.3888,0.054,3.0385
sym_mig	Round_4_Replicate_4	-1874.81	3757.62	2553.09	2185.76	0.5449,0.5973,0.0323,3.8508
sym_mig	Round_4_Replicate_5	-1827.56	3663.12	2176.15	3231.71	0.3566,0.3869,0.0576,2.4371
