Model	Replicate	log-likelihood	AIC	chi-squared	theta	optimized_params
no_mig	Round_4_Replicate_3	-4233.6	8473.2	20926.3	5732.04	0.2212,0.218,0.5048	
no_mig	Round_4_Replicate_1	-4351.52	8709.04	22333.04	5214.71	0.2595,0.2501,0.5961	
no_mig	Round_4_Replicate_2	-4387.06	8780.12	23210.65	5084.23	0.268,0.261,0.6299	
no_mig	Round_4_Replicate_3	-4475.08	8956.16	25238.56	5382.28	0.2553,0.2246,0.6236	
no_mig	Round_4_Replicate_2	-4530.35	9066.7	25647.18	4656.47	0.283,0.3223,0.7183	
sec_contact_sym_mig	Round_4_Replicate_3	-1836.3	3682.6	2063.7	1771.98	0.6458,0.6553,0.0347,1.2693,4.3453	
sec_contact_sym_mig	Round_4_Replicate_2	-1912.66	3835.32	1945.69	1955.11	0.6046,0.5742,0.0482,0.8069,4.3942	
sec_contact_sym_mig	Round_4_Replicate_4	-1981.87	3973.74	2129.15	2029.93	0.498,0.525,0.0517,1.0315,4.6974	
sec_contact_sym_mig	Round_4_Replicate_5	-2060.07	4130.14	2373.76	2145.52	0.48,0.4585,0.0508,1.3422,4.0257	
sec_contact_sym_mig	Round_4_Replicate_1	-2118.18	4246.36	2338.27	3504.76	0.2907,0.2732,0.0977,0.412,2.7172	
sym_mig	Round_4_Replicate_5	-1827.56	3663.12	2176.15	3231.71	0.3566,0.3869,0.0576,2.4371	
sym_mig	Round_4_Replicate_4	-1874.81	3757.62	2553.09	2185.76	0.5449,0.5973,0.0323,3.8508	
sym_mig	Round_4_Replicate_2	-1879.31	3766.62	2315.62	2007.96	0.6431,0.5916,0.0334,4.3409	
sym_mig	Round_4_Replicate_3	-1887.03	3782.06	2290.33	2981.05	0.3608,0.3888,0.054,3.0385	
sym_mig	Round_4_Replicate_5	-1887.48	3782.96	2067.44	6239.19	0.1786,0.1824,0.1326,0.7967	
