Model	Replicate	log-likelihood	AIC	chi-squared	theta	optimized_params(nu1, nu2, T)
no_mig	Round_1_Replicate_1	-4497.29	9000.58	63637.38	5895.69	0.4825,0.4692,2.3868
no_mig	Round_1_Replicate_2	-6197.71	12401.42	142681377.78	4555.62	0.2085,1.5453,3.2536
no_mig	Round_1_Replicate_3	-78774.75	157555.5	1526108.49	4761.31	2.1553,0.4575,0.405
no_mig	Round_1_Replicate_4	-43372.57	86751.14	310530.09	10290.19	0.183,0.5271,0.1775
no_mig	Round_1_Replicate_5	-44057.57	88121.14	316237.21	8942.4	0.3444,0.4996,0.2706
no_mig	Round_1_Replicate_6	-88814.16	177634.32	3859624.41	2956.14	2.0647,4.6076,1.2278
no_mig	Round_1_Replicate_7	-31045.75	62097.5	110153.54	2356.08	2.925,1.1904,2.8879
no_mig	Round_1_Replicate_8	-17137.64	34281.28	322443498664261.75	1999.89	0.2045,6.4469,6.6049
no_mig	Round_1_Replicate_9	-9998.1	20002.2	3075129026.8	2514.8	1.2219,0.5286,7.6388
no_mig	Round_1_Replicate_10	-140747.28	281500.56	42858098.37	4316.1	2.8156,1.1217,0.3504
no_mig	Round_2_Replicate_1	-2871.93	5749.86	455342.06	11737.0	0.1205,0.2591,1.0583
no_mig	Round_2_Replicate_2	-12710.15	25426.3	7.731709572568435e+16	5325.51	0.2882,0.1798,4.1642
no_mig	Round_2_Replicate_3	-2714.85	5435.7	18874.45	7341.46	0.2908,0.5755,1.6797
no_mig	Round_2_Replicate_4	-3449.95	6905.9	122950.45	7589.39	0.307,0.3687,1.8503
no_mig	Round_2_Replicate_5	-3096.47	6198.94	2283633.84	4261.21	0.367,1.1764,3.8068
no_mig	Round_2_Replicate_6	-3396.03	6798.06	2920243.06	3932.52	0.3836,1.3576,4.1245
no_mig	Round_2_Replicate_7	-7737.01	15480.02	56075095.02	2744.79	1.109,0.6411,6.6808
no_mig	Round_2_Replicate_8	-53616.37	107238.74	522384.55	4610.92	1.3428,1.0161,0.808
no_mig	Round_2_Replicate_9	-5323.26	10652.52	9689.34	9552.82	0.3177,0.3205,0.8623
no_mig	Round_2_Replicate_10	-3481.24	6968.48	149531754.31	2896.23	0.4634,1.7156,6.3628
no_mig	Round_3_Replicate_1	-4484.33	8974.66	203010.3	3936.16	0.4252,1.575,3.6506
no_mig	Round_3_Replicate_2	-3062.21	6130.42	673039.86	4600.73	0.4725,0.7488,3.5833
no_mig	Round_3_Replicate_3	-3355.56	6717.12	3516729.94	3316.33	0.6577,0.9871,5.4434
no_mig	Round_3_Replicate_4	-7242.08	14490.16	14899.82	5347.66	0.6497,0.6934,2.0087
no_mig	Round_3_Replicate_5	-2585.96	5177.92	394468.74	5867.64	0.3231,0.6629,2.6162
no_mig	Round_4_Replicate_1	-2734.16	5474.32	1450870.08	4543.47	0.3868,0.9482,3.6228
no_mig	Round_4_Replicate_2	-3053.47	6112.94	385465.37	4317.92	0.5139,0.8524,3.7554
no_mig	Round_4_Replicate_3	-4527.42	9060.84	20629.29	6088.76	0.3047,0.9818,1.922
no_mig	Round_4_Replicate_4	-2734.3	5474.6	2048493.68	4429.98	0.3992,0.9397,3.7895
no_mig	Round_4_Replicate_5	-2804.79	5615.58	329078.3	5322.62	0.3284,0.8864,2.8155
Model	Replicate	log-likelihood	AIC	chi-squared	theta	optimized_params(nu1, nu2, T)
no_mig	Round_1_Replicate_1	-9942.22	19890.44	32644.3	1855.55	1.2939,4.1382,6.7736
no_mig	Round_1_Replicate_2	-48779.58	97565.16	436435.84	7303.75	0.4927,0.876,0.4032
no_mig	Round_1_Replicate_3	-58045.88	116097.76	407992.19	5335.44	1.7675,0.2261,0.3992
no_mig	Round_1_Replicate_4	-11308.19	22622.38	1.462422844160409e+17	6456.3	0.1586,0.2016,3.4322
no_mig	Round_1_Replicate_5	-28893.54	57793.08	113265.94	6645.44	0.1419,4.8602,0.6067
no_mig	Round_1_Replicate_6	-35865.72	71737.44	113513.0	3152.75	2.6439,0.4258,1.7168
no_mig	Round_1_Replicate_7	-3588.46	7182.92	29875.48	7954.96	0.1945,0.7007,1.4086
no_mig	Round_1_Replicate_8	-19632.61	39271.22	58826947.46	2261.12	2.3159,0.4228,5.844
no_mig	Round_1_Replicate_9	-21512.77	43031.54	5.365001020814805e+16	2400.31	1.7545,0.206,7.0805
no_mig	Round_1_Replicate_10	-3658.7	7323.4	46444.91	4702.5	0.4396,1.0964,2.9453
no_mig	Round_2_Replicate_1	-4054.54	8115.08	3195975919.21	2867.5	0.3899,1.773,6.6295
no_mig	Round_2_Replicate_2	-2548.39	5102.78	293703.02	6522.24	0.2927,0.5704,2.2888
no_mig	Round_2_Replicate_3	-3640.21	7286.42	121225.92	3300.18	0.681,1.4214,4.6889
no_mig	Round_2_Replicate_4	-6895.67	13797.34	20283.83	6561.62	0.249,1.1105,1.5179
no_mig	Round_2_Replicate_5	-7337.39	14680.78	377382.14	4067.94	0.3173,2.0007,3.1749
no_mig	Round_2_Replicate_6	-19258.9	38523.8	62427.78	7537.76	0.4294,0.6994,0.6921
no_mig	Round_2_Replicate_7	-35039.21	70084.42	200536.99	6380.16	0.3396,2.5723,0.61
no_mig	Round_2_Replicate_8	-7059.7	14125.4	28121489.49	6319.66	0.1354,1.1671,2.004
no_mig	Round_2_Replicate_9	-6694.12	13394.24	152598.19	5341.95	0.243,1.4355,2.2488
no_mig	Round_2_Replicate_10	-2091.9	4189.8	33546.32	9589.87	0.1813,0.4109,1.2272
no_mig	Round_3_Replicate_1	-12850.94	25707.88	593419.22	7801.79	0.0898,1.2649,1.0644
no_mig	Round_3_Replicate_2	-2685.85	5377.7	88999.85	6040.23	0.3222,0.7287,2.3339
no_mig	Round_3_Replicate_3	-2754.8	5515.6	3107387.88	4331.62	0.4078,0.9303,3.9525
no_mig	Round_3_Replicate_4	-4134.96	8275.92	31036.99	5642.03	0.3277,1.026,2.2223
no_mig	Round_3_Replicate_5	-2687.46	5380.92	536029.67	6971.79	0.2696,0.4859,2.1743
no_mig	Round_4_Replicate_1	-2496.93	4999.86	186712.99	6500.61	0.2781,0.6522,2.2103
no_mig	Round_4_Replicate_2	-2298.82	4603.64	140832.34	8024.91	0.2126,0.5019,1.6784
no_mig	Round_4_Replicate_3	-1773.78	3553.56	10270.04	12194.88	0.1389,0.2914,0.7867
no_mig	Round_4_Replicate_4	-1992.64	3991.28	23616.19	10386.79	0.1674,0.3636,1.0763
no_mig	Round_4_Replicate_5	-2327.17	4660.34	177280.47	7814.43	0.2203,0.5074,1.761
Model	Replicate	log-likelihood	AIC	chi-squared	theta	optimized_params(nu1, nu2, T)
no_mig	Round_1_Replicate_1	-83352.22	166710.44	2453532.87	8331.42	0.4711,0.4033,0.1622
no_mig	Round_1_Replicate_2	-24255.82	48517.64	64820.67	2454.15	2.5802,0.9739,3.3284
no_mig	Round_1_Replicate_3	-78639.49	157284.98	2217404.18	7246.11	0.4989,1.2114,0.2803
no_mig	Round_1_Replicate_4	-118710.23	237426.46	17458649.23	2990.36	2.344,6.0712,0.9898
no_mig	Round_1_Replicate_5	-130995.27	261996.54	30322999.52	3905.54	2.2672,2.305,0.5502
no_mig	Round_1_Replicate_6	-16503.27	33012.54	4.8127921598962054e+17	4092.87	0.1177,0.2515,6.4725
no_mig	Round_1_Replicate_7	-111305.25	222616.5	9648023.11	6541.36	1.0421,0.5123,0.1948
no_mig	Round_1_Replicate_8	-20113.15	40232.3	1585514.85	1590.76	3.5784,0.7708,7.6965
no_mig	Round_1_Replicate_9	-18634.1	37274.2	58727.63	8716.82	0.1607,1.1659,0.5182
no_mig	Round_1_Replicate_10	-220585.1	441176.2	2463175636.63	5274.06	1.7198,3.8056,0.2137
no_mig	Round_2_Replicate_1	-23562.48	47130.96	1.5355226976171502e+18	5435.75	0.0272,0.1753,4.8403
no_mig	Round_2_Replicate_2	-13116.58	26239.16	2.722665878213651e+17	6600.78	0.1299,0.1728,3.4611
no_mig	Round_2_Replicate_3	-3528.45	7062.9	284631512.7	6110.6	0.2114,0.5737,2.9152
no_mig	Round_2_Replicate_4	-26902.74	53811.48	1.2508287953547863e+18	6038.97	0.0305,0.0969,4.3432
no_mig	Round_2_Replicate_5	-18797.03	37600.06	1.7486600998114595e+17	3750.38	0.3586,0.1369,6.7052
no_mig	Round_2_Replicate_6	-13734.01	27474.02	3.365531739751299e+17	4934.74	0.1401,0.2407,5.0624
no_mig	Round_2_Replicate_7	-7564.04	15134.08	3346808693.17	7856.51	0.2158,0.2032,2.2927
no_mig	Round_2_Replicate_8	-17008.51	34023.02	2.0001837542359117e+17	3525.5	0.3332,0.1845,7.2915
no_mig	Round_2_Replicate_9	-10945.41	21896.82	3.017822505815141e+17	6274.98	0.1223,0.2491,3.6243
no_mig	Round_2_Replicate_10	-12759.64	25525.28	7.269212939648142e+17	9165.56	0.0341,0.2339,2.1849
no_mig	Round_3_Replicate_1	-5329.61	10665.22	8160895.76	16606.09	0.0359,0.2093,0.4996
no_mig	Round_3_Replicate_2	-4857.49	9720.98	343949.48	4767.22	0.5905,0.5381,3.2895
no_mig	Round_3_Replicate_3	-2882.16	5770.32	7090520.24	5014.11	0.2925,0.9047,3.3031
no_mig	Round_3_Replicate_4	-2529.63	5065.26	520230.6	6109.67	0.2842,0.6809,2.4821
no_mig	Round_3_Replicate_5	-2042.99	4091.98	9001.71	10591.12	0.1862,0.3464,0.9665
no_mig	Round_4_Replicate_1	-2555.95	5117.9	1240858.9	7854.83	0.1829,0.5233,1.8377
no_mig	Round_4_Replicate_2	-1858.23	3722.46	10502.84	11437.05	0.1567,0.3169,0.8744
no_mig	Round_4_Replicate_3	-1534.21	3074.42	4822.59	14620.83	0.111,0.2126,0.5156
no_mig	Round_4_Replicate_4	-1905.73	3817.46	18357.51	11172.78	0.1499,0.3346,0.9443
no_mig	Round_4_Replicate_5	-1992.42	3990.84	13899.2	11652.02	0.1594,0.2792,0.8908
