Model	Replicate	log-likelihood	AIC	chi-squared	theta	optimized_params(nu1, nu2, m, T)
sym_mig	Round_1_Replicate_1	-227604.33	455216.66	3296002076.74	1966.81	1.7495,2.9267,1.2463,7.6746
sym_mig	Round_1_Replicate_2	-122512.98	245033.96	8172153.58	2704.16	3.0592,0.1735,0.4916,7.4859
sym_mig	Round_1_Replicate_3	-169638.54	339285.08	220060357.46	6547.54	0.2279,4.4496,3.3629,2.2183
sym_mig	Round_1_Replicate_4	-272892.82	545793.64	29988114466.36	5192.96	2.2722,3.0125,0.4925,0.1752
sym_mig	Round_1_Replicate_5	-14316.48	28640.96	34265.46	13628.86	0.1263,0.2737,0.5494,3.1898
sym_mig	Round_1_Replicate_6	-238791.27	477590.54	4704056614.48	5905.42	0.8754,0.462,4.3504,2.7399
sym_mig	Round_1_Replicate_7	-162135.74	324279.48	107757215.21	13873.6	0.2822,0.1775,5.237,0.7303
sym_mig	Round_1_Replicate_8	-87623.82	175255.64	3665475.58	5185.87	0.3807,4.2191,0.606,0.9948
sym_mig	Round_1_Replicate_9	-183704.95	367417.9	287847049.12	5716.65	1.2533,0.3161,2.1376,0.9407
sym_mig	Round_1_Replicate_10	-28139.03	56286.06	99682.91	14265.49	0.1882,0.2155,0.7762,4.3808
sym_mig	Round_2_Replicate_1	-8859.0	17726.0	22460.96	4924.7	0.0584,1.0621,0.1027,6.476
sym_mig	Round_2_Replicate_2	-36489.54	72987.08	197528.34	18260.27	0.0652,0.3881,1.3512,5.7866
sym_mig	Round_2_Replicate_3	-20265.08	40538.16	46600.13	10511.66	0.3316,0.1573,0.3304,1.3294
sym_mig	Round_2_Replicate_4	-5146.18	10300.36	8972.95	13980.84	0.0836,0.2842,0.3169,1.0774
sym_mig	Round_2_Replicate_5	-2779.72	5567.44	4771.86	14069.36	0.0538,0.1604,0.3054,4.9136
sym_mig	Round_2_Replicate_6	-3564.61	7137.22	5486.24	12565.34	0.0936,0.1748,0.3072,7.1289
sym_mig	Round_2_Replicate_7	-3128.86	6265.72	4982.53	27018.22	0.0283,0.0997,0.6507,7.0147
sym_mig	Round_2_Replicate_8	-62559.25	125126.5	783284.53	9577.96	0.3308,0.3814,0.9752,2.0249
sym_mig	Round_2_Replicate_9	-24432.47	48872.94	85968.57	8159.12	0.1538,0.7095,0.4525,9.6657
sym_mig	Round_2_Replicate_10	-14042.37	28092.74	31379.16	6409.63	0.0752,0.9069,0.2448,12.0675
sym_mig	Round_3_Replicate_1	-6868.22	13744.44	12566.03	11877.86	0.1053,0.3149,0.3409,2.4553
sym_mig	Round_3_Replicate_2	-6074.09	12156.18	11451.92	9573.71	0.1116,0.5299,0.1893,1.7566
sym_mig	Round_3_Replicate_3	-13872.09	27752.18	30842.07	16812.66	0.029,0.3415,0.6436,1.5852
sym_mig	Round_3_Replicate_4	-2841.55	5691.1	4729.56	8338.44	0.1003,0.2594,0.1878,19.4449
sym_mig	Round_3_Replicate_5	-1260.49	2528.98	1632.81	9637.0	0.141,0.3221,0.0962,1.8825
sym_mig	Round_4_Replicate_1	-828.49	1664.98	1046.85	12025.28	0.0944,0.2686,0.0661,1.1881
sym_mig	Round_4_Replicate_2	-724.42	1456.84	762.6	11501.18	0.1154,0.2991,0.0611,1.1653
sym_mig	Round_4_Replicate_3	-734.9	1477.8	781.82	11049.94	0.1263,0.3015,0.0585,1.2593
sym_mig	Round_4_Replicate_4	-947.05	1902.1	1367.56	12454.06	0.0857,0.2563,0.0591,1.1195
sym_mig	Round_4_Replicate_5	-852.51	1713.02	1429.65	11993.26	0.1046,0.3037,0.0263,0.9889
Model	Replicate	log-likelihood	AIC	chi-squared	theta	optimized_params(nu1, nu2, m, T)
sym_mig	Round_1_Replicate_1	-311186.93	622381.86	214392606779.45	2397.68	1.7112,5.5769,2.3369,2.1245
sym_mig	Round_1_Replicate_2	-105004.21	210016.42	7900859.31	6613.66	0.81,0.8056,0.1239,0.26
sym_mig	Round_1_Replicate_3	-107349.76	214707.52	10083996.94	3441.5	1.3558,4.8176,0.186,1.1209
sym_mig	Round_1_Replicate_4	-136407.16	272822.32	22645681.41	3887.04	2.5486,0.2733,0.7341,1.1466
sym_mig	Round_1_Replicate_5	-120939.13	241886.26	16094271.8	7424.31	0.6589,0.4767,0.7281,0.2
sym_mig	Round_1_Replicate_6	-37683.96	75375.92	220998.85	2584.69	1.0074,2.3401,0.1329,6.0648
sym_mig	Round_1_Replicate_7	-108115.82	216239.64	10057583.46	4189.28	0.4495,2.4071,0.9,4.5027
sym_mig	Round_1_Replicate_8	-50076.68	100161.36	450798.49	5531.26	0.1838,5.0619,0.3346,1.065
sym_mig	Round_1_Replicate_9	-424153.01	848314.02	42886634339712.52	2379.23	4.9173,7.2869,5.1506,0.7387
sym_mig	Round_1_Replicate_10	-267112.85	534233.7	18224282184.26	2617.27	5.9757,1.2192,1.6025,0.9294
sym_mig	Round_2_Replicate_1	-54776.84	109561.68	583712.52	2580.34	0.3596,4.3972,0.2712,10.5013
sym_mig	Round_2_Replicate_2	-76552.06	153112.12	1411952.83	2899.31	2.0667,0.8132,0.2308,3.2562
sym_mig	Round_2_Replicate_3	-150977.81	301963.62	77072722.37	1245.41	2.5063,4.3931,0.3805,17.8324
sym_mig	Round_2_Replicate_4	-52283.55	104575.1	561079.35	3904.51	0.7055,2.8304,0.1787,1.8761
sym_mig	Round_2_Replicate_5	-116978.96	233965.92	16364666.89	1858.79	2.0946,6.0375,0.221,3.8399
sym_mig	Round_2_Replicate_6	-12740.95	25489.9	34474.83	4455.66	0.5481,1.3875,0.0572,2.6774
sym_mig	Round_2_Replicate_7	-60008.85	120025.7	813612.03	4801.12	0.2437,2.9851,0.4774,2.4688
sym_mig	Round_2_Replicate_8	-33763.7	67535.4	183986.33	2415.94	0.8474,4.0595,0.0889,5.0048
sym_mig	Round_2_Replicate_9	-1475.8	2959.6	2124.04	1799.93	0.5329,1.7474,0.0219,17.2728
sym_mig	Round_2_Replicate_10	-2543.3	5094.6	4094.18	2806.45	0.5947,1.3599,0.0313,7.9992
sym_mig	Round_3_Replicate_1	-6476.19	12960.38	17093.38	1758.48	1.1593,0.621,0.0145,16.2344
sym_mig	Round_3_Replicate_2	-3276.82	6561.64	6210.46	2757.11	0.2065,1.0261,0.0588,23.4099
sym_mig	Round_3_Replicate_3	-885.2	1778.4	1142.96	2637.68	0.6034,1.1596,0.0107,8.5023
sym_mig	Round_3_Replicate_4	-6843.8	13695.6	14281.26	1955.36	1.4432,2.2793,0.0135,8.1238
sym_mig	Round_3_Replicate_5	-3718.22	7444.44	9744.1	1405.38	0.3109,2.3665,0.0102,21.5457
sym_mig	Round_4_Replicate_1	-679.7	1367.4	698.03	2079.06	0.6196,1.7486,0.0103,11.222
sym_mig	Round_4_Replicate_2	-681.26	1370.52	691.28	3613.59	0.3707,0.9765,0.0182,6.033
sym_mig	Round_4_Replicate_3	-3135.33	6278.66	5048.42	2274.74	1.1443,1.3174,0.0105,8.3508
sym_mig	Round_4_Replicate_4	-825.9	1659.8	978.74	1999.26	0.5623,1.7215,0.0131,12.6606
sym_mig	Round_4_Replicate_5	-1812.26	3632.52	2693.07	2519.71	0.8673,1.2608,0.0104,7.9064
Model	Replicate	log-likelihood	AIC	chi-squared	theta	optimized_params(nu1, nu2, m, T)
sym_mig	Round_1_Replicate_1	-296534.0	593076.0	73385474284.2	2955.57	8.6195,1.084,2.3537,0.565
sym_mig	Round_1_Replicate_2	-170639.08	341286.16	223959820.57	7444.76	0.3097,4.6416,2.4097,0.2187
sym_mig	Round_1_Replicate_3	-126533.11	253074.22	21938971.32	8333.21	0.4286,0.4899,1.5417,0.2179
sym_mig	Round_1_Replicate_4	-220099.15	440206.3	2445530208.24	6006.29	1.1235,3.2272,0.3768,0.1733
sym_mig	Round_1_Replicate_5	-76767.27	153542.54	1300087.22	5826.66	1.3844,0.2966,0.1873,0.3595
sym_mig	Round_1_Replicate_6	-102022.62	204053.24	4577401.94	5774.49	1.2252,0.2762,0.6801,0.6838
sym_mig	Round_1_Replicate_7	-49566.45	99140.9	402489.02	11720.83	0.1777,0.2903,0.936,0.2211
sym_mig	Round_1_Replicate_8	-239421.23	478850.46	5451186105.64	3407.14	7.1311,2.5607,0.1116,0.3454
sym_mig	Round_1_Replicate_9	-163919.55	327847.1	137982900.94	2725.36	4.4638,1.8656,0.2731,0.8716
sym_mig	Round_1_Replicate_10	-118083.55	236175.1	7889291.04	5237.36	3.18,0.1562,0.4833,0.2003
sym_mig	Round_2_Replicate_1	-128139.68	256287.36	19648686.83	7818.97	0.6474,0.283,1.5341,0.2437
sym_mig	Round_2_Replicate_2	-52033.17	104074.34	439814.99	7330.67	0.6058,0.451,0.3231,0.5946
sym_mig	Round_2_Replicate_3	-63853.87	127715.74	962900.5	6033.55	0.6847,0.9384,0.3002,0.7504
sym_mig	Round_2_Replicate_4	-69388.0	138784.0	1210152.04	8932.13	0.3663,0.431,0.4831,0.245
sym_mig	Round_2_Replicate_5	-9873.48	19754.96	18729.18	20331.58	0.0616,0.1253,0.8771,0.2961
sym_mig	Round_2_Replicate_6	-19499.06	39006.12	54762.5	15225.86	0.0705,0.1403,0.3271,0.1104
sym_mig	Round_2_Replicate_7	-10505.88	21019.76	20451.37	20131.18	0.0431,0.1192,0.9561,0.1826
sym_mig	Round_2_Replicate_8	-126844.64	253697.28	24766212.85	8281.01	0.3048,1.0251,1.7867,0.2687
sym_mig	Round_2_Replicate_9	-12326.71	24661.42	29067.91	14744.15	0.0752,0.2651,0.2931,0.2428
sym_mig	Round_2_Replicate_10	-65257.84	130523.68	811654.81	10526.44	0.3409,0.2465,1.1001,0.6072
sym_mig	Round_3_Replicate_1	-4128.83	8265.66	8120.8	26300.34	0.022,0.0428,0.8455,0.1069
sym_mig	Round_3_Replicate_2	-4228.23	8464.46	9083.96	49354.89	0.015,0.028,1.2304,0.7716
sym_mig	Round_3_Replicate_3	-4249.58	8507.16	8542.14	22094.32	0.0219,0.143,0.5106,0.6064
sym_mig	Round_3_Replicate_4	-4668.92	9345.84	8034.76	47384.65	0.0123,0.0517,1.6562,0.5345
sym_mig	Round_3_Replicate_5	-2185.13	4378.26	3169.52	15130.48	0.0928,0.1844,0.2209,0.8762
sym_mig	Round_4_Replicate_1	-907.81	1823.62	1116.44	15819.12	0.0743,0.1957,0.1015,0.6005
sym_mig	Round_4_Replicate_2	-1819.57	3647.14	2773.22	19778.9	0.0485,0.1294,0.2855,0.4482
sym_mig	Round_4_Replicate_3	-1506.4	3020.8	2211.23	17271.26	0.0608,0.1557,0.2135,0.6915
sym_mig	Round_4_Replicate_4	-1963.16	3934.32	3152.62	19260.17	0.0559,0.119,0.2834,0.5925
sym_mig	Round_4_Replicate_5	-1819.26	3646.52	2531.75	12231.13	0.1044,0.2513,0.1667,1.4054
