Model	Replicate	log-likelihood	AIC	chi-squared	theta	optimized_params(nu1, nu2, m, T1, T2)
sec_contact_sym_mig	Round_1_Replicate_1	-222118.41	444246.82	2815148638.47	5058.03	0.3193,7.9809,4.3077,0.184,4.7796
sec_contact_sym_mig	Round_1_Replicate_2	-96948.35	193906.7	2883844.23	2533.84	1.924,0.5165,0.7108,5.0596,0.3055
sec_contact_sym_mig	Round_1_Replicate_3	-10328.88	20667.76	17201.57	3616.65	0.3233,1.0657,0.3286,5.4083,0.148
sec_contact_sym_mig	Round_1_Replicate_4	-166454.76	332919.52	188309809.12	2755.32	2.244,5.1866,0.4347,0.7943,0.4367
sec_contact_sym_mig	Round_1_Replicate_5	-256430.13	512870.26	13265423499.37	2934.49	1.0566,2.1002,2.6723,0.281,5.4859
sec_contact_sym_mig	Round_1_Replicate_6	-77257.93	154525.86	1797440.68	15757.08	0.1217,0.2837,2.8443,0.2445,0.4541
sec_contact_sym_mig	Round_1_Replicate_7	-227327.21	454664.42	2172247056.3	7668.82	1.3377,0.1605,5.331,0.6924,3.5569
sec_contact_sym_mig	Round_1_Replicate_8	-77992.15	155994.3	1691070.16	22041.4	0.1635,0.1458,2.739,0.3171,7.2987
sec_contact_sym_mig	Round_1_Replicate_9	-124688.08	249386.16	20786102.83	1656.45	1.9209,3.3751,0.3699,5.5271,2.7831
sec_contact_sym_mig	Round_1_Replicate_10	-44157.57	88325.14	335930.08	2890.07	0.5345,3.4689,0.188,0.6676,4.4756
sec_contact_sym_mig	Round_2_Replicate_1	-15984.32	31978.64	41844.76	2759.76	0.3421,3.5825,0.5023,4.8011,0.0395
sec_contact_sym_mig	Round_2_Replicate_2	-26440.41	52890.82	80350.68	1705.09	0.6738,3.0249,0.2921,11.2867,0.3827
sec_contact_sym_mig	Round_2_Replicate_3	-6002.28	12014.56	9672.24	1912.6	0.5049,1.1416,0.1392,13.1302,0.1351
sec_contact_sym_mig	Round_2_Replicate_4	-24822.86	49655.72	53111.32	3343.78	0.5996,0.3441,0.5758,6.5481,0.0999
sec_contact_sym_mig	Round_2_Replicate_5	-3457.07	6924.14	4986.13	6437.53	0.1575,0.6539,0.2884,2.5985,0.0679
sec_contact_sym_mig	Round_2_Replicate_6	-38649.45	77308.9	173534.71	3099.96	0.5633,1.5873,0.8856,5.2491,0.1066
sec_contact_sym_mig	Round_2_Replicate_7	-9933.58	19877.16	16353.11	3452.2	0.2239,0.4761,0.2715,7.2217,0.5008
sec_contact_sym_mig	Round_2_Replicate_8	-12360.97	24731.94	29503.23	3371.73	0.1318,0.2995,0.4161,8.1154,0.1018
sec_contact_sym_mig	Round_2_Replicate_9	-2485.59	4981.18	4225.62	5936.71	0.1202,0.6771,0.1827,3.1143,0.0947
sec_contact_sym_mig	Round_2_Replicate_10	-20415.52	40841.04	51566.93	3822.34	1.0389,0.6745,0.1345,2.8995,0.4374
sec_contact_sym_mig	Round_3_Replicate_1	-1260.23	2530.46	2004.31	2272.47	0.4198,2.0634,0.0354,8.9665,0.1874
sec_contact_sym_mig	Round_3_Replicate_2	-13657.67	27325.34	33748.28	7805.62	0.118,1.1404,0.3134,1.0142,0.0945
sec_contact_sym_mig	Round_3_Replicate_3	-617.99	1245.98	611.46	4660.59	0.2806,0.791,0.0274,3.7573,0.304
sec_contact_sym_mig	Round_3_Replicate_4	-5206.19	10422.38	10113.48	9506.01	0.1129,0.6956,0.0723,0.8968,0.0438
sec_contact_sym_mig	Round_3_Replicate_5	-2768.38	5546.76	3946.89	7580.82	0.1385,0.4806,0.188,2.0453,0.1965
sec_contact_sym_mig	Round_4_Replicate_1	-660.39	1330.78	755.57	4313.98	0.3207,0.9336,0.0148,3.6032,0.682
sec_contact_sym_mig	Round_4_Replicate_2	-949.72	1909.44	1364.9	4390.95	0.337,1.0412,0.0131,3.3681,0.5324
sec_contact_sym_mig	Round_4_Replicate_3	-624.23	1258.46	653.92	6791.86	0.1946,0.5715,0.0284,2.084,0.3302
sec_contact_sym_mig	Round_4_Replicate_4	-936.75	1883.5	1554.01	4140.86	0.2876,1.1251,0.0139,4.1344,0.2562
sec_contact_sym_mig	Round_4_Replicate_5	-814.43	1638.86	1095.39	3941.95	0.3475,1.1377,0.0131,4.0863,0.504
Model	Replicate	log-likelihood	AIC	chi-squared	theta	optimized_params(nu1, nu2, m, T1, T2)
sec_contact_sym_mig	Round_1_Replicate_1	-28278.72	56567.44	100463.86	12914.11	0.1221,0.2611,1.103,0.7177,0.3852
sec_contact_sym_mig	Round_1_Replicate_2	-158641.6	317293.2	127008789.09	3483.68	1.2745,5.988,0.8875,0.755,0.2052
sec_contact_sym_mig	Round_1_Replicate_3	-130699.8	261409.6	23558647.25	6023.15	0.7287,0.4643,1.3801,0.6969,3.7905
sec_contact_sym_mig	Round_1_Replicate_4	-199534.53	399079.06	782113395.13	2656.09	3.4429,1.6012,0.7331,0.388,0.941
sec_contact_sym_mig	Round_1_Replicate_5	-142747.47	285504.94	43341972.41	2737.97	1.4772,1.0584,0.7667,4.3781,3.6915
sec_contact_sym_mig	Round_1_Replicate_6	-80439.27	160888.54	2459630.52	4640.28	0.2628,4.9447,0.6668,0.1286,1.7704
sec_contact_sym_mig	Round_1_Replicate_7	-5687.61	11385.22	9012.49	6994.9	0.1442,0.2883,0.2878,2.7219,0.2845
sec_contact_sym_mig	Round_1_Replicate_8	-33517.94	67045.88	163917.57	4037.75	0.8341,1.4234,0.2786,2.086,0.2219
sec_contact_sym_mig	Round_1_Replicate_9	-16608.69	33227.38	33683.42	4425.86	0.1325,0.6684,0.5078,5.1932,0.4247
sec_contact_sym_mig	Round_1_Replicate_10	-94729.87	189469.74	4284010.89	2484.28	0.4275,4.1929,1.8007,4.8483,0.1495
sec_contact_sym_mig	Round_2_Replicate_1	-11845.78	23701.56	38372.06	5169.65	0.4208,0.1162,0.0863,3.5318,0.7336
sec_contact_sym_mig	Round_2_Replicate_2	-19628.26	39266.52	41876.47	6717.06	0.4475,0.176,0.3654,2.1089,0.2193
sec_contact_sym_mig	Round_2_Replicate_3	-9145.06	18300.12	28748.11	3736.21	0.249,0.2157,0.0786,6.8268,0.1485
sec_contact_sym_mig	Round_2_Replicate_4	-21340.05	42690.1	65427.09	7142.85	0.3633,0.5931,0.3058,1.0997,0.4499
sec_contact_sym_mig	Round_2_Replicate_5	-6275.15	12560.3	21267.91	3785.64	0.0624,0.7797,0.1107,6.4242,0.0968
sec_contact_sym_mig	Round_2_Replicate_6	-9687.24	19384.48	16159.11	7918.77	0.0852,0.1606,0.6671,3.3003,0.4145
sec_contact_sym_mig	Round_2_Replicate_7	-8548.5	17107.0	25934.68	4080.43	0.0627,0.4212,0.0734,6.3264,0.179
sec_contact_sym_mig	Round_2_Replicate_8	-12773.93	25557.86	24468.35	9237.17	0.2702,0.2416,0.3636,1.1697,0.2277
sec_contact_sym_mig	Round_2_Replicate_9	-5777.66	11565.32	12938.6	4642.23	0.0993,0.3804,0.1918,5.2564,0.1912
sec_contact_sym_mig	Round_2_Replicate_10	-33137.61	66285.22	139202.17	6685.16	0.0883,0.9131,0.6617,2.5865,0.9852
sec_contact_sym_mig	Round_3_Replicate_1	-6911.59	13833.18	13385.22	13189.68	0.0342,0.084,0.9159,3.966,0.7149
sec_contact_sym_mig	Round_3_Replicate_2	-1532.13	3074.26	2651.01	6302.75	0.126,0.5073,0.0578,2.5684,0.687
sec_contact_sym_mig	Round_3_Replicate_3	-6587.58	13185.16	17178.61	5962.77	0.1173,0.1909,0.0635,3.708,0.4188
sec_contact_sym_mig	Round_3_Replicate_4	-2611.93	5233.86	3735.32	4932.54	0.3452,0.7061,0.1113,3.4334,0.1454
sec_contact_sym_mig	Round_3_Replicate_5	-4776.06	9562.12	8735.16	7985.66	0.3487,0.2549,0.0727,1.5398,0.1414
sec_contact_sym_mig	Round_4_Replicate_1	-2022.13	4054.26	3590.15	5569.31	0.2215,1.0069,0.0141,1.8991,0.8068
sec_contact_sym_mig	Round_4_Replicate_2	-1319.8	2649.6	2070.35	6418.12	0.2005,0.3935,0.0513,2.1041,1.0659
sec_contact_sym_mig	Round_4_Replicate_3	-682.01	1374.02	785.81	8928.3	0.1416,0.3926,0.0364,1.256,0.446
sec_contact_sym_mig	Round_4_Replicate_4	-688.52	1387.04	741.67	4926.1	0.2633,0.8188,0.0212,2.827,0.8826
sec_contact_sym_mig	Round_4_Replicate_5	-2627.04	5264.08	5352.81	6576.22	0.2897,0.3089,0.0258,2.2248,0.5047
Model	Replicate	log-likelihood	AIC	chi-squared	theta	optimized_params(nu1, nu2, m, T1, T2)
sec_contact_sym_mig	Round_1_Replicate_1	-90099.18	180208.36	1982838.47	5428.42	0.9804,0.1847,0.9444,1.5464,0.3029
sec_contact_sym_mig	Round_1_Replicate_2	-38536.61	77083.22	127263.04	5528.43	1.1754,0.1534,0.1147,0.6181,0.5441
sec_contact_sym_mig	Round_1_Replicate_3	-166260.96	332531.92	120453699.89	6705.67	0.7983,0.2639,2.3633,2.8743,2.3592
sec_contact_sym_mig	Round_1_Replicate_4	-30179.48	60368.96	112769.01	15320.07	0.1636,0.1919,0.9713,0.4646,1.1204
sec_contact_sym_mig	Round_1_Replicate_5	-202898.9	405807.8	946766732.62	3027.29	1.2562,1.5211,1.487,1.3242,3.4929
sec_contact_sym_mig	Round_1_Replicate_6	-285222.81	570455.62	37512454617.14	3510.78	3.7101,0.4054,4.7986,1.0788,2.7671
sec_contact_sym_mig	Round_1_Replicate_7	-70447.53	140905.06	1399257.58	4461.6	0.201,5.4106,0.5993,0.694,1.4318
sec_contact_sym_mig	Round_1_Replicate_8	-325418.46	650846.92	257283014149.78	1389.11	6.57,0.9281,3.8308,7.3917,0.9106
sec_contact_sym_mig	Round_1_Replicate_9	-264308.28	528626.56	12941248276.96	3273.38	4.1897,0.3543,3.7372,2.4179,3.2899
sec_contact_sym_mig	Round_1_Replicate_10	-4294.75	8599.5	7049.1	4519.5	0.2975,0.4663,0.1332,4.5564,0.237
sec_contact_sym_mig	Round_2_Replicate_1	-2369.26	4748.52	4367.26	3775.49	0.1736,1.2023,0.059,5.0357,0.4624
sec_contact_sym_mig	Round_2_Replicate_2	-15256.93	30523.86	58152.93	4118.46	0.0888,0.1219,0.0916,6.7096,0.1225
sec_contact_sym_mig	Round_2_Replicate_3	-14806.89	29623.78	34016.24	4395.68	0.9422,0.2239,0.0585,2.8834,0.4014
sec_contact_sym_mig	Round_2_Replicate_4	-30244.67	60499.34	85655.12	3805.98	0.796,0.3307,0.2641,4.3233,0.8921
sec_contact_sym_mig	Round_2_Replicate_5	-7986.38	15982.76	24307.67	2335.71	0.1086,0.8555,0.1323,11.7549,0.0956
sec_contact_sym_mig	Round_2_Replicate_6	-16912.45	33834.9	35940.04	2317.12	0.6452,0.3422,0.222,10.7804,0.3109
sec_contact_sym_mig	Round_2_Replicate_7	-23941.24	47892.48	85264.22	6331.15	0.2521,0.9824,0.314,1.2835,0.8591
sec_contact_sym_mig	Round_2_Replicate_8	-13496.98	27003.96	35383.51	4733.23	0.2927,1.6752,0.1325,2.1023,0.5026
sec_contact_sym_mig	Round_2_Replicate_9	-7511.56	15033.12	19540.77	6363.82	0.0849,0.2006,0.0703,3.6128,0.1574
sec_contact_sym_mig	Round_2_Replicate_10	-4065.48	8140.96	7299.9	3630.75	0.7939,0.9255,0.0321,4.0297,0.165
sec_contact_sym_mig	Round_3_Replicate_1	-999.11	2008.22	3729.09	3420.21	0.5235,0.993,0.0183,5.4468,0.1213
sec_contact_sym_mig	Round_3_Replicate_2	-1969.55	3949.1	3526.78	5864.19	0.1558,0.3888,0.071,2.823,1.2411
sec_contact_sym_mig	Round_3_Replicate_3	-1797.62	3605.24	3062.38	2556.1	0.3099,1.8471,0.0492,7.9941,0.225
sec_contact_sym_mig	Round_3_Replicate_4	-807.8	1625.6	879.11	3402.41	0.46,1.08,0.019,4.7386,0.9785
sec_contact_sym_mig	Round_3_Replicate_5	-17296.95	34603.9	49407.39	4749.36	0.663,0.9685,0.1059,1.5594,0.7862
sec_contact_sym_mig	Round_4_Replicate_1	-1060.24	2130.48	1483.75	2891.25	0.4991,1.629,0.0109,5.3339,1.0962
sec_contact_sym_mig	Round_4_Replicate_2	-632.14	1274.28	759.17	2701.27	0.4732,1.4867,0.0113,7.0754,0.4887
sec_contact_sym_mig	Round_4_Replicate_3	-694.8	1399.6	740.35	2795.37	0.5535,1.2647,0.012,6.3124,0.9483
sec_contact_sym_mig	Round_4_Replicate_4	-1043.64	2097.28	1452.47	3476.15	0.4056,1.3276,0.0126,3.5763,1.7267
sec_contact_sym_mig	Round_4_Replicate_5	-795.77	1601.54	981.98	2982.06	0.5287,1.0918,0.0115,5.8027,1.0773
