Model	Replicate	log-likelihood	AIC	chi-squared	theta	optimized_params
no_mig	Round_4_Replicate_3	-1534.21	3074.42	4822.59	14620.83	0.111,0.2126,0.5156	
no_mig	Round_4_Replicate_3	-1773.78	3553.56	10270.04	12194.88	0.1389,0.2914,0.7867	
no_mig	Round_4_Replicate_2	-1858.23	3722.46	10502.84	11437.05	0.1567,0.3169,0.8744	
no_mig	Round_4_Replicate_4	-1905.73	3817.46	18357.51	11172.78	0.1499,0.3346,0.9443	
no_mig	Round_4_Replicate_5	-1992.42	3990.84	13899.2	11652.02	0.1594,0.2792,0.8908	
sec_contact_sym_mig	Round_3_Replicate_3	-617.99	1245.98	611.46	4660.59	0.2806,0.791,0.0274,3.7573,0.304	
sec_contact_sym_mig	Round_4_Replicate_3	-624.23	1258.46	653.92	6791.86	0.1946,0.5715,0.0284,2.084,0.3302	
sec_contact_sym_mig	Round_4_Replicate_2	-632.14	1274.28	759.17	2701.27	0.4732,1.4867,0.0113,7.0754,0.4887	
sec_contact_sym_mig	Round_4_Replicate_1	-660.39	1330.78	755.57	4313.98	0.3207,0.9336,0.0148,3.6032,0.682	
sec_contact_sym_mig	Round_4_Replicate_3	-682.01	1374.02	785.81	8928.3	0.1416,0.3926,0.0364,1.256,0.446	
sym_mig	Round_4_Replicate_1	-679.7	1367.4	698.03	2079.06	0.6196,1.7486,0.0103,11.222	
sym_mig	Round_4_Replicate_2	-681.26	1370.52	691.28	3613.59	0.3707,0.9765,0.0182,6.033	
sym_mig	Round_4_Replicate_2	-724.42	1456.84	762.6	11501.18	0.1154,0.2991,0.0611,1.1653	
sym_mig	Round_4_Replicate_3	-734.9	1477.8	781.82	11049.94	0.1263,0.3015,0.0585,1.2593	
sym_mig	Round_4_Replicate_4	-825.9	1659.8	978.74	1999.26	0.5623,1.7215,0.0131,12.6606	
