Model	Replicate	log-likelihood	AIC	chi-squared	theta	optimized_params(nu1, nu2, T)
no_mig	Round_1_Replicate_1	-4466.24	8938.48	350717.23	55.2	5.4092,6.4783,2.245
no_mig	Round_1_Replicate_2	-770.91	1547.82	37498.24	111.19	1.7434,0.9713,5.3017
no_mig	Round_1_Replicate_3	-844.63	1695.26	20843720.53	75.86	5.0335,0.5176,7.7015
no_mig	Round_1_Replicate_4	-2257.13	4520.26	19611.15	160.81	2.7119,1.0223,0.9749
no_mig	Round_1_Replicate_5	-1028.25	2062.5	17226.83	175.35	3.3275,0.2484,1.7604
no_mig	Round_1_Replicate_6	-701.72	1409.44	574326.3	204.82	1.1973,0.2777,2.8868
no_mig	Round_1_Replicate_7	-4561.22	9128.44	304132.08	216.92	0.5084,1.558,0.2353
no_mig	Round_1_Replicate_8	-1754.28	3514.56	9431.66	149.18	2.2787,1.1163,1.3323
no_mig	Round_1_Replicate_9	-3543.03	7092.06	126211.43	292.32	4.0258,0.3188,0.2053
no_mig	Round_1_Replicate_10	-3148.39	6302.78	1677180716984.84	55.11	0.2096,5.6395,5.6347
no_mig	Round_2_Replicate_1	-831.34	1668.68	380856.38	300.24	0.529,0.2347,2.0482
no_mig	Round_2_Replicate_2	-1212.83	2431.66	1378513641412.21	314.93	0.3777,0.1169,2.6094
no_mig	Round_2_Replicate_3	-1959.07	3924.14	1054119492985329.9	99.56	0.3475,1.1137,9.2197
no_mig	Round_2_Replicate_4	-729.66	1465.32	3317481.56	156.52	1.8177,0.3014,3.898
no_mig	Round_2_Replicate_5	-847.97	1701.94	864673.05	279.15	0.5689,0.2422,2.3238
no_mig	Round_2_Replicate_6	-797.14	1600.28	5908081.31	310.25	1.1045,0.0862,1.3193
no_mig	Round_2_Replicate_7	-704.94	1415.88	190293.71	199.05	1.5656,0.2636,2.5095
no_mig	Round_2_Replicate_8	-733.98	1473.96	6120107.79	70.66	3.9462,0.773,9.6534
no_mig	Round_2_Replicate_9	-1072.76	2151.52	5.806487876627342e+23	64.87	4.4707,0.2383,12.4958
no_mig	Round_2_Replicate_10	-602.57	1211.14	7706.39	361.83	0.5936,0.2035,1.0925
no_mig	Round_3_Replicate_1	-664.04	1334.08	9077.97	319.18	0.5994,0.2788,1.3755
no_mig	Round_3_Replicate_2	-835.58	1677.16	2676.33	267.51	0.7679,0.4932,1.0195
no_mig	Round_3_Replicate_3	-807.79	1621.58	10045.77	284.76	1.5044,0.1475,1.0
no_mig	Round_3_Replicate_4	-591.21	1188.42	5245.22	344.03	0.745,0.2005,1.0
no_mig	Round_3_Replicate_5	-580.63	1167.26	2129.55	439.28	0.3979,0.2099,0.5853
no_mig	Round_4_Replicate_1	-559.38	1124.76	4406.41	404.65	0.5443,0.175,0.804
no_mig	Round_4_Replicate_2	-502.58	1011.16	2300.09	507.99	0.382,0.1232,0.4547
no_mig	Round_4_Replicate_3	-560.68	1127.36	5143.45	409.09	0.5473,0.1618,0.8152
no_mig	Round_4_Replicate_4	-511.52	1029.04	2740.47	492.98	0.3958,0.1326,0.5186
no_mig	Round_4_Replicate_5	-476.58	959.16	1788.54	579.13	0.2843,0.0986,0.3329
Model	Replicate	log-likelihood	AIC	chi-squared	theta	optimized_params(nu1, nu2, T)
no_mig	Round_1_Replicate_1	-513.7	1033.4	2387.62	483.46	0.4214,0.1339,0.4956
no_mig	Round_1_Replicate_2	-9546.49	19098.98	255669355.46	125.5	2.4731,4.929,0.3544
no_mig	Round_1_Replicate_3	-1263.3	2532.6	4643.7	314.87	2.1323,0.1645,0.3667
no_mig	Round_1_Replicate_4	-10668.24	21342.48	1091377216.95	188.22	1.6594,2.6135,0.168
no_mig	Round_1_Replicate_5	-8912.76	17831.52	126993440.27	141.36	3.9369,2.8637,0.3888
no_mig	Round_1_Replicate_6	-1403.07	2812.14	1.554427245917742e+16	269.34	0.3707,0.1179,3.4453
no_mig	Round_1_Replicate_7	-14899.83	29805.66	207747904870.43	176.55	5.5013,3.24,0.163
no_mig	Round_1_Replicate_8	-803.34	1612.68	15285.37	116.71	1.6352,1.0552,4.5498
no_mig	Round_1_Replicate_9	-6537.72	13081.44	5714000.34	112.25	3.3408,3.4834,0.6712
no_mig	Round_1_Replicate_10	-1107.21	2220.42	3681.34	218.13	1.3277,0.6009,1.0455
no_mig	Round_2_Replicate_1	-529.88	1065.76	4638.86	599.37	0.2791,0.0838,0.4396
no_mig	Round_2_Replicate_2	-1081.07	2168.14	8265781803969.39	375.7	0.4319,0.0698,1.8829
no_mig	Round_2_Replicate_3	-816.97	1639.94	98692.0	467.13	0.3172,0.1341,1.0499
no_mig	Round_2_Replicate_4	-563.38	1132.76	6604.64	578.9	0.3522,0.0587,0.3888
no_mig	Round_2_Replicate_5	-641.6	1289.2	1622.58	547.08	0.3574,0.0712,0.2017
no_mig	Round_2_Replicate_6	-927.4	1860.8	27643560.32	352.9	0.4415,0.1342,1.8731
no_mig	Round_2_Replicate_7	-945.81	1897.62	3887.62	331.22	1.5587,0.1234,0.4973
no_mig	Round_2_Replicate_8	-1634.74	3275.48	7839.89	314.67	0.8707,0.3715,0.3764
no_mig	Round_2_Replicate_9	-472.26	950.52	1794.98	723.11	0.1581,0.0662,0.2248
no_mig	Round_2_Replicate_10	-704.83	1415.66	1733.98	407.22	0.4385,0.2534,0.4899
no_mig	Round_3_Replicate_1	-460.39	926.78	1617.28	696.9	0.1808,0.059,0.204
no_mig	Round_3_Replicate_2	-465.31	936.62	1553.5	623.87	0.2345,0.0848,0.2721
no_mig	Round_3_Replicate_3	-476.39	958.78	1334.76	822.72	0.0933,0.0337,0.1062
no_mig	Round_3_Replicate_4	-570.06	1146.12	2809.05	784.84	0.1262,0.0256,0.1189
no_mig	Round_3_Replicate_5	-496.63	999.26	2026.15	533.08	0.3591,0.1059,0.3818
no_mig	Round_4_Replicate_1	-455.6	917.2	1379.36	724.06	0.1532,0.0576,0.1811
no_mig	Round_4_Replicate_2	-463.96	933.92	1471.31	665.18	0.1902,0.0805,0.2453
no_mig	Round_4_Replicate_3	-457.31	920.62	1208.93	743.19	0.1346,0.053,0.1551
no_mig	Round_4_Replicate_4	-457.0	920.0	1231.61	745.74	0.1339,0.053,0.1565
no_mig	Round_4_Replicate_5	-464.2	934.4	1708.08	632.45	0.2312,0.0811,0.2755
Model	Replicate	log-likelihood	AIC	chi-squared	theta	optimized_params(nu1, nu2, T)
no_mig	Round_1_Replicate_1	-2083.32	4172.64	10073.27	89.01	1.0251,3.6718,2.1291
no_mig	Round_1_Replicate_2	-1888.32	3782.64	9613.6	125.06	1.4967,1.9069,1.58
no_mig	Round_1_Replicate_3	-1830.36	3666.72	10942.57	313.3	5.1319,0.1538,0.2373
no_mig	Round_1_Replicate_4	-529.73	1065.46	3248.29	454.32	0.4622,0.1477,0.6157
no_mig	Round_1_Replicate_5	-1534.01	3074.02	401473512690.93	409.39	0.1696,0.1151,1.9314
no_mig	Round_1_Replicate_6	-2103.0	4212.0	18702596138093.62	104.33	0.2524,1.5129,6.6905
no_mig	Round_1_Replicate_7	-665.03	1336.06	34689.02	312.44	0.6685,0.2234,1.5718
no_mig	Round_1_Replicate_8	-1271.87	2549.74	124574.78	90.6	0.9733,1.8777,6.4391
no_mig	Round_1_Replicate_9	-1659.05	3324.1	8551.54	113.81	3.3134,1.3883,2.0451
no_mig	Round_1_Replicate_10	-2947.88	5901.76	27957.8	167.05	0.5212,2.1593,0.5345
no_mig	Round_2_Replicate_1	-499.41	1004.82	2324.58	516.7	0.3733,0.1173,0.4407
no_mig	Round_2_Replicate_2	-469.79	945.58	1622.92	604.36	0.2554,0.0902,0.2939
no_mig	Round_2_Replicate_3	-911.61	1829.22	6298.7	411.97	1.0069,0.0599,0.3732
no_mig	Round_2_Replicate_4	-939.45	1884.9	11988.81	350.84	0.3296,0.353,1.2219
no_mig	Round_2_Replicate_5	-734.4	1474.8	4835.51	259.85	0.7245,0.4619,1.4654
no_mig	Round_2_Replicate_6	-764.05	1534.1	4544.24	349.1	1.1182,0.1253,0.6358
no_mig	Round_2_Replicate_7	-1034.19	2074.38	2644.63	373.52	0.4183,0.3411,0.4186
no_mig	Round_2_Replicate_8	-1271.06	2548.12	3670.09	329.91	0.3194,0.5267,0.5154
no_mig	Round_2_Replicate_9	-684.84	1375.68	4325.53	385.94	0.8676,0.1148,0.5947
no_mig	Round_2_Replicate_10	-1152.19	2310.38	8311.89	389.29	1.5107,0.045,0.2973
no_mig	Round_3_Replicate_1	-668.85	1343.7	21882.41	390.21	0.799,0.0951,0.7677
no_mig	Round_3_Replicate_2	-560.45	1126.9	4856.03	651.59	0.2631,0.0447,0.2746
no_mig	Round_3_Replicate_3	-467.84	941.68	1870.82	638.53	0.2237,0.0836,0.2908
no_mig	Round_3_Replicate_4	-470.32	946.64	1709.91	603.22	0.2554,0.0926,0.307
no_mig	Round_3_Replicate_5	-510.15	1026.3	2856.86	501.87	0.3813,0.1287,0.5141
no_mig	Round_4_Replicate_1	-474.6	955.2	1906.75	589.09	0.2796,0.0919,0.326
no_mig	Round_4_Replicate_2	-460.57	927.14	1573.25	651.54	0.2128,0.0748,0.2469
no_mig	Round_4_Replicate_3	-487.04	980.08	2466.23	633.65	0.2297,0.0872,0.3359
no_mig	Round_4_Replicate_4	-465.28	936.56	1495.72	626.37	0.2323,0.0826,0.2616
no_mig	Round_4_Replicate_5	-467.98	941.96	1690.39	612.9	0.2463,0.0892,0.2957
