Model	Replicate	log-likelihood	AIC	chi-squared	theta	optimized_params(nu1, nu2, m, T)
sym_mig	Round_1_Replicate_1	-11171.46	22350.92	2736347715.66	225.87	3.9516,0.4114,3.7755,0.6083
sym_mig	Round_1_Replicate_2	-5488.5	10985.0	1185279.5	353.94	0.3774,0.4228,1.9214,0.4495
sym_mig	Round_1_Replicate_3	-6538.5	13085.0	7970986.87	233.28	3.5652,0.2832,2.0576,1.0235
sym_mig	Round_1_Replicate_4	-6618.13	13244.26	1932054.99	120.59	0.239,3.9768,0.5814,0.9547
sym_mig	Round_1_Replicate_5	-8806.14	17620.28	135001700.49	121.21	4.2205,0.9139,1.1825,2.4355
sym_mig	Round_1_Replicate_6	-3235.28	6478.56	85942.39	58.54	6.246,2.1261,0.1249,6.5969
sym_mig	Round_1_Replicate_7	-1274.42	2556.84	3030.48	635.95	0.1386,0.1281,0.9925,0.2179
sym_mig	Round_1_Replicate_8	-6125.25	12258.5	3926400.91	254.72	1.1908,0.5247,1.3517,0.5817
sym_mig	Round_1_Replicate_9	-3418.82	6845.64	108922.65	209.32	1.8706,0.6481,0.3702,0.7678
sym_mig	Round_1_Replicate_10	-7950.58	15909.16	21969056.64	401.48	0.1947,0.5621,3.3346,4.2478
sym_mig	Round_2_Replicate_1	-3086.66	6181.32	24086.59	580.5	0.0767,0.2681,1.5104,0.4144
sym_mig	Round_2_Replicate_2	-759.23	1526.46	1518.12	665.15	0.1876,0.0201,0.4273,0.0891
sym_mig	Round_2_Replicate_3	-1315.78	2639.56	2984.16	628.32	0.1103,0.2015,0.6775,0.6466
sym_mig	Round_2_Replicate_4	-756.15	1520.3	1242.67	646.84	0.1384,0.1491,0.4031,0.3838
sym_mig	Round_2_Replicate_5	-1492.16	2992.32	6821.52	1145.18	0.2242,0.0385,2.613,0.7994
sym_mig	Round_2_Replicate_6	-1658.03	3324.06	8159.11	694.48	0.2748,0.08,1.8461,0.4477
sym_mig	Round_2_Replicate_7	-2289.35	4586.7	11069.08	991.75	0.0746,0.1407,2.082,0.7455
sym_mig	Round_2_Replicate_8	-580.08	1168.16	778.77	741.04	0.118,0.0904,0.4747,0.2252
sym_mig	Round_2_Replicate_9	-886.84	1781.68	1685.21	824.84	0.0684,0.1021,0.5891,0.2679
sym_mig	Round_2_Replicate_10	-1908.59	3825.18	11180.2	827.76	0.1998,0.0787,2.4575,0.4634
sym_mig	Round_3_Replicate_1	-323.64	655.28	277.26	687.9	0.2336,0.0632,0.3421,0.5266
sym_mig	Round_3_Replicate_2	-328.71	665.42	285.95	945.48	0.1362,0.0343,0.6234,0.5419
sym_mig	Round_3_Replicate_3	-988.33	1984.66	1874.7	630.79	0.0964,0.1168,0.1937,0.1332
sym_mig	Round_3_Replicate_4	-374.12	756.24	406.8	925.95	0.0859,0.0275,0.6293,0.1292
sym_mig	Round_3_Replicate_5	-476.42	960.84	511.04	888.82	0.1708,0.0526,0.9272,0.6103
sym_mig	Round_4_Replicate_1	-317.11	642.22	293.16	721.8	0.2104,0.0541,0.2883,0.4406
sym_mig	Round_4_Replicate_2	-320.08	648.16	278.76	818.27	0.1686,0.042,0.4508,0.3935
sym_mig	Round_4_Replicate_3	-319.0	646.0	290.53	829.99	0.1748,0.0358,0.4653,0.4532
sym_mig	Round_4_Replicate_4	-328.54	665.08	338.02	719.3	0.1976,0.0586,0.2183,0.3418
sym_mig	Round_4_Replicate_5	-309.13	626.26	276.02	610.98	0.2824,0.0625,0.2511,0.8844
Model	Replicate	log-likelihood	AIC	chi-squared	theta	optimized_params(nu1, nu2, m, T)
sym_mig	Round_1_Replicate_1	-9322.69	18653.38	176917630.18	163.8	0.7983,1.0378,1.9017,7.4241
sym_mig	Round_1_Replicate_2	-3746.83	7501.66	171026.36	248.34	3.5358,0.4657,0.1875,0.3317
sym_mig	Round_1_Replicate_3	-12049.77	24107.54	7272342808.62	208.28	1.0704,0.7868,3.4242,0.9736
sym_mig	Round_1_Replicate_4	-8248.32	16504.64	64608091.95	336.34	1.8113,0.246,3.3272,0.1197
sym_mig	Round_1_Replicate_5	-3433.28	6874.56	75929.27	97.37	1.4809,1.6215,0.2686,7.2692
sym_mig	Round_1_Replicate_6	-4574.33	9156.66	437625.85	264.84	0.7754,0.6721,0.6331,0.372
sym_mig	Round_1_Replicate_7	-5930.06	11868.12	3268029.44	347.61	0.9052,0.2538,2.5275,0.4831
sym_mig	Round_1_Replicate_8	-5689.74	11387.48	837568.52	76.21	0.7336,4.8643,0.2647,2.6968
sym_mig	Round_1_Replicate_9	-4934.48	9876.96	533957.92	241.28	0.5092,0.9981,0.6317,0.3802
sym_mig	Round_1_Replicate_10	-7481.47	14970.94	22691661.88	185.81	7.8567,1.1096,0.2276,0.3541
sym_mig	Round_2_Replicate_1	-1700.04	3408.08	9040.83	207.48	1.179,0.3858,0.3876,4.4289
sym_mig	Round_2_Replicate_2	-5532.09	11072.18	738304.21	168.71	0.3743,1.3239,0.7749,19.0744
sym_mig	Round_2_Replicate_3	-953.49	1914.98	1769.19	166.33	0.7289,0.6026,0.1797,17.6159
sym_mig	Round_2_Replicate_4	-3834.04	7676.08	201100.04	86.09	3.6227,1.1527,0.3113,7.0705
sym_mig	Round_2_Replicate_5	-5314.62	10637.24	668499.8	63.22	1.3311,3.1434,0.2875,23.6906
sym_mig	Round_2_Replicate_6	-2252.53	4513.06	11024.05	124.92	0.5763,2.2408,0.0729,2.0099
sym_mig	Round_2_Replicate_7	-2105.8	4219.6	9162.36	125.88	0.6621,1.4031,0.1745,6.1187
sym_mig	Round_2_Replicate_8	-6248.04	12504.08	3748288.76	127.92	1.3674,1.1151,0.8111,6.337
sym_mig	Round_2_Replicate_9	-2374.67	4757.34	15695.74	98.07	1.2319,2.9126,0.0472,2.1309
sym_mig	Round_2_Replicate_10	-336.64	681.28	290.04	119.54	1.1322,0.3623,0.0694,17.926
sym_mig	Round_3_Replicate_1	-307.31	622.62	260.85	176.89	0.979,0.1828,0.0937,8.5736
sym_mig	Round_3_Replicate_2	-532.79	1073.58	759.66	108.14	0.811,0.622,0.057,18.4758
sym_mig	Round_3_Replicate_3	-713.59	1435.18	1228.45	151.78	0.4633,0.5579,0.09,14.3467
sym_mig	Round_3_Replicate_4	-1411.63	2831.26	3527.12	116.12	0.7347,1.1766,0.1331,13.7776
sym_mig	Round_3_Replicate_5	-765.32	1538.64	1518.7	121.44	0.4779,0.625,0.0596,17.252
sym_mig	Round_4_Replicate_1	-323.19	654.38	324.0	139.62	1.6369,0.2568,0.0483,6.7446
sym_mig	Round_4_Replicate_2	-306.15	620.3	255.89	193.27	0.9439,0.1936,0.0914,6.2853
sym_mig	Round_4_Replicate_3	-306.35	620.7	265.48	209.26	0.8799,0.1856,0.0887,5.2639
sym_mig	Round_4_Replicate_4	-328.39	664.78	284.55	288.16	0.5375,0.1663,0.1433,4.1663
sym_mig	Round_4_Replicate_5	-307.03	622.06	266.55	145.66	1.3304,0.2466,0.0646,8.0754
Model	Replicate	log-likelihood	AIC	chi-squared	theta	optimized_params(nu1, nu2, m, T)
sym_mig	Round_1_Replicate_1	-9363.64	18735.28	268410298.49	115.44	5.0102,1.4338,0.8168,1.3587
sym_mig	Round_1_Replicate_2	-2658.58	5325.16	44890.36	207.92	2.2733,0.2514,0.6233,2.4832
sym_mig	Round_1_Replicate_3	-10522.25	21052.5	1243414028.13	79.38	4.4084,2.2543,0.7586,2.8976
sym_mig	Round_1_Replicate_4	-6188.92	12385.84	2759162.93	296.57	0.3963,0.6429,1.6053,0.3848
sym_mig	Round_1_Replicate_5	-1006.39	2020.78	2796.66	283.54	1.5409,0.168,0.223,1.05
sym_mig	Round_1_Replicate_6	-967.27	1942.54	1788.3	241.71	0.4576,0.4466,0.2399,6.6219
sym_mig	Round_1_Replicate_7	-5807.07	11622.14	2456017.08	138.7	2.5987,1.8081,0.2361,0.7871
sym_mig	Round_1_Replicate_8	-4744.95	9497.9	695048.27	424.67	0.6931,0.1934,2.4298,1.4548
sym_mig	Round_1_Replicate_9	-9383.95	18775.9	64908022.97	96.39	0.2052,5.6146,1.3474,4.0485
sym_mig	Round_1_Replicate_10	-10958.56	21925.12	1285565073.78	181.7	0.5763,1.2019,2.6925,2.7536
sym_mig	Round_2_Replicate_1	-1612.54	3233.08	4796.82	310.85	0.159,0.5487,0.2425,2.0583
sym_mig	Round_2_Replicate_2	-983.67	1975.34	1817.22	534.2	0.1975,0.1991,0.554,6.892
sym_mig	Round_2_Replicate_3	-897.2	1802.4	1782.66	101.91	1.2817,1.3744,0.0511,6.6023
sym_mig	Round_2_Replicate_4	-4091.01	8190.02	245281.98	149.33	1.6159,0.9499,0.472,2.5355
sym_mig	Round_2_Replicate_5	-567.17	1142.34	990.84	222.09	0.7057,0.5024,0.0533,2.5716
sym_mig	Round_2_Replicate_6	-3401.12	6810.24	37060.02	203.28	0.232,1.1818,0.3881,1.9976
sym_mig	Round_2_Replicate_7	-2297.5	4603.0	9770.33	131.41	0.2858,1.4027,0.167,10.0009
sym_mig	Round_2_Replicate_8	-1343.08	2694.16	4234.28	147.6	0.1981,0.7271,0.0851,15.6263
sym_mig	Round_2_Replicate_9	-315.21	638.42	257.48	283.05	0.5433,0.1145,0.1837,10.4343
sym_mig	Round_2_Replicate_10	-881.15	1770.3	1976.27	292.7	0.8043,0.2267,0.3291,2.6976
sym_mig	Round_3_Replicate_1	-316.62	641.24	277.89	862.44	0.1808,0.0327,0.5661,7.6829
sym_mig	Round_3_Replicate_2	-376.29	760.58	438.68	217.2	1.155,0.1147,0.1116,4.4801
sym_mig	Round_3_Replicate_3	-328.62	665.24	347.15	151.02	1.103,0.1505,0.0945,18.8102
sym_mig	Round_3_Replicate_4	-357.16	722.32	347.24	239.48	0.9187,0.2061,0.1158,3.4589
sym_mig	Round_3_Replicate_5	-634.92	1277.84	1047.83	339.75	0.7365,0.0916,0.3823,22.7418
sym_mig	Round_4_Replicate_1	-312.4	632.8	257.74	271.06	0.5806,0.1186,0.1673,8.0569
sym_mig	Round_4_Replicate_2	-314.44	636.88	283.17	283.79	0.5449,0.1017,0.1628,7.1542
sym_mig	Round_4_Replicate_3	-316.72	641.44	259.37	420.03	0.3551,0.0773,0.2761,14.9651
sym_mig	Round_4_Replicate_4	-315.01	638.02	267.65	426.45	0.3609,0.0703,0.2756,7.5097
sym_mig	Round_4_Replicate_5	-324.71	657.42	303.06	338.08	0.5555,0.0805,0.2099,4.5383
