Model	Replicate	log-likelihood	AIC	chi-squared	theta	optimized_params(nu1, nu2, m, T1, T2)
sec_contact_sym_mig	Round_1_Replicate_1	-2859.79	5729.58	60342.94	165.96	2.9037,0.2829,0.5848,0.3455,4.1786
sec_contact_sym_mig	Round_1_Replicate_2	-14514.16	29038.32	76240888070.12	88.06	0.5449,2.7554,3.5881,7.2952,1.479
sec_contact_sym_mig	Round_1_Replicate_3	-4438.45	8886.9	358034.92	49.39	5.6439,5.3931,0.2328,3.5526,0.1618
sec_contact_sym_mig	Round_1_Replicate_4	-1866.74	3743.48	9872.52	168.99	1.1605,0.8364,0.2169,0.5825,1.9404
sec_contact_sym_mig	Round_1_Replicate_5	-11894.4	23798.8	1895174018.23	144.89	0.1424,6.5155,3.9657,0.1885,0.2406
sec_contact_sym_mig	Round_1_Replicate_6	-13142.2	26294.4	29566283984.48	104.35	5.0275,2.372,1.4778,0.6932,0.2577
sec_contact_sym_mig	Round_1_Replicate_7	-7120.65	14251.3	16389279.4	174.83	2.4534,0.4169,1.8268,1.7182,1.8547
sec_contact_sym_mig	Round_1_Replicate_8	-4370.05	8750.1	461652.43	193.82	1.4495,0.1979,1.7392,4.2778,0.9931
sec_contact_sym_mig	Round_1_Replicate_9	-15416.35	30842.7	269406259379.38	153.92	0.3515,2.612,6.374,0.7171,0.1313
sec_contact_sym_mig	Round_1_Replicate_10	-6970.66	13951.32	7769119.07	38.79	3.1063,6.2428,0.2154,2.0818,7.921
sec_contact_sym_mig	Round_2_Replicate_1	-686.1	1382.2	1055.02	247.48	0.6445,0.3619,0.1985,1.5158,1.2199
sec_contact_sym_mig	Round_2_Replicate_2	-5556.88	11123.76	1623154.32	160.65	1.4957,1.1004,0.7023,0.8018,0.5685
sec_contact_sym_mig	Round_2_Replicate_3	-7875.58	15761.16	34545183.4	128.84	2.0108,1.7559,0.7626,0.703,0.5081
sec_contact_sym_mig	Round_2_Replicate_4	-574.69	1159.38	1052.08	268.89	0.6357,0.4223,0.0518,0.347,1.3463
sec_contact_sym_mig	Round_2_Replicate_5	-3957.01	7924.02	231676.09	146.31	1.9401,0.6793,0.5721,0.1949,4.2084
sec_contact_sym_mig	Round_2_Replicate_6	-3876.3	7762.6	162672.47	133.23	1.7265,2.143,0.0689,0.2204,0.6687
sec_contact_sym_mig	Round_2_Replicate_7	-1443.28	2896.56	5420.03	224.01	0.8784,0.3692,0.3882,2.0627,5.0074
sec_contact_sym_mig	Round_2_Replicate_8	-3187.69	6385.38	83209.18	182.44	2.2914,0.6097,0.4363,0.6335,0.6414
sec_contact_sym_mig	Round_2_Replicate_9	-1697.18	3404.36	5877.83	99.45	0.4935,2.1335,0.0474,1.7221,3.7582
sec_contact_sym_mig	Round_2_Replicate_10	-5010.66	10031.32	712388.76	81.97	2.1833,2.4609,0.2735,0.1913,3.9546
sec_contact_sym_mig	Round_3_Replicate_1	-2072.25	4154.5	12298.65	193.96	0.8885,1.1459,0.0281,0.1615,0.629
sec_contact_sym_mig	Round_3_Replicate_2	-357.12	724.24	374.97	258.07	0.5584,0.2165,0.1025,0.1488,3.951
sec_contact_sym_mig	Round_3_Replicate_3	-512.19	1034.38	812.29	320.15	0.6763,0.2842,0.0819,0.1483,1.0585
sec_contact_sym_mig	Round_3_Replicate_4	-1472.62	2955.24	5128.97	165.15	0.4933,1.4077,0.0139,0.5278,1.2845
sec_contact_sym_mig	Round_3_Replicate_5	-619.49	1248.98	1173.16	142.49	0.9335,0.8265,0.0326,0.5992,4.2436
sec_contact_sym_mig	Round_4_Replicate_1	-305.99	621.98	257.29	170.88	1.0126,0.203,0.0851,0.1197,8.086
sec_contact_sym_mig	Round_4_Replicate_2	-370.68	751.36	515.64	209.48	0.9884,0.301,0.0404,0.4308,2.8628
sec_contact_sym_mig	Round_4_Replicate_3	-309.15	628.3	265.48	354.41	0.4621,0.0883,0.1948,0.2006,3.977
sec_contact_sym_mig	Round_4_Replicate_4	-305.52	621.04	263.58	174.72	1.0437,0.2038,0.0787,0.0876,6.9345
sec_contact_sym_mig	Round_4_Replicate_5	-309.23	628.46	286.86	295.74	0.6616,0.1278,0.1096,0.1282,2.8816
Model	Replicate	log-likelihood	AIC	chi-squared	theta	optimized_params(nu1, nu2, m, T1, T2)
sec_contact_sym_mig	Round_1_Replicate_1	-9722.93	19455.86	414898858.13	38.62	6.6727,4.6616,0.3602,1.0287,7.777
sec_contact_sym_mig	Round_1_Replicate_2	-3865.71	7741.42	244012.53	292.88	1.6929,0.1724,1.5266,0.209,4.8699
sec_contact_sym_mig	Round_1_Replicate_3	-10543.98	21097.96	904454160.38	272.55	0.5686,0.6878,3.606,0.1337,0.2087
sec_contact_sym_mig	Round_1_Replicate_4	-15514.55	31039.1	334130086518.61	155.16	0.4975,1.8689,5.812,1.8642,4.0671
sec_contact_sym_mig	Round_1_Replicate_5	-1314.43	2638.86	3415.95	343.2	0.2334,0.501,0.1778,0.3925,0.461
sec_contact_sym_mig	Round_1_Replicate_6	-2380.26	4770.52	11557.28	158.9	0.2506,1.7363,0.144,1.4034,0.2644
sec_contact_sym_mig	Round_1_Replicate_7	-14226.22	28462.44	51471991267.65	111.89	0.3555,3.2915,4.2934,1.9522,0.2377
sec_contact_sym_mig	Round_1_Replicate_8	-6492.12	12994.24	3125656.9	554.96	0.1412,0.2368,4.9169,0.2628,0.2131
sec_contact_sym_mig	Round_1_Replicate_9	-6698.63	13407.26	6032860.14	87.2	2.378,2.3258,0.6887,2.7004,0.3667
sec_contact_sym_mig	Round_1_Replicate_10	-3446.93	6903.86	136221.53	158.66	4.6302,0.1857,0.907,1.945,1.9601
sec_contact_sym_mig	Round_2_Replicate_1	-2683.21	5376.42	22307.31	322.6	0.2741,0.5938,0.3294,0.1334,0.1538
sec_contact_sym_mig	Round_2_Replicate_2	-1865.3	3740.6	6895.14	276.74	0.2396,0.8047,0.1263,0.326,0.3517
sec_contact_sym_mig	Round_2_Replicate_3	-3063.55	6137.1	26256.95	221.8	0.2454,1.1449,0.3263,0.2733,0.764
sec_contact_sym_mig	Round_2_Replicate_4	-1069.46	2148.92	3270.74	384.22	0.116,0.2087,0.0808,0.5524,1.8332
sec_contact_sym_mig	Round_2_Replicate_5	-1110.77	2231.54	2784.91	438.13	0.1813,0.3398,0.1092,0.1174,0.3881
sec_contact_sym_mig	Round_2_Replicate_6	-3316.1	6642.2	34156.65	284.87	0.1645,0.8817,0.4597,0.1745,0.1913
sec_contact_sym_mig	Round_2_Replicate_7	-2266.41	4542.82	12309.98	219.37	0.1399,1.2073,0.0611,0.5752,0.4733
sec_contact_sym_mig	Round_2_Replicate_8	-1331.64	2673.28	3991.32	431.18	0.3747,0.2339,0.6224,0.2964,0.7455
sec_contact_sym_mig	Round_2_Replicate_9	-3167.7	6345.4	25211.15	278.66	0.1218,0.947,0.4653,0.3109,0.0995
sec_contact_sym_mig	Round_2_Replicate_10	-4527.01	9064.02	115305.55	242.16	0.1099,1.413,0.5832,0.1266,0.1451
sec_contact_sym_mig	Round_3_Replicate_1	-420.51	851.02	527.05	435.92	0.2487,0.077,0.1807,0.7539,2.2442
sec_contact_sym_mig	Round_3_Replicate_2	-310.36	630.72	271.06	562.33	0.3305,0.0704,0.2391,0.1584,0.7547
sec_contact_sym_mig	Round_3_Replicate_3	-711.0	1432.0	1405.14	390.77	0.2298,0.0544,0.0914,0.5105,2.6274
sec_contact_sym_mig	Round_3_Replicate_4	-696.01	1402.02	1861.62	367.12	0.2962,0.162,0.0308,0.3884,1.6495
sec_contact_sym_mig	Round_3_Replicate_5	-1140.57	2291.14	2986.02	462.16	0.1363,0.3182,0.1646,0.1384,0.5844
sec_contact_sym_mig	Round_4_Replicate_1	-315.21	640.42	273.06	553.66	0.3266,0.0545,0.3298,0.2618,1.3917
sec_contact_sym_mig	Round_4_Replicate_2	-311.66	633.32	258.72	738.39	0.2136,0.0438,0.4418,0.1064,0.8519
sec_contact_sym_mig	Round_4_Replicate_3	-308.76	627.52	261.99	634.3	0.2572,0.0508,0.3461,0.1165,1.231
sec_contact_sym_mig	Round_4_Replicate_4	-307.42	624.84	265.94	592.67	0.3034,0.0568,0.2845,0.122,0.9411
sec_contact_sym_mig	Round_4_Replicate_5	-317.37	644.74	320.3	509.15	0.3788,0.0616,0.1871,0.1418,1.1116
Model	Replicate	log-likelihood	AIC	chi-squared	theta	optimized_params(nu1, nu2, m, T1, T2)
sec_contact_sym_mig	Round_1_Replicate_1	-5418.67	10847.34	531849.1	114.82	0.4618,3.7353,0.3956,0.6948,0.301
sec_contact_sym_mig	Round_1_Replicate_2	-2102.2	4214.4	16440.57	331.5	0.8276,0.307,0.5846,0.2938,0.1234
sec_contact_sym_mig	Round_1_Replicate_3	-17053.71	34117.42	1797889588917.78	70.84	0.7065,3.0523,4.9335,8.0233,0.329
sec_contact_sym_mig	Round_1_Replicate_4	-5361.38	10732.76	1430515.77	109.86	2.3588,1.0154,0.6047,0.1789,6.2467
sec_contact_sym_mig	Round_1_Replicate_5	-6486.13	12982.26	4693570.43	718.13	0.2009,0.1744,5.6643,0.6135,0.8175
sec_contact_sym_mig	Round_1_Replicate_6	-2293.84	4597.68	25886.06	272.12	1.3002,0.1785,0.7991,1.1532,3.3307
sec_contact_sym_mig	Round_1_Replicate_7	-4568.75	9147.5	581797.2	191.0	2.4584,0.4588,0.844,0.3209,1.2339
sec_contact_sym_mig	Round_1_Replicate_8	-593.0	1196.0	991.17	306.65	1.101,0.1643,0.1391,0.4607,0.7005
sec_contact_sym_mig	Round_1_Replicate_9	-2669.14	5348.28	27031.43	144.43	1.1769,1.3165,0.3048,1.6579,0.3736
sec_contact_sym_mig	Round_1_Replicate_10	-7292.74	14595.48	16041602.56	43.28	4.8005,4.2068,0.2663,3.8033,5.2938
sec_contact_sym_mig	Round_2_Replicate_1	-486.85	983.7	648.57	478.5	0.5396,0.0795,0.2994,0.2606,0.4106
sec_contact_sym_mig	Round_2_Replicate_2	-2590.63	5191.26	33519.79	208.22	3.4733,0.5727,0.0738,0.3147,0.2621
sec_contact_sym_mig	Round_2_Replicate_3	-2089.39	4188.78	16622.45	230.12	3.0024,0.4258,0.0928,0.308,0.2485
sec_contact_sym_mig	Round_2_Replicate_4	-343.51	697.02	398.13	532.24	0.3088,0.0789,0.1444,0.3765,0.6313
sec_contact_sym_mig	Round_2_Replicate_5	-380.85	771.7	490.31	327.07	0.8077,0.0757,0.1136,0.4,1.5946
sec_contact_sym_mig	Round_2_Replicate_6	-421.05	852.1	620.79	339.03	0.4878,0.0786,0.0852,1.7845,0.4747
sec_contact_sym_mig	Round_2_Replicate_7	-2237.03	4484.06	21983.63	151.28	2.6207,0.6306,0.2587,0.9789,1.2447
sec_contact_sym_mig	Round_2_Replicate_8	-1749.93	3509.86	10754.69	223.73	2.905,0.2448,0.2943,0.1748,0.8572
sec_contact_sym_mig	Round_2_Replicate_9	-497.39	1004.78	851.75	361.34	0.3789,0.0507,0.1038,1.3462,1.4174
sec_contact_sym_mig	Round_2_Replicate_10	-1403.21	2816.42	5772.41	275.06	1.4254,0.3504,0.104,0.3481,0.2361
sec_contact_sym_mig	Round_3_Replicate_1	-316.76	643.52	277.74	609.61	0.2723,0.0465,0.3956,0.4024,1.4235
sec_contact_sym_mig	Round_3_Replicate_2	-356.14	722.28	464.45	572.88	0.2627,0.0318,0.3626,0.8331,1.0506
sec_contact_sym_mig	Round_3_Replicate_3	-411.57	833.14	509.39	469.88	0.2392,0.0782,0.1845,0.3382,2.2271
sec_contact_sym_mig	Round_3_Replicate_4	-460.69	931.38	1016.09	564.22	0.2693,0.1211,0.0293,0.3363,0.1834
sec_contact_sym_mig	Round_3_Replicate_5	-675.41	1360.82	1221.41	314.89	0.9744,0.1176,0.2823,0.2834,1.6673
sec_contact_sym_mig	Round_4_Replicate_1	-359.78	729.56	420.53	622.03	0.2788,0.0319,0.5044,0.6735,0.8393
sec_contact_sym_mig	Round_4_Replicate_2	-336.16	682.32	388.9	569.96	0.3372,0.0404,0.2579,0.2707,0.8514
sec_contact_sym_mig	Round_4_Replicate_3	-314.97	639.94	266.35	680.06	0.2258,0.0445,0.4397,0.2787,2.2966
sec_contact_sym_mig	Round_4_Replicate_4	-312.88	635.76	263.32	663.42	0.2325,0.047,0.4064,0.3229,0.9978
sec_contact_sym_mig	Round_4_Replicate_5	-306.18	622.36	258.65	381.28	0.4511,0.0897,0.1906,0.5261,2.2525
