Model	Replicate	log-likelihood	AIC	chi-squared	theta	optimized_params(nu1, nu2, T)
no_mig	Round_1_Replicate_1	-6489.95	12985.9	701831884.4	83.57	4.5927,9.2117,0.427
no_mig	Round_1_Replicate_2	-542.17	1090.34	5081.49	163.11	0.5879,0.5197,1.6549
no_mig	Round_1_Replicate_3	-2870.92	5747.84	239791.74	193.31	0.4106,2.7944,0.1803
no_mig	Round_1_Replicate_4	-2157.81	4321.62	71894.37	151.06	1.8833,0.2829,0.1849
no_mig	Round_1_Replicate_5	-555.54	1117.08	9710.6	170.45	0.539,0.4197,1.795
no_mig	Round_1_Replicate_6	-2151.98	4309.96	64792.02	106.02	3.933,0.453,0.3418
no_mig	Round_1_Replicate_7	-774.77	1555.54	4.452516032938855e+16	89.34	1.1533,0.1472,5.1642
no_mig	Round_1_Replicate_8	-2084.06	4174.12	57665.64	129.84	4.7221,0.1739,0.1603
no_mig	Round_1_Replicate_9	-685.91	1377.82	2520.84	297.78	0.1773,0.404,0.4845
no_mig	Round_1_Replicate_10	-3078.53	6163.06	485809.27	82.28	4.1124,1.6141,0.5937
no_mig	Round_2_Replicate_1	-968.15	1942.3	22598.07	147.31	0.2804,1.2987,1.9971
no_mig	Round_2_Replicate_2	-866.47	1738.94	255193876059304.84	170.15	0.3839,0.1114,2.9617
no_mig	Round_2_Replicate_3	-1179.22	2364.44	137552479.54	84.15	0.328,2.071,5.1817
no_mig	Round_2_Replicate_4	-584.61	1175.22	97170.51	78.46	1.6996,0.5083,4.1434
no_mig	Round_2_Replicate_5	-897.47	1800.94	1803222645729.3	195.86	0.2729,0.1289,2.5939
no_mig	Round_2_Replicate_6	-568.82	1143.64	1753.36	188.01	0.5452,0.525,0.8883
no_mig	Round_2_Replicate_7	-1097.29	2200.58	110039571.27	90.7	0.3413,1.6302,5.0997
no_mig	Round_2_Replicate_8	-917.81	1841.62	3381.24	160.69	0.3862,1.4361,1.0128
no_mig	Round_2_Replicate_9	-550.54	1107.08	19719.06	120.86	0.9511,0.4254,2.6297
no_mig	Round_2_Replicate_10	-1488.98	2983.96	14774.42	102.98	2.1345,0.8653,0.7583
no_mig	Round_3_Replicate_1	-546.14	1098.28	12902.41	119.26	0.9438,0.493,2.6276
no_mig	Round_3_Replicate_2	-999.6	2005.2	3417.91	178.17	0.3755,1.311,0.675
no_mig	Round_3_Replicate_3	-555.71	1117.42	12189.44	106.96	1.2261,0.4603,2.6481
no_mig	Round_3_Replicate_4	-488.02	982.04	1876.19	220.68	0.5645,0.2058,0.6584
no_mig	Round_3_Replicate_5	-576.85	1159.7	9525.65	76.4	1.3919,1.1214,4.3136
no_mig	Round_4_Replicate_1	-647.71	1301.42	18194.07	144.38	1.1428,0.1627,1.2629
no_mig	Round_4_Replicate_2	-415.76	837.52	1464.83	306.09	0.3059,0.1464,0.4402
no_mig	Round_4_Replicate_3	-447.9	901.8	1821.13	250.5	0.4307,0.2032,0.6296
no_mig	Round_4_Replicate_4	-504.22	1014.44	2454.7	180.12	0.693,0.3279,1.0387
no_mig	Round_4_Replicate_5	-504.19	1014.38	4875.45	176.11	0.6628,0.3227,1.3216
Model	Replicate	log-likelihood	AIC	chi-squared	theta	optimized_params(nu1, nu2, T)
no_mig	Round_1_Replicate_1	-1121.53	2249.06	4808.7	272.64	0.2416,0.3325,0.1806
no_mig	Round_1_Replicate_2	-524.7	1055.4	9657.26	166.5	0.7102,0.2849,1.5654
no_mig	Round_1_Replicate_3	-818.24	1642.48	447392.88	80.09	0.6499,1.5302,5.5649
no_mig	Round_1_Replicate_4	-575.22	1156.44	59388.25	147.98	0.8954,0.208,1.7981
no_mig	Round_1_Replicate_5	-686.01	1378.02	4378458.05	55.88	2.8786,0.4333,5.3292
no_mig	Round_1_Replicate_6	-1113.86	2233.72	14057443.0	51.26	5.285,0.1877,2.7864
no_mig	Round_1_Replicate_7	-658.72	1323.44	3315.7	142.11	1.2345,0.2502,0.9673
no_mig	Round_1_Replicate_8	-819.87	1645.74	3081.89	163.47	1.2251,0.1474,0.4494
no_mig	Round_1_Replicate_9	-1529.1	3064.2	3796199.58	92.59	0.2121,3.7332,2.9146
no_mig	Round_1_Replicate_10	-5436.75	10879.5	78152047.98	104.8	2.3845,8.6564,0.3633
no_mig	Round_2_Replicate_1	-594.9	1195.8	5616.46	78.84	1.7745,0.8604,3.2368
no_mig	Round_2_Replicate_2	-604.9	1215.8	127378.95	93.68	1.5345,0.3434,3.1023
no_mig	Round_2_Replicate_3	-669.5	1345.0	6746891770.37	151.1	0.666,0.1317,2.6146
no_mig	Round_2_Replicate_4	-645.65	1297.3	1957147.86	67.33	2.2153,0.4066,4.6361
no_mig	Round_2_Replicate_5	-734.96	1475.92	3571.65	153.86	1.2417,0.1638,0.6738
no_mig	Round_2_Replicate_6	-652.54	1311.08	1763.32	251.01	0.2865,0.4697,0.4963
no_mig	Round_2_Replicate_7	-554.95	1115.9	26916.48	189.88	0.5408,0.2295,1.5851
no_mig	Round_2_Replicate_8	-573.18	1152.36	1661.12	191.08	0.7031,0.2977,0.6604
no_mig	Round_2_Replicate_9	-893.73	1793.46	3335.86	175.81	0.7,0.5779,0.5668
no_mig	Round_2_Replicate_10	-1431.14	2868.28	12777.71	99.53	1.9384,1.1248,0.9201
no_mig	Round_3_Replicate_1	-517.79	1041.58	3766.87	154.77	0.7601,0.4404,1.5029
no_mig	Round_3_Replicate_2	-499.55	1005.1	2289.97	185.13	0.6591,0.3298,1.0
no_mig	Round_3_Replicate_3	-563.75	1133.5	1954.53	186.11	0.5178,0.5608,1.0
no_mig	Round_3_Replicate_4	-485.46	976.92	2274.21	201.23	0.5983,0.277,0.8855
no_mig	Round_3_Replicate_5	-540.91	1087.82	2680.41	144.18	0.857,0.5209,1.4588
no_mig	Round_4_Replicate_1	-478.41	962.82	3192.96	212.0	0.5115,0.2805,0.9815
no_mig	Round_4_Replicate_2	-496.57	999.14	2505.31	192.45	0.6543,0.2725,0.9259
no_mig	Round_4_Replicate_3	-560.97	1127.94	2960.07	156.48	0.9448,0.2978,1.0849
no_mig	Round_4_Replicate_4	-475.24	956.48	2933.5	214.55	0.5063,0.2772,0.9439
no_mig	Round_4_Replicate_5	-435.69	877.38	1778.62	271.08	0.3637,0.1993,0.5937
Model	Replicate	log-likelihood	AIC	chi-squared	theta	optimized_params(nu1, nu2, T)
no_mig	Round_1_Replicate_1	-4968.8	9943.6	29400658.9	164.84	0.9247,3.4879,0.1553
no_mig	Round_1_Replicate_2	-638.77	1283.54	3390.76	244.95	0.2621,0.4837,0.8554
no_mig	Round_1_Replicate_3	-1197.12	2400.24	3.159726785323123e+21	139.33	0.2356,0.1541,4.6262
no_mig	Round_1_Replicate_4	-4195.95	8397.9	5911612.94	122.81	3.6149,0.8093,0.1965
no_mig	Round_1_Replicate_5	-4305.84	8617.68	7233501.07	100.36	3.1613,2.217,0.3845
no_mig	Round_1_Replicate_6	-463.99	933.98	950.19	320.11	0.2538,0.1447,0.2628
no_mig	Round_1_Replicate_7	-1812.24	3630.48	29140.83	133.96	1.1145,1.2825,0.5407
no_mig	Round_1_Replicate_8	-2968.26	5942.52	344844.57	61.78	3.1303,6.7947,1.2694
no_mig	Round_1_Replicate_9	-1381.94	2769.88	6088.36	171.32	0.2537,3.1828,0.5203
no_mig	Round_1_Replicate_10	-1355.17	2716.34	1565141.21	97.89	0.2451,2.853,3.0866
no_mig	Round_2_Replicate_1	-563.89	1133.78	1822.73	216.51	0.6434,0.1589,0.4956
no_mig	Round_2_Replicate_2	-804.28	1614.56	7717.47	275.49	0.4266,0.029,0.1808
no_mig	Round_2_Replicate_3	-604.11	1214.22	2270.9	161.69	0.9696,0.2758,0.8461
no_mig	Round_2_Replicate_4	-428.27	862.54	2007.01	334.72	0.2427,0.1528,0.4739
no_mig	Round_2_Replicate_5	-476.0	958.0	2464.33	449.87	0.1271,0.0318,0.1412
no_mig	Round_2_Replicate_6	-619.57	1245.14	2352.21	302.87	0.1902,0.3542,0.5158
no_mig	Round_2_Replicate_7	-1448.24	2902.48	10287.79	242.35	0.2923,0.5354,0.1977
no_mig	Round_2_Replicate_8	-394.96	795.92	1435.34	408.0	0.1705,0.0786,0.2582
no_mig	Round_2_Replicate_9	-539.27	1084.54	1491.17	257.72	0.4675,0.1173,0.3406
no_mig	Round_2_Replicate_10	-621.36	1248.72	2342.26	176.72	0.9081,0.1995,0.666
no_mig	Round_3_Replicate_1	-533.36	1072.72	17026.44	292.38	0.3714,0.0747,0.5793
no_mig	Round_3_Replicate_2	-386.22	778.44	855.67	414.79	0.142,0.0925,0.2055
no_mig	Round_3_Replicate_3	-443.16	892.32	1685.54	258.58	0.388,0.2242,0.6262
no_mig	Round_3_Replicate_4	-566.95	1139.9	21805.76	253.27	0.49,0.0771,0.6451
no_mig	Round_3_Replicate_5	-392.73	791.46	1142.3	362.55	0.2106,0.1183,0.3169
no_mig	Round_4_Replicate_1	-385.06	776.12	958.79	385.47	0.181,0.0989,0.2513
no_mig	Round_4_Replicate_2	-388.21	782.42	1005.73	375.09	0.1925,0.1095,0.2769
no_mig	Round_4_Replicate_3	-379.3	764.6	910.45	419.19	0.1466,0.0774,0.2012
no_mig	Round_4_Replicate_4	-383.43	772.86	1023.73	397.86	0.1696,0.0946,0.2499
no_mig	Round_4_Replicate_5	-397.22	800.44	1251.73	358.36	0.2261,0.1007,0.3063
