Model	Replicate	log-likelihood	AIC	chi-squared	theta	optimized_params(nu1, nu2, m, T)
sym_mig	Round_1_Replicate_1	-2940.29	5888.58	220186.07	284.49	0.1271,1.2213,2.7844,3.5394
sym_mig	Round_1_Replicate_2	-1782.23	3572.46	19452.81	134.53	0.5994,3.2789,0.1284,0.673
sym_mig	Round_1_Replicate_3	-2902.22	5812.44	561157.09	155.84	1.0522,0.3697,1.2031,0.8048
sym_mig	Round_1_Replicate_4	-3228.61	6465.22	842739.95	149.7	0.9376,1.1439,0.6577,0.398
sym_mig	Round_1_Replicate_5	-2883.32	5774.64	587091.4	86.37	3.0727,0.1551,0.9152,4.2752
sym_mig	Round_1_Replicate_6	-3468.07	6944.14	1032854.19	129.57	0.6334,5.1624,0.7691,0.5942
sym_mig	Round_1_Replicate_7	-6102.07	12212.14	328527070.59	124.59	0.362,6.0576,4.5303,4.5728
sym_mig	Round_1_Replicate_8	-2369.56	4747.12	104150.33	54.12	2.2371,5.4359,0.1309,2.6518
sym_mig	Round_1_Replicate_9	-2811.41	5630.82	197240.35	200.45	0.2933,2.7822,0.8004,0.2161
sym_mig	Round_1_Replicate_10	-5684.49	11376.98	179816540.03	119.74	1.8089,1.6417,1.2349,0.3585
sym_mig	Round_2_Replicate_1	-1844.15	3696.3	16875.23	146.94	0.3549,5.7565,0.2264,0.5768
sym_mig	Round_2_Replicate_2	-3626.7	7261.4	1569227.99	91.69	1.9073,6.4601,0.0696,0.6649
sym_mig	Round_2_Replicate_3	-3062.34	6132.68	448639.32	146.55	0.8504,2.777,0.1264,0.3413
sym_mig	Round_2_Replicate_4	-3192.87	6393.74	592933.12	104.74	1.5598,4.6451,0.0233,0.572
sym_mig	Round_2_Replicate_5	-5117.12	10242.24	41965967.4	107.77	1.778,8.8762,0.2389,0.4081
sym_mig	Round_2_Replicate_6	-2063.27	4134.54	37194.96	94.12	0.907,6.845,0.1341,1.1001
sym_mig	Round_2_Replicate_7	-1281.43	2570.86	3634.39	114.05	0.2753,2.716,0.1765,2.4802
sym_mig	Round_2_Replicate_8	-6139.31	12286.62	376011178.68	119.18	1.8545,10.9323,0.2585,0.2812
sym_mig	Round_2_Replicate_9	-1497.66	3003.32	6282.01	151.6	0.2046,6.1145,0.0281,0.6466
sym_mig	Round_2_Replicate_10	-1010.28	2028.56	3154.92	199.94	0.3677,0.8878,0.1535,0.5771
sym_mig	Round_3_Replicate_1	-1196.43	2400.86	2916.72	180.04	0.1209,1.3099,0.2686,2.0093
sym_mig	Round_3_Replicate_2	-1136.51	2281.02	2786.96	237.25	0.1426,0.9763,0.3389,0.6927
sym_mig	Round_3_Replicate_3	-1144.79	2297.58	3083.57	169.9	0.2272,1.1911,0.358,2.2421
sym_mig	Round_3_Replicate_4	-475.04	958.08	923.48	126.61	0.5517,0.9045,0.0187,2.8249
sym_mig	Round_3_Replicate_5	-1325.82	2659.64	9012.38	137.03	0.8308,1.2111,0.1426,0.8704
sym_mig	Round_4_Replicate_1	-376.25	760.5	555.45	120.59	1.0206,0.4978,0.0341,2.3351
sym_mig	Round_4_Replicate_2	-312.4	632.8	284.15	121.23	0.6068,0.608,0.0681,4.106
sym_mig	Round_4_Replicate_3	-289.86	587.72	220.73	157.41	0.409,0.3439,0.1577,5.6542
sym_mig	Round_4_Replicate_4	-473.39	954.78	719.19	132.6	0.7241,0.8288,0.0379,1.9659
sym_mig	Round_4_Replicate_5	-359.74	727.48	534.38	145.8	0.7589,0.4536,0.0341,1.9409
Model	Replicate	log-likelihood	AIC	chi-squared	theta	optimized_params(nu1, nu2, m, T)
sym_mig	Round_1_Replicate_1	-6803.31	13614.62	2048723451.5	68.76	2.4247,1.2402,2.3854,3.2418
sym_mig	Round_1_Replicate_2	-6304.65	12617.3	576350302.02	132.96	1.1824,6.7173,1.2165,0.2691
sym_mig	Round_1_Replicate_3	-5349.0	10706.0	88572363.64	45.99	2.4486,3.1496,0.8451,5.9263
sym_mig	Round_1_Replicate_4	-5136.97	10281.94	46353122.87	110.17	1.6811,5.7062,0.4137,0.413
sym_mig	Round_1_Replicate_5	-8132.03	16272.06	30822351068.7	133.78	1.33,1.4411,4.7412,0.3045
sym_mig	Round_1_Replicate_6	-1053.23	2114.46	4356.27	265.02	0.2943,0.2967,0.124,0.2092
sym_mig	Round_1_Replicate_7	-1608.5	3225.0	11355.79	265.24	0.1699,0.6373,0.3914,0.1636
sym_mig	Round_1_Replicate_8	-4561.44	9130.88	11134395.42	202.81	0.2711,2.0628,3.4844,0.2794
sym_mig	Round_1_Replicate_9	-9657.84	19323.68	681591792138.0	71.49	2.8244,2.4182,4.8503,1.1095
sym_mig	Round_1_Replicate_10	-8508.37	17024.74	61439437893.76	128.11	2.7825,4.5111,1.1954,0.162
sym_mig	Round_2_Replicate_1	-1374.99	2757.98	4637.84	268.79	0.1036,0.9601,0.1784,0.2082
sym_mig	Round_2_Replicate_2	-1228.73	2465.46	8737.22	189.08	1.0895,0.0703,0.2868,0.1901
sym_mig	Round_2_Replicate_3	-951.42	1910.84	2159.59	217.84	0.16,1.0414,0.0883,0.8284
sym_mig	Round_2_Replicate_4	-974.72	1957.44	2486.94	359.16	0.0834,0.1827,0.0663,0.0971
sym_mig	Round_2_Replicate_5	-918.57	1845.14	1989.9	307.41	0.1309,0.4382,0.1991,0.2563
sym_mig	Round_2_Replicate_6	-1293.09	2594.18	8439.08	148.72	0.8478,0.9981,0.0345,0.6219
sym_mig	Round_2_Replicate_7	-359.11	726.22	545.63	284.12	0.359,0.1557,0.0714,0.504
sym_mig	Round_2_Replicate_8	-1602.35	3212.7	6892.33	298.28	0.0674,0.6414,0.2951,0.0944
sym_mig	Round_2_Replicate_9	-353.32	714.64	514.44	453.28	0.1086,0.0624,0.0871,0.144
sym_mig	Round_2_Replicate_10	-495.97	999.94	996.56	209.65	0.6858,0.1324,0.1074,0.6832
sym_mig	Round_3_Replicate_1	-264.44	536.88	282.88	432.08	0.1596,0.0851,0.226,0.372
sym_mig	Round_3_Replicate_2	-378.81	765.62	654.7	471.93	0.0972,0.0902,0.0718,0.1928
sym_mig	Round_3_Replicate_3	-458.92	925.84	3109.89	389.89	0.2132,0.0419,0.0257,0.2877
sym_mig	Round_3_Replicate_4	-589.03	1186.06	1613.4	485.3	0.0702,0.1236,0.0393,0.2127
sym_mig	Round_3_Replicate_5	-375.01	758.02	703.35	535.13	0.0622,0.0315,0.0783,0.0874
sym_mig	Round_4_Replicate_1	-241.75	491.5	200.29	414.25	0.1798,0.0761,0.3518,0.824
sym_mig	Round_4_Replicate_2	-241.69	491.38	218.12	430.75	0.1595,0.0734,0.3336,0.8252
sym_mig	Round_4_Replicate_3	-273.81	555.62	322.79	446.98	0.1452,0.0805,0.2052,0.3195
sym_mig	Round_4_Replicate_4	-262.49	532.98	340.66	400.8	0.196,0.0764,0.1939,0.4923
sym_mig	Round_4_Replicate_5	-249.82	507.64	258.58	465.76	0.1459,0.0646,0.3187,0.4202
Model	Replicate	log-likelihood	AIC	chi-squared	theta	optimized_params(nu1, nu2, m, T)
sym_mig	Round_1_Replicate_1	-5967.53	11943.06	310805041.99	66.49	4.8344,2.5067,0.6993,0.8325
sym_mig	Round_1_Replicate_2	-5593.87	11195.74	121335940.62	94.73	3.3638,3.644,0.1954,0.3985
sym_mig	Round_1_Replicate_3	-5124.38	10256.76	76408011.12	77.76	5.0068,0.2907,2.2574,6.0187
sym_mig	Round_1_Replicate_4	-1842.05	3692.1	41733.1	160.04	1.8608,0.1184,0.3845,0.1653
sym_mig	Round_1_Replicate_5	-5547.88	11103.76	178975700.91	177.95	1.2832,0.2222,5.0653,7.0437
sym_mig	Round_1_Replicate_6	-268.58	545.16	220.99	144.1	0.6155,0.2823,0.1219,4.0406
sym_mig	Round_1_Replicate_7	-9646.34	19300.68	677320704358.02	113.98	2.4664,5.2271,3.4694,0.235
sym_mig	Round_1_Replicate_8	-1600.87	3209.74	21084.37	384.93	0.2482,0.2081,1.7724,1.93
sym_mig	Round_1_Replicate_9	-5960.52	11929.04	237529381.59	75.48	8.6137,2.6826,0.1553,0.4143
sym_mig	Round_1_Replicate_10	-5300.95	10609.9	82225970.22	98.12	1.2259,1.2936,1.8098,2.1244
sym_mig	Round_2_Replicate_1	-259.02	526.04	387.27	161.78	0.4395,0.1175,0.112,5.2759
sym_mig	Round_2_Replicate_2	-479.41	966.82	659.15	155.69	0.4965,0.7924,0.0574,1.808
sym_mig	Round_2_Replicate_3	-758.4	1524.8	1630.67	198.17	0.3406,0.5416,0.398,2.6737
sym_mig	Round_2_Replicate_4	-430.31	868.62	661.44	142.82	0.2772,0.5215,0.0695,4.8029
sym_mig	Round_2_Replicate_5	-547.88	1103.76	1031.44	63.24	1.6419,1.0356,0.0904,7.9103
sym_mig	Round_2_Replicate_6	-598.28	1204.56	858.71	238.34	0.236,0.4389,0.3828,2.6251
sym_mig	Round_2_Replicate_7	-371.82	751.64	427.14	124.7	0.3424,0.5541,0.104,7.9562
sym_mig	Round_2_Replicate_8	-867.19	1742.38	3402.68	122.3	1.574,0.2736,0.1429,1.1622
sym_mig	Round_2_Replicate_9	-324.35	656.7	713.39	51.32	2.0542,0.2225,0.0406,13.8003
sym_mig	Round_2_Replicate_10	-239.9	487.8	209.59	146.96	0.4806,0.1906,0.131,7.076
sym_mig	Round_3_Replicate_1	-288.07	584.14	231.23	150.47	0.548,0.3689,0.1204,3.5126
sym_mig	Round_3_Replicate_2	-351.94	711.88	442.9	132.3	0.9171,0.3457,0.0824,2.4654
sym_mig	Round_3_Replicate_3	-255.44	518.88	344.41	144.44	0.5932,0.1337,0.1091,5.0704
sym_mig	Round_3_Replicate_4	-240.62	489.24	229.41	223.38	0.3612,0.1344,0.1588,2.5713
sym_mig	Round_3_Replicate_5	-245.65	499.3	233.98	172.18	0.4862,0.2136,0.1012,3.0709
sym_mig	Round_4_Replicate_1	-242.84	493.68	194.52	234.95	0.2811,0.1325,0.2247,4.9336
sym_mig	Round_4_Replicate_2	-242.01	492.02	217.28	129.76	0.5094,0.2328,0.1081,7.9691
sym_mig	Round_4_Replicate_3	-240.4	488.8	226.04	104.17	0.7693,0.294,0.074,6.9855
sym_mig	Round_4_Replicate_4	-245.06	498.12	253.53	147.79	0.4572,0.1455,0.1423,11.7153
sym_mig	Round_4_Replicate_5	-240.98	489.96	218.89	194.71	0.3441,0.1461,0.1668,5.1233
