Model	Replicate	log-likelihood	AIC	chi-squared	theta	optimized_params(nu1, nu2, m, T1, T2)
sec_contact_sym_mig	Round_1_Replicate_1	-1604.11	3218.22	26336.79	55.57	4.3371,0.3394,0.1862,0.7739,2.6258
sec_contact_sym_mig	Round_1_Replicate_2	-1315.81	2641.62	12945.25	68.24	2.5463,0.3411,0.2168,0.1823,5.1892
sec_contact_sym_mig	Round_1_Replicate_3	-5913.78	11837.56	325427114.31	60.61	3.6944,4.4823,1.0364,0.9014,0.2359
sec_contact_sym_mig	Round_1_Replicate_4	-1630.28	3270.56	8285.36	93.87	0.3477,3.6905,0.2593,0.5114,2.674
sec_contact_sym_mig	Round_1_Replicate_5	-350.08	710.16	313.2	273.05	0.1938,0.2328,0.3397,2.3551,6.4946
sec_contact_sym_mig	Round_1_Replicate_6	-4876.88	9763.76	23549658.96	123.41	0.5871,8.2143,1.7046,0.2413,0.392
sec_contact_sym_mig	Round_1_Replicate_7	-4112.67	8235.34	3259520.22	137.16	0.2181,1.8562,4.383,1.8776,0.1684
sec_contact_sym_mig	Round_1_Replicate_8	-538.19	1086.38	671.06	205.5	0.2723,0.6648,0.1891,0.9436,0.3589
sec_contact_sym_mig	Round_1_Replicate_9	-4282.2	8574.4	8624805.05	121.16	0.7118,0.7759,2.1444,3.0815,1.9114
sec_contact_sym_mig	Round_1_Replicate_10	-2833.72	5677.44	342447.63	36.03	2.4379,5.5011,0.4152,6.4048,0.7442
sec_contact_sym_mig	Round_2_Replicate_1	-524.86	1059.72	1480.92	213.87	0.1296,0.0607,0.1491,8.5543,13.6909
sec_contact_sym_mig	Round_2_Replicate_2	-1319.08	2648.16	11211.12	260.64	0.4035,0.252,0.9833,3.4529,13.0391
sec_contact_sym_mig	Round_2_Replicate_3	-302.95	615.9	397.85	383.96	0.1141,0.0763,0.3258,8.4345,11.493
sec_contact_sym_mig	Round_2_Replicate_4	-594.96	1199.92	1513.8	165.13	0.1231,0.1832,0.1147,2.1322,20.6453
sec_contact_sym_mig	Round_2_Replicate_5	-338.4	686.8	505.1	513.86	0.0755,0.0588,0.4171,0.6591,17.8619
sec_contact_sym_mig	Round_2_Replicate_6	-632.44	1274.88	1770.64	180.65	0.0927,0.1148,0.1672,6.8939,4.1895
sec_contact_sym_mig	Round_2_Replicate_7	-334.5	679.0	569.65	155.08	0.2728,0.1341,0.1189,0.6191,14.5018
sec_contact_sym_mig	Round_2_Replicate_8	-306.29	622.58	420.08	146.58	0.2889,0.1754,0.133,4.0711,3.1011
sec_contact_sym_mig	Round_2_Replicate_9	-855.53	1721.06	1505.72	173.88	0.1864,0.8835,0.2852,0.7405,3.0145
sec_contact_sym_mig	Round_2_Replicate_10	-332.04	674.08	280.98	797.59	0.0715,0.0746,0.9839,1.0604,8.4061
sec_contact_sym_mig	Round_3_Replicate_1	-271.97	553.94	417.51	577.73	0.1093,0.0233,0.5814,17.1164,4.9952
sec_contact_sym_mig	Round_3_Replicate_2	-270.51	551.02	259.33	227.95	0.2031,0.09,0.3663,11.6577,3.4993
sec_contact_sym_mig	Round_3_Replicate_3	-262.69	535.38	226.8	580.86	0.1331,0.0445,0.6869,12.1018,6.478
sec_contact_sym_mig	Round_3_Replicate_4	-452.69	915.38	994.53	243.17	0.1237,0.0851,0.174,13.4055,22.764
sec_contact_sym_mig	Round_3_Replicate_5	-285.16	580.32	370.86	394.28	0.122,0.063,0.3365,14.2181,22.1704
sec_contact_sym_mig	Round_4_Replicate_1	-242.94	495.88	210.01	433.19	0.1519,0.0595,0.4458,8.0148,9.9461
sec_contact_sym_mig	Round_4_Replicate_2	-244.64	499.28	209.49	1167.23	0.0528,0.0242,1.1677,7.8993,8.7786
sec_contact_sym_mig	Round_4_Replicate_3	-243.45	496.9	206.32	993.11	0.0639,0.0278,1.0074,4.6992,9.1452
sec_contact_sym_mig	Round_4_Replicate_4	-327.17	664.34	296.43	690.14	0.1084,0.066,0.9514,7.6064,10.514
sec_contact_sym_mig	Round_4_Replicate_5	-249.44	508.88	226.1	547.27	0.1115,0.0403,0.6579,7.5085,3.1872
Model	Replicate	log-likelihood	AIC	chi-squared	theta	optimized_params(nu1, nu2, m, T1, T2)
sec_contact_sym_mig	Round_1_Replicate_1	-6820.23	13650.46	2252981028.15	25.08	6.355,3.8107,0.8621,7.5937,1.323
sec_contact_sym_mig	Round_1_Replicate_2	-5104.16	10218.32	47115430.24	76.33	1.173,3.2996,1.1976,0.1772,2.4274
sec_contact_sym_mig	Round_1_Replicate_3	-6951.18	13912.36	3067139906.01	82.47	6.4981,0.3597,4.6792,0.1383,6.5167
sec_contact_sym_mig	Round_1_Replicate_4	-6851.57	13713.14	2321461415.93	125.51	1.28,0.7741,4.2526,0.5437,0.2723
sec_contact_sym_mig	Round_1_Replicate_5	-2554.64	5119.28	278316.84	92.74	2.6049,0.1955,0.7126,0.2024,2.1027
sec_contact_sym_mig	Round_1_Replicate_6	-3786.94	7583.88	1672588.53	107.41	0.3741,7.9035,1.4638,0.4586,1.4103
sec_contact_sym_mig	Round_1_Replicate_7	-10420.86	20851.72	3369085302531.66	79.94	2.7611,5.4329,4.524,0.1559,0.4147
sec_contact_sym_mig	Round_1_Replicate_8	-8742.58	17495.16	106544621069.99	45.92	1.5656,5.0609,3.7907,4.5665,0.4954
sec_contact_sym_mig	Round_1_Replicate_9	-2878.68	5767.36	289648.17	48.11	1.3715,3.9217,0.4078,5.1626,2.3987
sec_contact_sym_mig	Round_1_Replicate_10	-5718.54	11447.08	171564165.25	127.19	0.5987,1.3303,3.375,1.2184,0.9596
sec_contact_sym_mig	Round_2_Replicate_1	-4286.0	8582.0	12430093.76	69.93	6.8496,0.1907,1.7125,0.2487,8.5967
sec_contact_sym_mig	Round_2_Replicate_2	-3711.3	7432.6	3383948.73	126.4	1.2635,0.4449,1.5005,0.1228,2.153
sec_contact_sym_mig	Round_2_Replicate_3	-4951.21	9912.42	52969948.21	77.4	5.3489,0.2616,2.18,0.1426,6.3195
sec_contact_sym_mig	Round_2_Replicate_4	-1241.86	2493.72	10131.48	134.81	1.1872,0.0926,0.4541,0.1568,5.616
sec_contact_sym_mig	Round_2_Replicate_5	-1353.86	2717.72	13745.49	114.04	1.7728,0.1183,0.3567,0.5984,1.1549
sec_contact_sym_mig	Round_2_Replicate_6	-3048.48	6106.96	872695.76	137.67	1.8373,0.114,1.5729,0.2647,4.6307
sec_contact_sym_mig	Round_2_Replicate_7	-2612.98	5235.96	311641.28	108.65	2.998,0.1608,0.7817,0.1106,0.5383
sec_contact_sym_mig	Round_2_Replicate_8	-3748.17	7506.34	4112886.44	88.89	3.5163,0.2387,1.2987,0.361,1.1559
sec_contact_sym_mig	Round_2_Replicate_9	-2075.95	4161.9	73422.92	87.74	4.2594,0.1005,0.4338,0.0667,0.7973
sec_contact_sym_mig	Round_2_Replicate_10	-2664.75	5339.5	349770.71	52.19	5.2798,0.2658,0.4531,0.1119,4.6036
sec_contact_sym_mig	Round_3_Replicate_1	-716.38	1442.76	2725.13	104.46	1.2522,0.051,0.2023,0.1101,24.1097
sec_contact_sym_mig	Round_3_Replicate_2	-2086.07	4182.14	86664.09	111.57	1.8356,0.102,0.7095,0.1625,14.5226
sec_contact_sym_mig	Round_3_Replicate_3	-492.12	994.24	1307.53	106.4	1.482,0.1115,0.0723,0.1272,2.7826
sec_contact_sym_mig	Round_3_Replicate_4	-389.89	789.78	604.99	133.55	1.0298,0.2468,0.0817,0.0814,2.0895
sec_contact_sym_mig	Round_3_Replicate_5	-2481.7	4973.4	177985.32	136.85	2.2768,0.0267,1.4288,0.0469,22.245
sec_contact_sym_mig	Round_4_Replicate_1	-251.33	512.6600000000001	270.6	168.25	0.5109,0.2231,0.0831,0.1324,2.7729
sec_contact_sym_mig	Round_4_Replicate_2	-350.98	711.96	722.77	88.69	1.5196,0.2381,0.0345,0.3371,3.8744
sec_contact_sym_mig	Round_4_Replicate_3	-428.54	867.08	1002.95	143.4	1.025,0.2225,0.0263,0.4128,1.1638
sec_contact_sym_mig	Round_4_Replicate_4	-305.11	620.22	535.8	132.67	0.8697,0.2454,0.0387,0.539,2.1948
sec_contact_sym_mig	Round_4_Replicate_5	-251.26	512.52	263.99	130.88	0.6788,0.285,0.0667,0.1079,3.8639
Model	Replicate	log-likelihood	AIC	chi-squared	theta	optimized_params(nu1, nu2, m, T1, T2)
sec_contact_sym_mig	Round_1_Replicate_1	-1899.23	3808.46	57053.58	197.85	0.7875,0.153,1.065,2.8519,6.6778
sec_contact_sym_mig	Round_1_Replicate_2	-2902.5	5815.0	619759.54	47.42	3.3535,0.4552,0.5319,7.0822,2.3742
sec_contact_sym_mig	Round_1_Replicate_3	-1150.1	2310.2	2793.72	163.27	0.1915,1.4791,0.2593,0.1237,1.7721
sec_contact_sym_mig	Round_1_Replicate_4	-3506.82	7023.64	2202337.47	67.31	2.4351,0.7775,0.737,0.993,4.797
sec_contact_sym_mig	Round_1_Replicate_5	-5334.17	10678.34	86113656.16	77.26	2.5731,2.9516,0.7463,0.3533,0.5999
sec_contact_sym_mig	Round_1_Replicate_6	-2306.29	4622.58	108288.27	87.45	5.4296,0.4602,0.2228,0.3027,0.1732
sec_contact_sym_mig	Round_1_Replicate_7	-1194.54	2399.08	8808.65	81.82	1.8651,1.1127,0.3056,1.9966,0.2307
sec_contact_sym_mig	Round_1_Replicate_8	-3661.92	7333.84	2994254.75	78.29	5.6701,0.4951,0.6765,0.1427,0.5371
sec_contact_sym_mig	Round_1_Replicate_9	-1282.14	2574.28	3980.11	187.45	0.2062,1.7698,0.2328,0.158,0.5467
sec_contact_sym_mig	Round_1_Replicate_10	-5235.53	10481.06	57110228.34	62.09	1.0904,3.414,1.3865,1.189,7.0786
sec_contact_sym_mig	Round_2_Replicate_1	-611.75	1233.5	1039.45	194.62	0.3845,0.5243,0.2904,0.499,1.2756
sec_contact_sym_mig	Round_2_Replicate_2	-958.06	1926.12	2293.82	103.07	0.4797,1.4585,0.2229,0.0435,6.2299
sec_contact_sym_mig	Round_2_Replicate_3	-378.26	766.52	389.54	223.7	0.3271,0.4142,0.1312,0.3008,1.0335
sec_contact_sym_mig	Round_2_Replicate_4	-1280.45	2570.9	3989.67	140.41	0.2938,3.2894,0.0846,0.0904,0.8864
sec_contact_sym_mig	Round_2_Replicate_5	-1298.7	2607.4	4658.53	145.91	0.3347,2.381,0.2031,0.419,0.6186
sec_contact_sym_mig	Round_2_Replicate_6	-545.67	1101.34	713.58	277.71	0.1352,0.3829,0.3228,0.033,2.5542
sec_contact_sym_mig	Round_2_Replicate_7	-330.83	671.66	339.83	138.91	0.3424,0.4422,0.1157,0.0483,6.9537
sec_contact_sym_mig	Round_2_Replicate_8	-629.75	1269.5	952.29	196.74	0.1615,0.6258,0.2048,0.0776,3.4109
sec_contact_sym_mig	Round_2_Replicate_9	-1304.17	2618.34	3567.96	210.89	0.1118,1.0941,0.4494,0.2045,1.5042
sec_contact_sym_mig	Round_2_Replicate_10	-553.68	1117.36	912.01	172.97	0.5463,0.603,0.1394,0.0437,1.2904
sec_contact_sym_mig	Round_3_Replicate_1	-255.9	521.8	247.18	181.4	0.5121,0.2178,0.1009,0.0868,2.3095
sec_contact_sym_mig	Round_3_Replicate_2	-430.83	871.66	460.73	207.07	0.3101,0.4676,0.1958,0.1046,1.915
sec_contact_sym_mig	Round_3_Replicate_3	-628.17	1266.34	1224.84	125.1	0.4675,1.3348,0.0243,0.0149,2.43
sec_contact_sym_mig	Round_3_Replicate_4	-1119.94	2249.88	4343.7	90.52	0.7058,1.4497,0.2549,0.0201,7.5407
sec_contact_sym_mig	Round_3_Replicate_5	-328.09	666.18	379.87	276.03	0.1494,0.1717,0.2568,0.029,18.5674
sec_contact_sym_mig	Round_4_Replicate_1	-243.53	497.06	240.98	173.09	0.4766,0.1956,0.1041,0.0675,3.1435
sec_contact_sym_mig	Round_4_Replicate_2	-240.84	491.68	230.37	157.54	0.5151,0.1939,0.1095,0.0761,4.0207
sec_contact_sym_mig	Round_4_Replicate_3	-239.43	488.86	224.96	243.12	0.2979,0.1152,0.194,0.1387,2.8555
sec_contact_sym_mig	Round_4_Replicate_4	-250.26	510.52	236.39	102.61	0.84,0.3916,0.0568,0.0379,5.501
sec_contact_sym_mig	Round_4_Replicate_5	-248.38	506.76	241.45	280.62	0.2995,0.1353,0.157,0.0887,1.2107
